0 1
0 2
0 3
1 2
1 3
2 3
3 4
3 5
3 6
3 17
3 19
4 5
4 7
4 24
5 6
5 7
5 8
5 9
6 9
6 19
6 21
6 23
7 8
7 24
8 9
8 24
9 21
9 23
9 24
10 11
10 14
10 43
10 455
10 464
10 490
10 491
11 14
11 18
11 28
11 43
12 13
12 17
12 425
12 429
12 445
13 14
13 15
13 17
13 19
13 445
13 452
13 455
14 15
14 18
14 19
14 455
15 19
16 18
16 21
16 25
16 26
17 19
18 19
18 20
18 21
18 26
18 28
19 20
19 21
21 22
21 23
21 24
21 25
22 23
25 26
25 27
25 30
25 31
25 32
25 57
26 27
26 28
26 29
26 30
28 29
28 42
28 43
28 48
29 30
29 31
29 48
29 49
30 31
31 49
31 57
32 33
32 36
32 45
32 55
32 57
33 35
33 36
33 37
33 45
34 35
34 37
34 46
34 47
35 37
35 45
35 46
36 37
38 39
38 41
38 43
38 520
39 41
39 66
39 88
39 520
40 41
40 42
41 42
41 43
41 48
41 66
42 43
42 48
43 491
43 520
43 521
44 45
44 46
44 47
45 46
45 55
45 78
45 79
45 83
46 47
48 49
48 50
48 65
48 66
48 67
48 68
49 50
49 57
49 59
50 59
50 60
50 68
51 52
51 54
51 57
52 53
52 54
52 55
52 57
53 54
53 55
53 71
54 57
54 59
54 60
54 61
54 71
54 72
55 56
55 57
55 71
55 73
55 74
55 76
55 79
55 84
55 89
56 62
56 66
56 73
56 88
56 89
57 59
58 60
58 61
58 62
58 68
59 60
60 61
60 68
61 62
61 72
61 73
61 75
62 66
62 68
62 69
62 73
63 64
63 65
63 67
63 69
63 70
64 65
64 66
64 70
65 66
65 67
66 69
66 70
66 88
67 68
67 69
68 69
69 70
71 72
71 74
71 77
72 75
72 77
73 75
73 76
74 76
74 77
75 76
75 77
76 77
78 79
78 82
78 83
79 81
79 82
79 83
79 84
79 86
80 81
80 83
80 86
80 87
81 83
81 86
82 83
84 85
84 86
85 86
85 87
86 87
88 89
88 90
88 92
88 94
88 140
88 156
88 520
89 90
90 140
91 92
91 93
91 94
92 93
92 94
92 96
92 156
92 161
93 94
93 95
93 96
94 95
94 520
94 529
94 531
95 96
95 97
95 98
95 222
95 224
95 354
95 356
95 531
95 533
96 97
96 133
96 134
96 158
96 159
96 160
96 161
96 163
97 98
97 111
97 115
97 121
97 132
97 133
97 362
97 364
98 356
98 362
99 100
99 102
99 108
99 110
100 101
100 102
100 103
100 108
100 109
101 102
101 103
101 104
101 113
101 115
102 104
102 110
103 109
103 115
103 366
103 373
103 374
104 110
104 113
104 123
104 124
105 106
105 108
105 110
105 122
105 123
105 124
106 107
106 108
106 109
106 122
106 371
106 373
107 108
107 109
108 109
108 110
109 373
110 124
111 112
111 114
111 115
111 129
111 132
112 113
112 114
112 115
113 114
113 115
113 123
114 123
114 125
114 126
114 129
115 342
115 345
115 346
115 347
115 363
115 364
115 366
116 118
116 119
116 120
116 132
116 145
116 146
116 147
117 120
117 121
117 133
117 136
117 152
118 119
118 121
118 132
119 120
119 121
120 121
120 144
120 147
120 152
121 132
121 133
122 123
122 127
123 124
123 125
123 127
125 126
125 127
126 127
126 129
126 131
126 166
128 129
128 131
128 132
128 145
129 131
129 132
130 131
130 145
130 146
130 166
131 145
131 166
132 145
133 134
133 136
134 135
134 136
134 150
134 153
134 155
134 163
135 153
135 154
135 155
136 152
136 153
137 138
137 139
137 141
137 142
137 156
138 139
138 140
138 141
138 142
139 156
140 142
140 156
141 142
142 156
143 144
143 148
143 151
143 165
144 146
144 147
144 148
144 151
144 152
145 146
146 147
146 148
146 149
146 166
148 149
148 164
148 165
148 166
149 166
150 154
150 155
150 162
150 163
150 164
150 165
151 152
151 153
151 154
151 165
152 153
153 154
154 155
154 165
156 160
156 161
157 158
157 159
158 159
159 160
160 161
162 163
162 164
164 165
164 166
167 168
167 170
167 175
167 176
167 200
167 201
167 663
168 169
168 170
168 171
168 172
168 180
168 663
168 679
169 170
169 171
169 173
169 185
170 183
170 185
170 200
171 172
171 173
172 173
172 174
172 180
173 174
173 185
173 186
174 180
174 181
174 186
174 188
175 176
175 178
175 201
176 177
176 178
176 663
176 935
177 178
177 195
177 196
177 197
177 202
177 203
177 210
177 211
177 935
178 201
178 202
178 203
178 204
179 180
179 207
179 208
179 217
180 181
180 182
180 207
180 216
180 217
180 679
181 182
181 188
181 216
182 216
183 184
183 185
183 186
183 188
183 199
183 200
184 187
184 188
184 199
184 239
184 241
185 186
186 188
187 188
187 215
187 241
188 215
188 216
189 190
189 191
189 207
189 225
189 501
189 506
189 507
190 191
190 225
191 192
191 193
191 207
191 209
191 225
192 193
192 206
192 209
192 224
192 225
192 264
192 278
193 206
193 209
194 195
194 196
194 197
194 226
194 227
194 228
194 230
195 196
195 197
196 202
196 227
197 211
197 220
197 230
198 199
198 200
198 201
198 205
198 234
198 235
198 243
198 244
199 200
199 239
199 243
200 201
201 204
201 205
202 203
202 205
202 227
202 228
202 229
202 235
202 237
202 238
202 269
203 204
203 205
204 205
205 235
206 209
206 247
206 264
207 208
207 209
207 506
207 507
207 679
208 209
208 217
208 251
209 247
209 251
210 211
210 212
210 219
210 935
211 218
211 219
211 220
212 213
212 219
212 221
212 935
212 936
212 937
213 218
213 221
213 230
213 231
213 233
213 256
213 258
213 329
213 937
214 215
214 241
214 242
214 252
214 253
215 216
215 217
215 241
215 252
216 217
217 248
217 251
217 252
218 219
218 220
218 221
218 232
218 233
219 221
220 230
220 232
222 223
222 224
222 225
222 509
222 525
222 533
224 225
224 278
224 280
224 282
224 300
224 335
224 336
224 337
224 339
224 354
224 355
225 501
225 509
226 228
226 229
226 230
226 257
226 259
227 228
228 229
229 257
229 269
229 289
230 231
230 232
230 233
230 259
231 256
231 259
232 233
234 235
234 236
234 244
235 236
235 237
236 237
236 244
237 238
237 244
238 244
238 267
238 269
239 240
239 241
239 243
239 245
240 241
240 242
240 245
240 246
240 254
240 272
240 273
240 288
240 294
241 242
242 253
242 254
243 244
243 245
244 245
244 246
244 267
245 246
246 267
246 268
246 288
246 294
247 249
247 251
247 264
248 249
248 250
248 251
248 252
248 255
249 250
249 251
249 260
249 264
249 265
250 255
250 260
250 262
252 253
252 255
253 254
253 255
254 255
254 262
254 271
254 272
255 262
256 257
256 258
256 259
257 258
257 259
257 289
258 289
258 292
258 329
260 261
260 262
260 263
260 265
261 263
261 264
261 265
261 274
261 275
261 276
262 263
262 271
263 271
263 276
263 314
264 265
264 275
264 278
266 267
266 268
266 289
266 290
266 291
266 294
267 268
267 269
267 289
268 294
269 289
270 271
270 272
270 273
270 285
270 288
271 272
271 276
271 285
271 302
271 306
271 314
272 273
273 288
274 275
274 276
274 277
274 280
274 298
275 278
275 279
275 280
276 277
276 314
276 315
276 318
276 319
277 298
277 301
277 318
277 320
278 279
278 280
279 280
280 281
280 282
280 298
281 282
281 298
282 283
282 298
282 300
283 298
283 299
283 300
284 286
284 288
284 294
284 295
285 286
285 287
285 288
285 302
286 287
286 288
286 295
286 302
286 303
286 304
287 302
288 294
289 290
289 292
290 291
290 292
291 292
291 293
291 294
291 309
291 311
292 311
292 325
292 326
292 329
293 294
293 296
293 297
293 308
293 309
293 312
294 295
294 296
295 296
295 297
295 303
295 308
295 310
296 297
297 308
297 310
298 299
298 301
299 300
299 301
299 335
299 348
300 335
301 320
301 346
301 348
302 304
302 305
302 306
303 304
303 305
303 310
304 305
305 306
305 310
305 313
306 307
306 313
306 314
306 317
306 323
306 350
306 352
306 379
306 380
307 350
307 357
307 380
308 310
308 312
309 311
309 312
310 312
310 313
311 312
311 313
311 322
311 326
312 313
313 322
313 323
313 324
313 326
314 315
314 316
314 317
315 316
315 319
315 343
316 317
316 343
316 344
317 344
317 351
317 352
318 319
318 320
318 321
318 340
319 321
319 343
320 340
320 346
320 348
321 340
321 341
321 343
322 324
322 325
322 326
322 331
322 332
323 324
323 379
324 332
324 334
324 379
325 326
325 329
325 331
327 328
327 329
327 330
327 331
327 332
327 333
328 329
328 330
329 330
329 331
329 333
329 334
329 370
330 331
331 332
332 333
332 334
333 334
334 370
334 379
335 337
335 338
335 347
335 348
336 337
336 339
337 338
337 339
338 339
338 347
338 353
338 365
339 353
339 355
340 341
340 342
340 346
341 342
341 343
341 344
342 344
342 346
342 351
342 366
343 344
344 351
345 347
345 363
345 365
346 347
346 348
347 348
347 365
349 350
349 351
349 352
349 357
349 366
350 352
350 357
350 380
351 352
351 366
353 355
353 365
354 355
354 356
355 356
355 362
355 365
356 362
357 358
357 359
357 366
357 380
358 359
358 360
358 361
358 367
358 368
358 380
359 360
359 366
360 361
360 366
360 368
361 368
362 364
362 365
363 364
363 365
364 365
366 368
366 374
367 368
367 369
367 376
367 377
367 378
367 380
368 369
368 374
369 374
369 377
370 371
370 372
370 379
371 372
371 373
371 375
371 376
372 375
372 379
373 374
373 376
374 376
374 377
375 376
375 378
375 379
375 380
376 377
376 378
378 380
379 380
381 382
381 383
381 384
381 385
381 386
382 383
382 386
383 384
383 386
383 394
384 385
384 394
385 386
385 388
385 394
386 388
386 394
386 413
386 421
386 541
386 545
386 570
387 390
387 391
387 392
387 393
387 394
387 396
388 389
388 390
388 393
388 394
388 396
388 541
389 390
389 393
390 393
390 396
391 392
391 394
391 400
392 396
392 399
392 400
393 394
393 395
394 395
394 400
394 404
394 421
396 397
396 399
396 541
396 542
396 558
397 398
397 399
397 558
398 399
398 400
398 401
398 405
398 407
398 558
399 400
400 401
400 402
400 403
400 404
401 402
401 405
402 403
402 405
403 404
403 405
403 420
403 450
404 420
404 421
405 407
405 409
405 450
406 407
406 408
406 410
406 415
406 416
406 417
406 418
406 433
406 556
406 563
407 409
407 410
407 556
407 558
408 409
408 410
408 417
408 450
409 410
409 450
411 412
411 414
411 425
411 426
412 413
412 414
412 421
412 426
413 414
413 421
413 425
414 425
415 416
415 417
415 418
415 450
416 433
416 450
417 418
417 450
419 420
419 422
419 436
419 446
420 421
420 422
420 436
420 450
421 422
421 426
422 424
422 426
422 430
422 431
422 446
423 424
423 425
423 426
423 427
424 425
424 426
424 429
424 430
424 431
425 426
425 427
425 429
425 430
426 427
428 429
428 430
428 444
429 430
429 444
429 445
430 431
430 444
430 445
430 446
432 433
432 434
432 435
432 448
432 449
432 451
432 468
432 561
432 626
433 434
433 449
433 450
433 563
434 435
434 563
435 561
435 563
436 439
436 446
436 450
437 438
437 439
437 441
437 443
437 446
438 439
438 441
438 460
438 466
439 446
439 450
439 460
440 441
440 443
440 445
440 452
440 453
440 454
441 442
441 443
441 454
441 455
441 466
442 455
442 466
442 467
443 445
443 446
444 445
445 446
445 452
447 448
447 468
447 469
447 470
447 480
448 449
448 450
448 451
448 468
448 480
448 481
449 450
449 451
450 456
450 460
450 461
450 481
452 453
452 455
453 454
453 455
454 455
455 463
455 464
455 467
456 457
456 459
456 461
456 473
456 475
456 481
456 497
457 458
457 459
457 461
457 473
457 476
458 461
458 466
458 476
459 473
460 461
460 466
461 466
462 463
462 465
462 466
462 467
462 473
462 476
463 464
463 465
463 467
464 465
464 490
464 492
465 473
465 474
465 492
466 467
466 476
468 469
468 626
469 470
469 471
469 486
469 626
469 648
470 471
470 472
470 480
471 472
471 486
471 487
471 648
472 477
472 478
472 480
472 487
473 474
473 475
473 476
474 475
474 492
474 497
475 497
477 478
477 480
477 481
477 483
477 488
477 489
477 497
477 502
477 511
477 515
478 487
478 488
479 480
479 481
479 482
479 483
480 481
480 483
481 482
481 483
481 497
482 483
484 485
484 487
484 489
484 504
484 505
485 486
485 487
485 505
486 487
486 504
486 505
486 648
487 488
487 489
488 489
489 502
489 504
490 491
490 492
490 493
491 493
491 494
491 521
492 493
492 495
492 497
493 494
493 495
494 495
494 497
494 499
494 521
494 523
494 526
495 496
495 497
495 499
496 497
496 498
496 499
497 498
497 499
497 515
497 526
500 501
500 502
500 503
500 509
500 511
500 512
500 513
501 502
501 503
501 504
501 506
501 509
502 503
502 504
502 511
502 513
504 505
504 506
504 646
504 648
504 675
506 507
506 675
506 679
506 680
508 511
508 512
508 513
509 510
509 511
509 525
510 511
510 525
511 512
511 513
511 515
511 517
511 518
511 519
511 525
512 513
514 515
514 516
514 517
514 519
515 516
515 518
515 519
515 526
516 517
516 525
516 526
517 519
517 525
518 519
520 521
520 529
521 522
521 523
521 529
522 523
523 526
523 527
523 529
523 534
524 525
524 526
524 528
525 526
525 528
525 533
526 527
526 528
527 528
527 534
528 532
528 533
528 534
529 530
529 531
529 534
531 533
531 534
532 533
532 534
533 534
535 536
535 537
535 538
535 568
535 570
536 537
536 570
536 576
537 538
537 552
537 576
538 539
538 540
538 551
538 552
538 568
538 569
538 570
539 540
539 543
539 551
539 567
539 568
539 569
540 569
541 542
541 545
541 546
542 546
542 547
542 558
543 544
543 548
543 549
543 551
543 567
544 545
544 546
544 547
544 548
544 566
544 567
545 546
545 566
545 570
546 547
547 548
547 549
547 550
547 553
547 558
548 549
549 551
549 553
550 552
550 553
550 558
551 552
551 553
552 553
552 554
552 558
552 576
552 578
554 557
554 558
554 560
554 563
554 577
554 578
554 608
555 556
555 557
556 557
556 558
556 563
557 558
557 563
558 559
560 563
560 564
560 608
560 628
561 562
561 563
561 564
561 626
561 627
561 628
562 563
562 564
563 564
564 628
565 566
565 567
565 568
565 570
566 567
566 570
567 568
568 569
568 570
571 573
571 574
571 580
571 708
572 573
572 574
572 575
572 576
572 709
573 574
573 708
573 709
574 576
574 577
574 578
574 580
575 576
576 578
576 692
576 694
576 709
577 578
577 580
577 585
577 588
577 608
579 580
579 581
579 708
580 581
580 582
580 585
580 590
580 708
582 583
582 585
582 589
582 590
582 592
582 601
583 584
583 585
583 586
583 587
583 601
584 586
584 588
584 601
584 605
584 606
585 586
585 587
585 588
586 587
586 588
588 606
588 608
589 590
590 592
590 594
590 597
590 598
590 706
590 708
590 711
590 712
590 713
591 592
591 599
591 600
591 609
591 611
592 598
592 599
592 601
592 611
592 612
593 594
593 596
593 614
593 615
593 616
594 595
594 596
594 597
594 612
594 615
594 712
595 596
595 712
595 723
595 724
595 725
596 614
596 723
596 742
596 746
597 598
597 612
598 612
599 600
599 601
599 602
600 602
600 609
600 610
601 602
601 603
601 605
602 603
602 610
602 618
602 622
602 625
603 605
603 622
604 606
604 607
604 608
605 606
605 607
605 622
606 607
606 608
607 608
607 622
608 622
608 626
608 628
608 629
609 610
609 611
610 611
610 618
610 619
611 612
611 619
612 613
612 615
612 617
612 619
613 615
613 616
613 617
613 632
614 616
614 632
614 633
614 742
614 760
614 779
615 616
616 632
616 633
617 619
617 621
617 632
617 638
618 619
618 620
618 621
618 625
619 621
620 621
620 625
621 625
621 638
622 623
622 624
622 625
622 629
623 624
623 629
624 625
624 629
624 630
625 630
625 631
625 637
625 638
625 650
625 656
626 627
626 628
626 629
626 631
626 648
627 628
629 630
629 631
630 631
631 648
631 650
632 633
632 634
632 635
632 636
632 638
632 779
632 781
634 635
634 636
635 636
635 643
635 781
636 637
636 638
636 643
636 661
637 638
637 656
637 661
639 640
639 642
639 645
639 885
640 641
640 642
640 644
640 645
641 642
641 643
641 644
641 781
641 885
642 885
643 644
643 661
643 781
644 645
644 661
645 661
645 885
645 934
646 647
646 648
646 649
646 651
646 654
646 655
646 671
646 675
647 648
647 649
648 649
648 650
648 651
650 651
650 656
651 652
651 655
651 656
652 653
652 655
652 656
652 664
653 654
653 655
653 664
653 672
653 673
654 655
654 671
654 672
656 657
656 658
656 659
656 661
656 664
656 665
657 658
657 659
657 662
657 663
658 663
658 665
658 667
659 661
659 662
660 661
660 662
660 663
661 662
661 663
661 934
662 663
663 667
663 668
663 669
663 678
663 679
663 934
663 935
664 665
664 666
664 670
664 673
665 666
665 667
665 668
665 669
666 668
666 669
666 670
666 677
666 678
667 668
668 669
669 678
670 673
670 676
670 677
671 672
671 675
672 673
672 674
672 675
673 674
673 676
674 675
674 676
675 676
675 680
676 677
676 679
676 680
677 678
677 679
678 679
679 680
681 682
681 683
681 686
681 687
681 695
681 696
681 703
682 683
682 684
682 685
682 686
683 685
683 695
684 685
684 690
684 692
684 695
685 695
686 687
686 688
686 689
686 703
686 798
687 689
687 703
688 689
688 703
689 703
690 691
690 692
690 693
690 694
690 695
690 710
691 693
691 695
691 698
692 694
693 698
693 706
693 710
694 709
694 710
695 696
695 697
695 698
695 699
696 697
696 703
697 699
697 703
697 715
697 716
698 699
698 706
698 714
699 714
699 716
700 701
700 702
700 705
700 715
701 702
701 703
701 705
701 721
701 730
702 711
702 713
702 715
702 717
702 720
702 721
703 704
703 705
703 715
703 730
703 798
704 705
704 715
705 715
706 707
706 708
706 710
706 713
706 714
706 715
707 708
707 710
708 709
708 710
709 710
711 712
711 713
711 717
712 717
712 724
712 726
713 715
714 715
714 716
715 716
717 718
717 719
717 720
717 722
717 726
718 719
718 726
718 727
719 721
719 722
719 727
719 735
720 721
720 722
721 722
721 730
721 732
721 735
723 724
723 725
723 746
724 725
724 726
724 727
724 743
724 746
726 727
727 735
727 743
728 729
728 730
728 731
728 732
728 800
728 801
728 809
729 730
729 731
730 731
730 732
730 798
730 801
732 733
732 734
732 735
732 736
732 740
732 809
732 813
733 734
733 735
734 735
734 736
735 736
735 738
735 743
736 738
736 740
737 738
737 739
737 740
737 744
737 745
737 750
737 813
738 740
738 743
738 745
739 740
740 745
740 813
741 742
741 744
741 745
741 746
742 744
742 746
742 751
742 753
742 755
742 760
743 745
743 746
744 745
744 750
744 751
744 752
745 746
747 748
747 752
747 754
747 757
747 762
747 815
747 816
748 749
748 750
748 752
748 815
749 750
749 815
750 752
750 813
750 814
750 815
751 752
751 755
752 754
752 755
753 754
753 755
753 757
753 760
754 755
754 757
756 758
756 761
756 763
756 770
756 773
757 758
757 759
757 760
757 761
757 762
758 759
758 761
758 763
758 769
758 773
759 760
759 769
760 767
760 768
760 769
760 779
761 762
761 763
762 763
762 816
763 764
763 770
763 816
764 770
764 786
764 787
764 816
765 766
765 767
765 773
765 779
766 771
766 773
766 775
766 776
766 779
767 768
767 773
767 779
768 769
768 773
769 773
770 772
770 773
770 784
770 786
771 773
771 774
771 776
772 773
772 774
772 784
773 774
774 776
774 780
774 782
774 784
775 776
775 777
775 779
775 780
776 780
777 778
777 779
777 780
778 779
778 780
778 781
779 781
780 781
780 782
780 783
781 783
781 785
781 858
781 860
781 885
782 783
782 784
782 785
783 785
784 785
784 786
785 786
785 787
785 848
785 850
785 851
785 852
785 860
786 787
787 816
787 846
787 848
788 789
788 790
788 791
788 793
788 800
789 791
789 800
789 808
789 810
790 792
790 793
790 800
790 801
791 792
791 793
791 796
791 808
791 809
792 793
792 795
792 796
792 800
792 809
793 794
793 795
793 796
794 795
794 796
795 796
797 798
797 799
797 800
798 799
798 801
799 800
799 801
800 801
800 809
802 803
802 804
802 810
803 804
803 805
803 806
803 810
803 811
804 806
804 807
805 806
806 807
806 811
807 811
807 824
808 809
808 810
808 811
808 812
808 815
809 813
809 815
810 811
811 812
811 823
811 824
812 815
812 816
812 819
812 823
813 814
813 815
814 815
815 816
815 817
815 818
816 817
816 818
816 819
816 833
816 846
816 862
816 863
817 818
819 820
819 823
819 833
820 821
820 822
820 823
820 833
821 822
821 827
822 825
822 827
822 833
823 824
825 826
825 827
825 833
826 827
826 828
826 829
826 833
828 829
829 833
830 831
830 832
830 833
830 838
830 840
830 842
830 843
830 862
831 832
831 836
831 838
832 833
832 835
832 836
833 862
834 836
834 837
834 838
835 836
835 837
835 842
836 837
836 838
837 838
837 842
838 842
839 840
839 841
840 841
840 842
840 843
840 862
840 863
840 864
841 843
842 843
844 845
844 846
844 849
844 866
844 869
845 847
845 848
845 849
845 852
845 854
845 869
845 877
846 848
846 849
846 861
846 863
846 866
846 880
846 882
846 883
846 889
847 848
847 849
848 849
848 852
850 851
850 852
851 852
851 853
851 854
851 856
851 860
852 854
853 854
853 856
853 858
853 872
854 872
854 873
854 877
855 856
855 857
855 858
855 859
855 860
856 858
856 860
857 858
857 859
857 860
858 860
858 872
858 885
858 898
858 901
859 860
861 863
861 864
861 865
861 889
862 863
863 864
863 865
864 865
864 889
864 890
864 891
864 892
864 915
864 916
866 867
866 868
866 869
866 880
866 881
867 868
867 869
867 878
868 878
868 881
868 894
868 896
869 877
869 878
870 871
870 874
870 898
870 900
870 908
871 873
871 874
871 876
871 908
871 910
872 873
872 874
872 898
873 874
873 876
873 877
874 898
875 876
875 878
875 879
875 896
876 877
876 879
876 896
876 897
876 906
876 910
877 878
877 879
878 879
878 896
880 881
880 883
880 911
880 912
880 913
881 893
881 894
881 895
881 911
882 883
882 889
882 890
883 890
883 892
883 912
884 885
884 887
885 886
885 887
885 888
885 901
885 934
886 887
886 920
886 921
886 934
887 888
887 921
888 901
888 921
889 890
889 891
890 891
890 892
892 912
892 915
893 895
893 902
893 903
893 911
894 895
894 896
894 904
894 905
895 903
895 904
896 897
896 905
897 905
897 906
898 899
898 900
898 901
898 907
899 901
899 907
900 907
900 908
901 907
901 921
901 924
901 925
902 903
902 904
902 911
902 914
902 916
902 917
903 904
903 911
904 905
904 916
904 928
905 906
905 928
906 910
906 928
907 908
907 909
907 922
907 923
907 924
908 909
908 910
909 910
909 922
909 927
909 929
910 928
910 929
911 913
911 914
912 913
912 914
912 915
913 914
914 915
914 917
915 916
915 917
916 917
916 927
916 928
916 937
918 919
918 920
918 934
919 920
919 921
919 925
919 934
919 938
920 921
920 934
921 925
922 923
922 927
922 930
922 931
923 924
923 925
923 931
924 925
925 931
925 932
925 933
925 938
926 927
926 928
926 929
927 928
927 929
927 930
927 932
927 937
928 929
930 931
930 932
931 932
932 933
932 937
932 938
933 938
934 935
934 938
935 936
935 938
936 937
936 938
937 938
