0 1
0 2
0 4
0 12
0 20
0 22
0 39
1 2
1 3
1 4
2 4
3 4
3 7
3 14
4 10
4 12
4 14
5 6
5 7
5 8
5 28
5 29
6 8
6 9
6 27
6 29
6 45
7 8
7 14
7 28
8 9
8 10
8 11
8 14
9 11
9 21
9 45
10 11
10 12
10 13
10 14
11 13
11 21
12 13
12 22
13 20
13 21
13 22
13 23
15 16
15 18
15 19
15 31
15 32
15 33
15 42
16 18
16 19
17 18
17 19
17 35
18 19
19 33
19 35
20 21
20 22
20 23
20 36
20 39
20 50
20 51
20 52
21 24
21 45
21 47
21 50
22 23
24 47
24 50
24 73
24 77
25 26
25 27
25 29
25 30
26 27
26 30
26 59
26 60
26 61
26 62
26 232
27 29
27 45
27 48
27 61
28 29
28 30
28 189
28 222
28 232
29 30
30 232
31 32
31 42
32 33
32 34
32 42
32 64
32 65
32 66
32 67
33 34
33 35
34 35
34 66
34 67
35 39
35 54
35 65
35 67
36 37
36 39
36 40
36 52
37 40
37 51
37 52
37 53
37 69
37 72
38 40
38 57
38 72
38 86
39 40
39 54
39 57
40 57
40 72
41 42
41 43
42 43
42 44
42 64
42 1489
43 44
43 1489
44 64
44 1489
44 1491
45 47
45 48
46 48
46 80
46 81
47 48
47 77
47 80
47 82
48 61
48 80
48 81
49 50
49 51
49 53
49 73
50 51
50 73
51 52
51 53
53 69
53 70
53 73
53 74
54 55
54 56
54 57
54 58
54 65
54 86
54 97
54 98
55 57
55 58
56 57
56 58
56 86
57 58
57 86
59 60
60 61
60 62
60 63
61 63
61 81
62 63
62 89
62 90
62 230
62 232
63 81
63 82
63 89
64 65
64 98
64 99
64 140
64 150
64 1491
64 1503
65 67
65 98
66 67
68 69
68 70
68 72
68 87
68 88
69 70
69 72
70 71
70 74
70 76
70 87
71 76
71 85
71 87
71 101
71 102
72 86
72 87
72 88
73 74
73 77
74 76
74 77
75 76
75 101
75 103
75 105
75 109
75 122
75 123
75 124
76 77
76 101
76 109
77 78
77 82
77 83
77 109
78 79
78 83
78 109
79 83
79 93
79 94
79 106
79 109
80 81
80 82
81 82
82 83
82 89
83 89
83 93
84 85
84 100
84 130
85 87
85 96
85 97
85 100
85 102
85 130
86 87
86 97
87 88
87 97
89 90
89 93
90 91
90 92
90 93
90 94
90 230
91 92
92 94
92 230
92 231
93 94
94 106
94 115
94 116
94 121
94 131
94 132
94 231
95 96
95 97
95 99
95 130
95 148
96 97
96 130
97 98
97 99
98 99
99 140
99 148
100 102
100 104
100 110
100 130
101 102
101 103
102 103
102 104
103 104
103 113
103 124
104 110
104 111
104 113
105 106
105 107
105 108
105 109
105 122
106 108
106 109
106 131
106 141
107 108
107 122
107 126
107 141
107 145
108 141
110 111
110 127
110 130
111 112
111 113
111 127
112 113
112 114
112 127
112 129
113 114
113 123
113 124
114 123
114 125
114 129
115 116
115 117
115 119
115 120
115 121
116 119
116 132
117 118
117 120
117 121
117 231
117 257
118 120
118 257
118 258
119 120
119 132
119 159
119 171
119 258
120 258
121 231
122 123
122 126
123 124
123 125
123 126
125 126
125 129
125 144
125 145
126 145
127 128
127 129
127 130
128 129
128 130
128 146
128 148
128 149
129 144
129 146
129 147
129 163
129 854
129 867
129 1594
130 148
130 149
131 132
131 133
131 134
131 141
131 145
132 134
132 156
132 159
133 134
133 142
133 143
133 145
133 155
134 155
134 156
134 157
135 136
135 138
135 139
135 146
135 148
135 1554
136 137
136 138
136 151
136 174
136 1554
137 138
137 150
137 151
137 152
138 139
138 150
139 140
139 148
139 150
140 148
140 150
141 145
142 143
142 144
142 155
142 160
142 161
143 144
143 145
144 145
144 160
144 163
144 164
146 147
146 148
146 1553
146 1554
146 1555
146 1556
147 1555
147 1581
147 1594
148 149
150 152
150 154
150 175
150 1503
150 1535
151 152
151 153
151 174
151 176
152 153
152 154
153 154
153 176
154 175
154 176
155 157
155 161
156 157
156 158
156 159
157 158
157 161
157 162
158 159
158 162
158 169
158 863
159 167
159 169
159 171
160 161
160 162
160 164
160 858
160 863
161 162
162 863
163 164
163 854
163 857
164 857
164 858
165 166
165 167
165 169
165 170
165 171
166 169
166 171
166 258
166 262
166 872
166 873
167 168
167 169
167 170
167 171
168 169
168 170
169 170
169 863
169 864
169 865
169 872
169 873
171 258
172 173
172 174
172 1554
172 1567
172 1585
172 1586
173 174
173 175
173 176
173 1565
173 1567
173 1568
174 176
174 1554
175 176
175 1535
175 1547
175 1568
177 178
177 179
177 180
177 182
178 180
178 188
179 180
179 181
179 182
180 181
180 183
180 187
180 188
181 182
181 183
182 183
182 186
182 189
183 184
183 185
183 186
183 187
183 188
184 185
184 188
185 186
185 188
185 190
186 189
186 190
187 188
188 190
188 195
188 198
188 199
189 190
189 191
189 204
189 205
189 222
190 191
190 199
191 199
191 203
191 204
192 193
192 194
192 195
192 198
192 200
193 194
193 195
193 196
193 208
194 200
194 208
194 213
194 214
195 196
195 198
196 208
197 200
197 213
197 220
198 199
198 200
199 200
199 202
199 203
200 202
200 213
200 220
201 202
201 203
201 205
201 219
201 221
201 222
201 225
202 203
202 219
202 220
203 204
203 205
204 205
205 222
206 207
206 208
206 209
206 210
206 745
206 812
207 209
207 210
208 210
208 211
208 214
208 745
209 210
209 212
209 812
209 815
210 211
210 212
211 212
211 214
211 215
212 215
212 815
213 214
213 215
213 218
213 220
213 227
214 215
215 216
215 227
215 228
215 815
216 228
216 815
217 218
217 220
217 225
218 220
218 223
218 225
218 226
218 227
218 233
218 234
218 240
218 243
219 220
219 225
220 225
220 227
221 222
221 223
221 224
221 225
222 224
222 232
222 233
223 224
223 225
223 233
223 240
224 233
226 227
226 229
226 234
226 236
227 228
227 229
228 229
228 235
228 236
228 815
229 236
230 231
230 232
230 241
230 257
231 257
232 233
232 239
232 241
233 239
233 240
234 236
234 237
234 243
235 236
235 237
235 252
235 253
235 254
235 255
235 264
235 815
236 237
237 243
237 245
237 264
238 240
238 242
238 246
238 248
238 249
239 240
239 241
239 242
240 242
240 243
240 246
241 242
241 247
241 249
241 257
242 249
243 244
243 245
243 246
244 245
244 246
244 251
244 264
244 265
245 264
246 248
246 250
246 251
247 248
247 249
247 250
247 257
248 249
248 250
250 251
250 257
250 258
251 258
251 259
251 260
251 265
252 254
252 255
252 256
252 269
252 270
252 271
252 274
252 275
252 815
252 822
252 834
253 254
253 256
253 264
253 268
254 255
254 256
256 268
256 269
257 258
258 260
258 262
259 260
259 261
259 262
259 263
259 265
260 262
261 262
261 263
261 267
262 267
262 290
262 873
263 264
263 265
263 267
263 269
264 265
264 268
264 269
266 267
266 272
266 278
267 269
267 271
267 272
267 278
267 290
268 269
269 271
270 271
270 272
270 273
270 274
270 275
270 276
271 272
271 273
272 273
272 276
272 277
272 278
275 276
275 314
275 822
275 834
275 844
275 845
276 277
276 279
276 280
276 314
277 278
277 279
278 279
278 284
278 286
278 290
279 280
279 284
280 281
280 284
280 314
281 282
281 283
281 284
281 286
281 314
282 283
282 293
282 294
282 295
282 314
283 285
283 286
283 294
284 286
285 286
285 289
285 291
285 294
285 296
285 896
285 897
286 287
286 290
286 291
287 288
287 290
287 291
288 289
288 290
288 291
289 290
289 291
289 885
289 897
289 898
290 873
290 885
290 886
292 293
292 314
292 316
293 295
293 314
293 316
294 295
294 296
295 296
295 316
295 892
295 893
295 896
296 896
297 299
297 300
297 301
297 313
297 314
297 845
298 299
298 302
298 303
298 844
298 850
298 852
299 301
299 302
299 844
299 845
300 301
300 313
301 302
301 306
301 313
302 303
302 304
302 306
303 304
303 305
303 307
303 850
304 305
304 306
305 306
305 307
305 308
305 312
306 308
306 313
306 324
306 325
306 326
306 327
307 312
307 848
307 850
308 310
308 312
308 327
308 328
308 332
309 310
309 311
309 321
309 322
309 636
309 683
309 684
310 311
310 312
310 320
310 321
310 332
311 312
311 636
312 636
312 848
313 314
313 315
313 324
314 315
314 316
314 317
314 845
315 317
315 324
316 317
316 336
316 892
317 324
317 336
317 337
318 319
318 321
318 322
318 323
318 702
318 704
319 320
319 321
319 702
320 321
320 330
320 331
320 332
320 345
320 702
320 703
321 322
322 323
322 684
323 684
323 685
323 698
323 704
324 326
324 337
324 338
324 340
325 326
325 327
325 339
325 340
326 340
327 328
327 339
328 329
328 331
328 332
328 339
329 330
329 331
329 339
329 341
329 342
330 331
330 342
330 345
331 332
333 334
333 335
333 560
333 567
333 568
334 335
334 338
334 340
334 560
334 563
335 336
335 337
335 338
335 567
336 337
336 567
336 892
336 895
337 338
338 340
339 340
339 341
339 342
339 343
339 346
340 343
340 344
340 563
341 342
342 345
342 346
343 344
343 346
343 355
344 355
344 550
344 563
345 346
345 347
345 348
345 354
345 703
346 352
346 353
346 354
346 355
346 356
346 365
346 366
347 348
347 349
347 353
347 703
347 711
348 353
348 354
349 350
349 353
349 711
349 712
349 1249
350 351
350 352
350 353
350 361
350 1247
350 1249
351 361
351 364
351 366
351 367
351 1246
351 1247
351 1248
352 353
352 361
352 365
353 354
355 356
355 357
355 550
356 357
356 358
356 360
356 366
357 358
357 550
357 551
357 559
358 359
358 360
358 559
359 360
359 559
360 362
360 366
360 371
360 374
360 559
361 365
361 366
362 363
362 366
362 371
363 364
363 366
363 371
363 380
363 381
364 366
364 367
364 381
365 366
367 368
367 369
367 370
367 381
367 1246
368 369
368 381
368 387
368 398
368 400
369 370
369 386
369 387
370 385
370 386
370 1241
370 1246
370 1255
371 373
371 374
371 380
371 382
371 384
372 373
372 374
372 375
372 377
372 378
372 394
373 374
373 384
373 394
373 395
374 375
374 557
374 559
375 378
375 555
375 557
375 564
375 565
376 377
376 378
376 379
376 402
376 403
376 564
376 571
376 1335
377 378
377 394
377 403
377 407
377 412
378 564
379 571
379 1335
379 1338
380 381
380 382
381 382
381 383
381 400
382 383
382 384
382 390
382 393
382 419
383 399
383 400
383 418
383 419
384 390
384 395
385 386
386 387
386 388
386 1255
387 388
387 398
388 389
388 398
388 1255
388 1305
389 397
389 398
389 1012
389 1305
390 391
390 392
390 393
390 395
391 392
391 394
391 395
391 412
391 413
392 393
392 413
392 414
393 410
393 414
393 419
393 420
393 445
394 395
394 412
396 397
396 398
396 399
396 400
396 417
397 398
397 417
397 1009
397 1012
398 400
399 400
399 415
399 417
399 418
401 402
401 403
401 404
401 405
401 406
401 424
401 432
401 433
401 436
402 403
402 423
402 424
402 425
402 1335
403 404
403 406
403 407
404 406
405 406
405 409
405 432
405 434
406 407
406 408
406 409
407 408
407 409
407 412
408 409
409 412
409 413
409 434
410 411
410 414
410 445
410 446
411 413
411 414
411 434
411 442
411 443
411 446
412 413
413 414
413 434
415 416
415 417
415 418
415 419
415 420
415 438
415 439
415 440
416 417
416 439
417 439
417 441
417 1009
417 1010
418 419
419 420
420 438
420 445
421 422
421 423
421 424
421 425
421 431
421 433
421 450
421 451
422 423
422 430
422 431
422 1352
423 425
423 1335
423 1338
423 1352
424 425
424 433
426 427
426 428
426 429
426 430
426 447
426 469
427 428
427 469
427 470
427 1384
428 429
428 1354
428 1384
429 430
429 1351
429 1354
430 431
430 447
430 451
430 1351
430 1352
430 1354
431 451
432 434
432 435
432 436
432 437
433 435
433 436
433 450
434 437
434 442
435 436
435 437
435 450
435 462
437 442
437 461
437 462
438 440
438 445
438 457
439 440
439 441
440 441
440 455
440 457
441 454
441 455
441 1010
441 1013
442 443
442 444
442 461
443 444
443 446
443 464
444 460
444 461
444 464
444 482
445 446
445 456
445 457
445 465
446 464
446 465
447 448
447 449
447 451
447 469
448 449
448 451
448 462
448 477
449 468
449 469
449 471
449 477
450 451
450 462
451 462
452 453
452 456
452 463
452 466
452 487
453 455
453 456
453 486
453 487
453 488
454 455
454 1013
454 1031
455 456
455 457
455 488
455 1031
456 457
456 465
456 466
456 488
458 459
458 460
458 461
458 462
458 472
459 462
459 472
459 477
459 480
460 461
460 472
460 482
461 462
462 477
463 464
463 466
463 467
463 482
463 484
463 485
463 487
463 489
464 465
464 466
464 467
464 482
465 466
465 467
466 467
468 471
468 477
468 494
468 1421
469 470
469 471
470 471
470 1384
470 1385
471 1385
471 1393
471 1400
471 1421
472 473
472 474
472 480
472 482
472 484
473 474
473 475
473 476
473 480
474 475
474 484
475 476
475 483
475 484
475 495
476 478
476 480
476 495
477 479
477 480
477 494
478 479
478 480
478 492
478 493
478 494
478 495
478 496
479 480
479 494
481 483
481 485
481 489
481 490
481 498
481 506
482 484
483 484
483 485
483 495
483 497
483 498
484 485
485 489
486 487
486 488
486 490
486 1037
486 1039
487 489
487 490
488 1031
488 1037
489 490
490 506
490 1039
491 493
491 494
491 512
491 513
492 493
492 495
492 496
492 513
493 494
493 513
494 512
494 1421
495 496
495 497
495 499
496 499
496 500
496 508
496 511
496 513
497 498
497 499
498 499
498 506
498 507
499 500
499 507
499 508
500 508
501 502
501 504
501 505
501 519
501 524
502 505
502 519
502 1420
502 1421
502 1422
503 504
503 505
503 512
503 514
503 523
503 1421
504 505
504 523
504 524
505 1421
506 507
506 1039
506 1063
507 508
507 510
507 1059
507 1063
508 509
508 510
508 511
509 510
509 511
509 1116
510 1059
510 1101
510 1116
511 513
511 514
511 529
511 1116
511 1118
512 513
512 514
512 1421
513 514
514 522
514 523
514 525
514 529
515 517
515 524
515 536
515 538
515 1439
515 1440
515 1441
516 517
516 518
516 519
516 1418
516 1422
517 518
517 519
517 524
517 1438
517 1439
518 1398
518 1403
518 1418
518 1437
518 1438
519 524
519 1422
520 521
520 522
520 523
520 524
520 536
521 522
521 536
521 537
522 523
522 525
522 530
522 531
522 537
523 524
523 525
524 536
525 526
525 529
525 530
526 527
526 529
526 530
527 528
527 529
527 530
527 533
527 534
528 529
528 534
528 540
528 1119
529 1117
529 1118
529 1119
530 531
530 533
531 532
531 533
531 537
532 533
532 534
532 535
532 537
532 539
533 534
534 539
534 540
534 541
534 542
534 545
535 537
535 538
535 539
535 548
535 1472
536 537
536 538
537 538
538 1441
538 1472
539 545
539 548
540 541
540 1119
540 1130
541 542
541 543
541 1130
541 1167
542 543
542 544
542 545
543 544
543 1167
544 545
544 548
544 549
544 1165
544 1166
544 1167
544 1185
545 546
545 547
545 548
545 549
546 547
546 549
547 548
547 549
548 549
548 1470
548 1471
548 1472
550 551
550 562
550 563
551 553
551 554
551 558
551 559
551 562
552 553
552 554
552 556
552 561
552 562
552 569
552 575
552 576
552 577
552 958
552 959
552 961
553 554
553 561
553 562
554 556
554 558
555 556
555 557
555 565
555 566
556 557
556 558
556 566
556 575
557 558
557 559
558 559
560 563
560 568
561 562
561 569
562 563
562 568
562 569
563 568
564 565
564 571
564 578
565 566
565 575
565 578
566 575
567 568
567 895
567 926
568 569
568 570
568 926
569 570
569 923
569 925
569 961
569 962
569 963
570 925
570 926
571 573
571 578
571 1338
571 1339
572 573
572 574
572 990
572 1339
573 574
573 576
573 577
573 578
573 1339
574 576
574 990
575 577
575 578
576 577
576 958
576 959
576 990
577 578
579 580
579 581
579 583
579 585
579 588
579 782
579 788
580 581
580 585
580 586
580 587
581 582
581 587
581 592
581 782
581 798
582 587
582 592
582 593
582 598
583 584
583 585
583 586
583 588
584 586
584 588
584 589
585 586
586 587
586 589
586 590
587 590
587 595
587 598
588 589
588 601
588 603
588 605
588 606
588 787
588 788
589 590
589 606
590 595
590 596
590 606
590 611
591 593
591 594
591 598
591 607
591 608
592 593
592 594
592 607
592 797
592 798
592 828
593 594
593 598
594 607
595 596
595 598
596 597
596 598
596 611
597 598
597 611
597 613
598 608
598 613
599 600
599 601
599 658
599 659
600 601
600 628
600 629
600 659
601 602
601 603
601 629
601 787
602 629
603 604
603 605
603 606
603 629
604 606
604 624
604 625
604 629
604 630
605 606
606 611
606 619
606 620
606 625
607 608
607 609
607 617
607 828
608 609
608 612
608 613
609 610
609 612
609 617
609 618
610 612
610 614
610 616
610 618
610 643
611 612
611 613
611 614
611 620
611 621
611 633
612 613
612 614
614 631
614 633
614 634
614 643
615 617
615 636
615 637
615 638
615 837
615 839
615 841
616 618
616 640
616 643
616 648
617 618
617 638
617 647
617 828
617 837
618 647
618 648
619 620
619 621
619 622
619 625
619 626
620 621
621 622
621 633
621 653
622 623
622 626
622 653
622 655
622 656
623 624
623 626
623 630
623 649
623 650
623 656
623 675
624 625
624 626
624 630
625 626
627 628
627 629
627 657
627 658
627 659
627 660
627 1194
628 629
628 659
629 630
629 660
630 649
630 650
630 652
630 660
630 661
630 663
631 632
631 634
631 643
632 634
632 639
632 642
632 643
632 670
632 672
633 634
633 653
633 666
634 666
634 670
635 636
635 637
635 836
635 841
636 637
636 638
636 644
636 646
636 647
636 681
636 683
636 836
636 848
636 849
637 841
638 647
639 640
639 642
639 643
640 641
640 642
640 643
640 648
641 642
641 645
641 648
642 645
642 672
642 719
644 645
644 646
644 647
644 648
645 646
645 648
645 715
645 719
646 681
646 715
646 719
647 648
649 650
650 651
650 652
650 662
650 675
651 661
651 662
651 663
651 674
651 675
651 676
652 662
652 663
653 654
653 655
653 656
653 666
653 667
653 668
654 656
654 668
654 673
654 675
655 656
656 675
657 658
657 659
658 659
658 1194
658 1204
658 1234
660 661
660 1194
661 663
661 674
661 1194
662 663
664 665
664 667
664 668
664 669
664 670
664 673
664 689
665 666
665 667
665 670
666 667
666 670
667 668
668 673
669 670
669 686
669 689
669 690
670 671
670 672
670 690
670 713
671 690
671 695
671 713
671 714
672 713
672 716
672 719
673 674
673 675
673 676
673 689
674 676
674 688
674 689
674 1194
674 1195
674 1200
675 676
677 679
677 680
677 681
677 699
677 715
677 718
678 679
678 681
678 682
678 685
679 681
679 685
679 699
680 694
680 699
680 700
680 714
680 717
680 718
681 682
681 683
681 684
681 715
682 684
682 685
683 684
684 685
685 696
685 698
685 699
685 704
686 687
686 688
686 689
686 690
687 688
687 690
687 708
687 1200
688 689
688 1200
690 691
690 694
690 695
690 708
691 692
691 693
691 694
691 700
691 708
692 694
692 700
693 696
693 700
693 705
693 708
694 695
694 700
694 714
695 714
696 697
696 698
696 699
696 700
696 705
697 698
697 701
697 705
697 706
698 701
698 704
699 700
701 704
701 706
701 709
702 703
702 704
703 704
703 709
703 711
704 709
705 706
705 707
705 708
705 1214
705 1236
706 707
706 709
707 709
707 710
707 712
707 1235
707 1236
707 1237
707 1240
707 1244
708 1200
708 1202
708 1213
708 1214
709 710
709 711
710 711
710 712
711 712
712 1244
712 1249
713 714
713 716
713 717
714 717
715 718
715 719
716 717
716 719
717 718
717 719
718 719
720 721
720 724
720 726
720 730
721 722
721 723
721 724
721 730
722 723
722 730
723 724
723 727
723 730
723 731
724 726
724 727
725 726
725 734
725 735
725 736
725 737
725 738
725 739
726 727
726 731
726 735
727 731
728 729
728 730
728 731
729 730
729 731
729 784
730 731
730 784
730 787
731 732
731 733
731 734
731 735
731 736
731 777
731 784
732 733
732 734
732 738
732 742
732 754
733 754
733 756
733 757
733 777
734 736
734 738
735 736
737 738
737 739
737 741
737 742
738 742
739 740
739 741
739 744
740 741
740 744
740 758
740 759
740 769
741 742
741 768
741 769
742 753
742 754
742 768
743 744
743 745
743 746
743 747
743 751
743 752
743 758
744 758
745 746
745 749
745 750
745 805
745 811
745 812
745 817
746 747
746 749
747 748
747 749
747 751
748 749
748 750
748 751
749 750
750 751
750 752
750 762
750 771
750 772
750 773
750 817
751 752
752 758
752 759
752 761
752 762
753 754
753 755
753 757
753 765
753 768
754 757
755 756
755 757
755 765
756 757
756 765
756 777
756 778
756 779
758 759
759 760
759 761
759 769
760 761
760 762
760 763
760 765
760 766
760 767
760 769
761 762
762 763
762 770
762 773
763 764
763 767
763 770
763 803
764 767
764 790
764 792
764 803
765 766
765 767
765 768
765 769
765 778
765 792
765 793
766 769
767 792
768 769
770 771
770 772
770 773
770 803
770 804
770 818
771 772
771 817
771 818
772 773
774 775
774 776
774 791
774 793
774 794
774 795
775 776
775 778
775 779
775 783
775 793
776 783
776 795
776 798
777 779
777 783
777 784
778 779
778 793
779 783
780 781
780 782
780 784
780 786
781 782
781 783
781 784
782 783
782 786
782 788
782 798
783 784
783 798
784 785
784 786
784 787
785 786
785 787
786 787
786 788
787 788
789 790
789 791
789 792
789 793
790 791
790 792
790 794
790 801
790 803
791 793
791 794
792 793
794 795
794 796
794 801
795 796
795 797
795 798
796 797
796 801
797 798
797 801
797 828
799 800
799 802
799 803
799 804
799 818
799 821
799 825
800 801
800 802
800 803
801 802
801 803
801 828
802 825
802 828
803 804
804 818
805 806
805 809
805 810
805 811
805 817
806 807
806 808
806 810
806 817
806 818
806 821
807 808
807 820
807 821
808 809
808 810
808 819
808 820
809 810
809 811
809 813
809 816
809 819
809 822
811 812
811 813
812 813
812 814
812 815
813 814
813 816
814 815
814 816
815 816
815 822
816 822
817 818
818 821
819 820
819 822
820 821
820 822
821 822
821 825
822 825
822 834
823 826
823 827
823 830
823 833
823 843
823 846
824 825
824 826
824 827
824 828
825 826
825 828
825 829
825 830
825 834
826 827
826 830
827 828
827 838
827 843
828 837
828 838
829 830
829 831
829 833
829 834
830 833
831 832
831 833
831 834
832 833
832 834
832 844
833 844
833 846
834 844
835 836
835 841
835 842
835 847
836 841
836 847
836 849
837 838
837 839
838 839
838 840
838 843
839 840
839 841
840 841
840 842
840 843
841 842
842 843
842 846
842 847
842 852
842 853
843 846
844 845
844 846
844 852
846 852
847 849
847 853
848 849
848 850
848 851
849 851
849 853
850 851
850 852
851 852
851 853
852 853
854 855
854 857
854 866
854 867
855 856
855 857
855 858
855 859
855 860
855 866
856 860
856 861
856 866
856 868
856 869
856 883
857 858
858 859
858 863
859 860
859 861
859 863
860 861
861 862
861 863
861 883
862 863
862 864
862 865
862 879
862 883
863 865
864 865
864 873
864 876
864 878
864 879
866 867
866 868
866 1616
867 1594
867 1598
867 1616
868 869
868 1616
869 880
869 883
869 1616
870 871
870 873
870 877
870 884
870 886
870 887
870 900
871 874
871 877
871 900
871 901
871 905
872 873
873 876
873 877
873 886
874 875
874 877
874 888
874 889
874 890
874 905
875 876
875 877
875 888
875 891
876 877
876 878
876 888
876 891
878 879
878 881
878 888
879 881
879 882
879 883
880 882
880 883
880 906
880 907
880 1616
881 882
881 888
881 911
881 916
882 883
882 907
882 911
884 885
884 887
884 900
884 901
884 921
885 886
885 887
885 898
885 899
885 921
885 922
885 929
885 930
885 931
886 887
888 889
888 890
888 891
888 914
888 916
888 917
888 918
889 890
890 903
890 905
890 914
892 893
892 894
892 895
893 894
893 896
893 897
894 895
894 897
894 924
894 925
894 926
894 927
894 928
894 932
895 926
896 897
897 898
897 899
897 932
898 899
899 931
899 932
900 901
901 904
901 905
901 921
901 922
902 903
902 904
902 905
902 919
902 922
902 944
902 946
902 947
903 905
903 913
903 914
903 945
903 947
904 905
904 922
906 907
906 909
906 911
906 1616
907 909
907 911
908 909
908 910
908 911
908 912
909 910
909 911
909 1616
910 912
910 1615
910 1616
911 912
911 915
911 916
911 975
911 995
911 1615
912 1615
913 914
913 915
913 917
913 918
913 937
913 939
913 945
913 948
914 918
915 916
915 917
915 937
915 938
915 941
915 974
915 975
916 917
917 918
919 920
919 922
919 935
919 944
920 935
920 944
920 949
920 950
920 955
921 922
922 929
922 935
923 924
923 925
923 956
923 963
924 925
924 928
924 932
924 956
925 926
925 927
925 928
926 927
929 930
929 933
929 934
929 935
930 931
930 934
930 936
930 966
930 967
930 968
930 970
930 971
931 932
931 970
932 956
932 970
933 934
933 935
933 949
934 936
934 949
934 953
934 967
935 949
936 967
937 938
937 939
937 941
938 939
938 940
938 941
938 973
938 974
939 940
939 943
939 948
940 943
940 948
940 972
940 973
940 983
942 943
942 946
942 947
942 976
943 945
943 947
943 948
943 976
943 983
944 946
944 955
945 947
945 948
946 947
946 951
946 955
946 976
949 950
949 953
950 951
950 953
950 955
951 952
951 953
951 955
951 976
951 1345
952 953
952 954
952 967
952 1345
952 1361
953 967
954 964
954 965
954 967
954 985
954 988
954 1361
956 957
956 960
956 963
956 970
956 971
957 958
957 959
957 960
957 963
958 959
958 961
958 962
958 963
959 960
959 990
960 969
960 971
960 984
960 987
960 990
961 962
962 963
964 965
964 966
964 968
964 969
964 988
965 966
965 967
966 967
966 968
968 969
968 971
969 971
969 987
969 988
970 971
972 973
972 980
972 983
973 974
973 975
973 980
973 982
974 975
975 982
975 992
975 995
976 977
976 978
976 983
976 1345
977 978
977 979
977 1345
978 979
978 980
978 983
979 980
979 981
979 1345
980 981
980 982
980 983
981 982
981 1345
982 992
982 1345
982 1355
982 1356
984 987
984 989
984 990
985 986
985 987
985 988
985 1361
986 987
986 988
987 988
987 989
987 1339
987 1340
987 1361
989 990
989 1339
990 1339
991 992
991 993
991 995
992 993
992 994
992 995
992 1355
992 1365
993 994
993 995
994 995
994 996
994 1365
994 1366
994 1367
995 996
995 997
995 1003
995 1615
996 997
996 1002
996 1367
997 1002
997 1003
998 999
998 1000
998 1001
998 1003
999 1000
999 1003
1000 1001
1000 1002
1000 1003
1000 1367
1000 1413
1000 1416
1001 1413
1001 1415
1002 1003
1002 1367
1003 1615
1004 1005
1004 1006
1004 1009
1004 1012
1004 1303
1004 1305
1005 1006
1005 1007
1005 1302
1005 1303
1006 1007
1006 1008
1006 1009
1006 1010
1007 1008
1007 1011
1007 1015
1007 1302
1007 1308
1008 1010
1008 1011
1009 1010
1009 1012
1010 1011
1010 1013
1011 1013
1011 1015
1011 1018
1012 1303
1012 1305
1013 1017
1013 1018
1013 1031
1014 1017
1014 1028
1014 1030
1014 1031
1014 1033
1015 1016
1015 1018
1015 1019
1015 1021
1015 1023
1015 1308
1016 1019
1016 1021
1016 1022
1016 1032
1017 1018
1017 1019
1017 1031
1017 1033
1018 1019
1019 1032
1019 1033
1020 1021
1020 1022
1020 1023
1020 1041
1021 1022
1021 1023
1022 1032
1022 1040
1022 1041
1022 1043
1022 1064
1023 1041
1023 1308
1024 1025
1024 1026
1024 1027
1024 1041
1024 1328
1024 1329
1024 1332
1025 1027
1025 1041
1025 1042
1025 1048
1026 1027
1026 1332
1026 1333
1027 1048
1027 1333
1028 1029
1028 1030
1028 1033
1028 1034
1028 1036
1028 1052
1029 1030
1029 1036
1029 1037
1030 1031
1030 1037
1031 1037
1032 1033
1032 1064
1033 1034
1033 1035
1033 1064
1033 1065
1033 1067
1034 1035
1034 1052
1034 1053
1035 1052
1035 1053
1035 1065
1035 1067
1035 1075
1036 1037
1036 1038
1036 1052
1036 1060
1037 1038
1037 1039
1038 1039
1038 1060
1038 1061
1039 1061
1039 1063
1040 1041
1040 1043
1040 1044
1040 1056
1040 1057
1040 1058
1041 1042
1041 1044
1041 1308
1041 1327
1041 1329
1042 1044
1042 1048
1042 1054
1042 1058
1043 1056
1043 1064
1043 1068
1044 1058
1045 1046
1045 1047
1045 1048
1045 1049
1045 1078
1045 1093
1046 1048
1046 1076
1046 1078
1046 1333
1047 1048
1047 1049
1047 1054
1047 1055
1047 1093
1048 1049
1048 1054
1048 1333
1050 1051
1050 1060
1050 1062
1050 1084
1050 1085
1051 1052
1051 1053
1051 1060
1051 1074
1051 1075
1051 1085
1052 1053
1052 1060
1053 1075
1054 1055
1054 1058
1055 1056
1055 1057
1055 1058
1055 1093
1055 1094
1056 1057
1056 1068
1056 1070
1056 1094
1056 1096
1056 1098
1057 1058
1059 1061
1059 1062
1059 1063
1059 1082
1059 1084
1059 1101
1060 1061
1060 1062
1061 1062
1061 1063
1062 1084
1064 1065
1064 1067
1064 1068
1065 1066
1065 1067
1065 1068
1065 1075
1065 1087
1065 1088
1066 1072
1066 1075
1066 1088
1066 1090
1066 1107
1068 1069
1068 1070
1068 1087
1069 1070
1069 1071
1069 1087
1069 1088
1069 1089
1070 1071
1070 1096
1070 1111
1071 1089
1071 1111
1072 1073
1072 1075
1072 1080
1072 1106
1072 1107
1072 1121
1073 1074
1073 1075
1073 1080
1073 1083
1074 1075
1074 1083
1074 1085
1076 1077
1076 1078
1076 1079
1076 1333
1077 1078
1077 1079
1077 1095
1077 1135
1078 1092
1078 1093
1078 1095
1079 1135
1079 1138
1080 1083
1080 1084
1080 1121
1081 1082
1081 1084
1081 1102
1082 1084
1082 1101
1082 1102
1083 1084
1083 1085
1084 1085
1084 1102
1084 1121
1086 1090
1086 1108
1086 1111
1086 1124
1086 1128
1087 1088
1088 1089
1088 1090
1089 1090
1089 1111
1090 1107
1090 1108
1090 1111
1091 1092
1091 1093
1091 1094
1091 1095
1091 1098
1091 1136
1091 1137
1091 1138
1091 1173
1092 1093
1092 1095
1093 1094
1094 1098
1095 1135
1095 1136
1096 1097
1096 1098
1096 1111
1096 1112
1096 1113
1097 1098
1097 1100
1097 1112
1097 1114
1098 1099
1098 1100
1098 1173
1099 1100
1099 1144
1099 1145
1099 1162
1099 1163
1099 1173
1100 1114
1100 1115
1100 1144
1101 1102
1101 1103
1101 1116
1101 1132
1101 1133
1102 1103
1102 1104
1102 1121
1103 1104
1103 1105
1103 1133
1104 1105
1104 1121
1105 1120
1105 1121
1105 1133
1105 1139
1105 1140
1105 1141
1106 1107
1106 1109
1106 1110
1106 1121
1106 1122
1106 1123
1106 1124
1107 1108
1107 1110
1108 1110
1108 1124
1109 1123
1109 1124
1109 1127
1109 1148
1109 1149
1110 1124
1111 1113
1111 1128
1112 1113
1112 1114
1112 1115
1113 1115
1113 1128
1113 1129
1114 1115
1115 1129
1115 1144
1115 1146
1116 1118
1116 1131
1116 1132
1117 1118
1117 1119
1118 1119
1118 1131
1119 1130
1119 1131
1120 1121
1120 1122
1120 1139
1120 1149
1121 1122
1122 1123
1122 1149
1123 1149
1124 1125
1124 1126
1124 1127
1124 1128
1125 1126
1125 1127
1125 1128
1125 1129
1125 1146
1125 1147
1125 1153
1125 1154
1126 1127
1127 1148
1127 1153
1127 1171
1128 1129
1129 1146
1130 1131
1130 1134
1130 1164
1130 1167
1131 1132
1131 1134
1132 1133
1132 1134
1132 1141
1133 1141
1134 1141
1134 1164
1135 1136
1135 1138
1136 1137
1136 1138
1137 1138
1138 1173
1138 1174
1138 1175
1138 1176
1139 1140
1139 1143
1139 1149
1139 1181
1140 1141
1140 1142
1140 1143
1141 1142
1141 1156
1141 1164
1142 1143
1142 1156
1142 1158
1143 1158
1143 1177
1143 1181
1144 1145
1144 1146
1145 1146
1145 1147
1145 1155
1145 1160
1145 1163
1146 1147
1147 1154
1147 1155
1148 1149
1148 1150
1148 1151
1148 1171
1148 1172
1149 1150
1149 1181
1150 1151
1150 1177
1150 1181
1150 1186
1151 1168
1151 1170
1151 1172
1151 1186
1151 1189
1151 1190
1151 1191
1152 1153
1152 1154
1152 1155
1152 1161
1152 1169
1152 1172
1153 1154
1153 1171
1153 1172
1154 1155
1155 1160
1155 1161
1156 1157
1156 1158
1156 1159
1156 1164
1156 1182
1157 1158
1157 1159
1157 1179
1157 1184
1158 1177
1158 1178
1158 1179
1159 1182
1159 1184
1160 1161
1160 1163
1160 1173
1161 1163
1161 1173
1162 1163
1162 1173
1163 1173
1164 1165
1164 1166
1164 1167
1164 1182
1164 1183
1164 1184
1165 1166
1165 1167
1166 1183
1166 1185
1168 1169
1168 1170
1168 1172
1169 1170
1169 1172
1169 1193
1170 1191
1170 1193
1171 1172
1173 1176
1174 1175
1174 1176
1175 1176
1177 1178
1177 1181
1177 1186
1178 1179
1178 1180
1178 1186
1178 1187
1179 1180
1179 1184
1179 1188
1180 1187
1180 1188
1182 1184
1183 1184
1183 1185
1184 1185
1186 1187
1186 1189
1187 1188
1187 1189
1188 1189
1188 1190
1188 1191
1188 1192
1189 1190
1190 1191
1191 1192
1191 1193
1192 1193
1194 1195
1194 1196
1194 1198
1194 1204
1195 1196
1195 1198
1195 1199
1195 1200
1196 1198
1196 1204
1197 1199
1197 1204
1197 1205
1198 1199
1198 1204
1199 1200
1199 1204
1199 1205
1199 1207
1200 1201
1200 1202
1200 1207
1200 1208
1200 1209
1200 1218
1200 1220
1201 1202
1201 1218
1202 1203
1202 1213
1202 1218
1202 1219
1203 1213
1203 1215
1203 1219
1203 1222
1204 1205
1204 1206
1204 1234
1205 1206
1205 1207
1205 1231
1205 1234
1206 1234
1207 1209
1207 1226
1207 1227
1207 1228
1207 1229
1207 1231
1208 1209
1208 1210
1208 1220
1208 1226
1209 1226
1210 1211
1210 1212
1210 1220
1210 1226
1211 1212
1211 1220
1211 1221
1211 1223
1212 1223
1212 1224
1212 1226
1213 1214
1213 1215
1213 1216
1214 1216
1214 1217
1214 1236
1214 1251
1215 1216
1215 1217
1215 1222
1216 1217
1217 1222
1217 1250
1217 1251
1218 1219
1218 1220
1219 1220
1219 1221
1219 1222
1220 1221
1221 1222
1221 1223
1221 1250
1222 1250
1223 1224
1223 1225
1223 1250
1224 1225
1224 1226
1224 1230
1224 1260
1225 1250
1225 1260
1225 1264
1225 1272
1226 1228
1226 1230
1227 1229
1227 1230
1227 1231
1227 1232
1227 1259
1227 1260
1228 1229
1228 1230
1229 1230
1230 1260
1231 1232
1231 1233
1231 1234
1232 1233
1232 1259
1232 1261
1233 1234
1233 1261
1233 1262
1234 1262
1234 1263
1234 1299
1235 1236
1235 1237
1235 1257
1236 1251
1236 1252
1236 1257
1237 1238
1237 1240
1237 1257
1238 1239
1238 1240
1238 1243
1238 1257
1238 1258
1239 1241
1239 1243
1239 1255
1239 1258
1240 1243
1240 1244
1240 1245
1241 1242
1241 1243
1241 1246
1241 1255
1242 1243
1242 1245
1242 1246
1242 1248
1243 1245
1244 1245
1244 1249
1245 1247
1245 1248
1245 1249
1246 1248
1247 1248
1247 1249
1250 1251
1250 1253
1250 1272
1251 1252
1251 1253
1251 1254
1252 1253
1252 1254
1252 1256
1252 1257
1252 1268
1252 1278
1252 1279
1252 1280
1253 1254
1253 1268
1253 1272
1255 1256
1255 1258
1255 1279
1255 1281
1255 1301
1255 1305
1255 1306
1256 1257
1256 1258
1256 1279
1257 1258
1259 1260
1259 1261
1259 1262
1259 1265
1259 1266
1260 1264
1260 1266
1260 1267
1261 1262
1262 1263
1262 1265
1262 1295
1262 1298
1262 1314
1262 1317
1263 1298
1263 1299
1264 1267
1264 1270
1264 1272
1264 1273
1264 1274
1265 1266
1265 1277
1265 1286
1265 1295
1266 1267
1266 1276
1266 1277
1267 1274
1267 1276
1268 1269
1268 1271
1268 1272
1268 1275
1268 1280
1268 1283
1268 1288
1268 1289
1269 1270
1269 1272
1269 1275
1270 1272
1270 1273
1270 1275
1271 1273
1271 1274
1271 1275
1271 1285
1271 1288
1273 1274
1273 1275
1274 1276
1274 1277
1274 1285
1276 1277
1277 1284
1277 1285
1277 1286
1278 1279
1278 1280
1278 1282
1279 1281
1279 1282
1280 1282
1280 1289
1280 1290
1281 1282
1281 1290
1281 1306
1282 1290
1283 1288
1283 1289
1283 1310
1283 1322
1284 1285
1284 1286
1284 1287
1284 1296
1285 1287
1285 1288
1286 1295
1286 1296
1287 1288
1287 1293
1287 1294
1287 1296
1287 1318
1288 1318
1288 1322
1289 1290
1289 1291
1289 1310
1290 1291
1290 1306
1291 1292
1291 1306
1291 1307
1291 1309
1291 1310
1291 1311
1292 1307
1292 1308
1292 1311
1292 1312
1292 1326
1292 1327
1293 1294
1293 1295
1293 1296
1293 1314
1293 1315
1293 1316
1293 1318
1293 1320
1293 1333
1294 1318
1295 1296
1295 1314
1297 1299
1298 1299
1298 1300
1298 1317
1299 1300
1300 1316
1300 1317
1300 1333
1301 1302
1301 1303
1301 1304
1301 1305
1301 1306
1301 1308
1301 1309
1302 1303
1302 1308
1303 1304
1303 1305
1304 1305
1306 1309
1307 1308
1307 1309
1308 1309
1308 1327
1310 1311
1310 1312
1310 1313
1310 1322
1311 1312
1312 1313
1312 1325
1312 1326
1313 1321
1313 1322
1313 1324
1313 1325
1314 1315
1314 1316
1314 1317
1315 1316
1316 1317
1316 1333
1318 1319
1318 1320
1318 1322
1319 1320
1319 1322
1319 1323
1320 1323
1320 1330
1320 1333
1321 1322
1321 1323
1321 1324
1321 1331
1321 1332
1322 1323
1323 1330
1323 1331
1323 1334
1324 1325
1324 1328
1324 1332
1325 1326
1325 1328
1326 1327
1326 1328
1326 1329
1327 1329
1328 1329
1328 1332
1330 1333
1330 1334
1331 1332
1331 1334
1332 1333
1332 1334
1333 1334
1335 1338
1336 1337
1336 1338
1336 1339
1336 1340
1336 1350
1336 1352
1337 1338
1337 1339
1338 1339
1338 1352
1339 1340
1340 1347
1340 1350
1340 1351
1340 1353
1340 1361
1341 1343
1341 1356
1341 1379
1342 1343
1342 1344
1342 1345
1342 1374
1342 1375
1342 1379
1343 1345
1343 1356
1343 1379
1344 1345
1344 1370
1344 1371
1344 1375
1345 1356
1345 1361
1345 1371
1346 1347
1346 1348
1346 1349
1346 1353
1346 1354
1346 1384
1347 1348
1347 1353
1347 1361
1348 1349
1348 1353
1348 1361
1349 1361
1349 1384
1349 1387
1349 1388
1350 1351
1350 1352
1351 1352
1351 1353
1351 1354
1353 1354
1354 1384
1355 1356
1355 1357
1355 1365
1356 1357
1356 1358
1356 1379
1356 1382
1357 1358
1357 1365
1357 1366
1357 1368
1358 1359
1358 1368
1358 1380
1358 1382
1359 1366
1359 1368
1359 1369
1359 1380
1359 1381
1360 1362
1360 1363
1360 1370
1360 1371
1360 1373
1361 1362
1361 1363
1361 1364
1361 1371
1361 1388
1362 1363
1362 1371
1363 1364
1363 1373
1364 1372
1364 1373
1364 1388
1365 1366
1366 1367
1366 1368
1366 1369
1367 1369
1367 1416
1369 1381
1369 1416
1370 1371
1370 1373
1370 1375
1370 1376
1372 1373
1372 1386
1372 1387
1372 1388
1373 1376
1373 1386
1373 1392
1373 1393
1373 1396
1374 1375
1374 1376
1374 1377
1374 1378
1374 1379
1375 1376
1376 1378
1376 1381
1376 1383
1376 1396
1376 1416
1377 1378
1377 1379
1377 1382
1377 1383
1378 1383
1379 1382
1380 1381
1380 1382
1380 1383
1381 1383
1381 1416
1382 1383
1384 1385
1384 1386
1384 1387
1385 1386
1385 1393
1386 1387
1386 1392
1386 1393
1387 1388
1389 1390
1389 1391
1389 1392
1389 1396
1389 1408
1390 1391
1390 1392
1390 1393
1390 1404
1391 1404
1391 1407
1391 1408
1391 1409
1391 1431
1392 1393
1392 1396
1393 1400
1393 1404
1393 1405
1394 1397
1394 1410
1394 1412
1394 1416
1394 1426
1394 1427
1395 1396
1395 1397
1396 1397
1396 1408
1396 1412
1396 1416
1397 1412
1397 1416
1398 1399
1398 1403
1398 1406
1398 1418
1399 1401
1399 1406
1399 1418
1399 1419
1399 1422
1400 1401
1400 1402
1400 1405
1400 1421
1401 1402
1401 1405
1401 1406
1401 1419
1402 1419
1402 1421
1403 1406
1403 1407
1403 1433
1403 1437
1404 1405
1404 1406
1404 1407
1405 1406
1406 1407
1407 1431
1407 1433
1408 1409
1408 1410
1408 1412
1409 1410
1409 1411
1409 1429
1409 1431
1410 1411
1410 1412
1410 1426
1411 1425
1411 1426
1411 1427
1411 1429
1413 1414
1413 1415
1413 1416
1413 1417
1414 1416
1414 1417
1414 1457
1415 1417
1415 1457
1416 1425
1416 1427
1416 1457
1417 1457
1418 1422
1419 1420
1419 1421
1419 1422
1420 1421
1420 1422
1423 1424
1423 1425
1423 1450
1423 1457
1424 1450
1424 1453
1424 1456
1424 1457
1425 1427
1425 1429
1425 1430
1425 1432
1425 1450
1425 1457
1426 1427
1428 1430
1428 1435
1428 1443
1428 1448
1428 1450
1428 1451
1429 1431
1429 1432
1430 1432
1430 1433
1430 1435
1430 1450
1431 1432
1431 1433
1432 1433
1433 1435
1433 1436
1433 1437
1434 1435
1434 1436
1434 1442
1434 1443
1434 1444
1434 1445
1435 1436
1435 1443
1436 1437
1436 1442
1437 1438
1437 1442
1438 1439
1438 1442
1438 1445
1438 1446
1439 1440
1439 1441
1439 1446
1440 1441
1441 1446
1441 1447
1441 1472
1442 1445
1443 1444
1443 1451
1444 1445
1444 1451
1445 1446
1445 1447
1445 1451
1445 1452
1445 1462
1446 1447
1447 1462
1447 1472
1448 1449
1448 1450
1448 1451
1448 1454
1448 1456
1449 1451
1449 1452
1449 1454
1450 1456
1451 1452
1452 1454
1452 1455
1452 1460
1452 1461
1452 1462
1452 1463
1452 1465
1453 1455
1453 1456
1453 1457
1454 1455
1454 1456
1455 1456
1455 1457
1455 1463
1455 1465
1457 1464
1457 1465
1458 1459
1458 1460
1458 1461
1458 1462
1458 1465
1458 1468
1458 1469
1459 1465
1459 1467
1459 1468
1460 1461
1460 1465
1461 1462
1462 1469
1462 1472
1463 1465
1464 1465
1464 1466
1464 1467
1465 1466
1465 1467
1466 1467
1468 1469
1468 1471
1469 1470
1469 1471
1469 1472
1470 1471
1470 1472
1473 1474
1473 1475
1473 1476
1473 1480
1473 1490
1474 1476
1474 1477
1474 1486
1474 1487
1475 1476
1475 1480
1475 1481
1476 1477
1476 1481
1477 1478
1477 1479
1477 1481
1477 1482
1477 1483
1477 1486
1477 1494
1477 1497
1478 1479
1478 1480
1478 1481
1478 1490
1479 1490
1479 1497
1479 1499
1480 1481
1480 1490
1482 1483
1482 1484
1482 1493
1482 1494
1482 1496
1482 1521
1483 1484
1483 1485
1483 1486
1484 1485
1484 1521
1484 1523
1485 1486
1485 1487
1485 1488
1485 1523
1485 1557
1486 1487
1487 1488
1489 1490
1489 1491
1489 1492
1489 1503
1490 1492
1490 1498
1490 1499
1490 1501
1490 1502
1490 1503
1490 1504
1490 1506
1491 1503
1492 1503
1493 1494
1493 1496
1494 1495
1494 1496
1494 1497
1494 1508
1495 1497
1495 1500
1495 1507
1495 1508
1495 1510
1496 1508
1496 1517
1496 1521
1497 1499
1497 1500
1498 1501
1498 1502
1498 1509
1498 1511
1498 1514
1498 1515
1499 1500
1499 1501
1500 1501
1500 1510
1501 1510
1501 1511
1502 1505
1502 1506
1502 1515
1503 1504
1503 1528
1503 1531
1503 1533
1503 1535
1504 1506
1504 1531
1505 1506
1505 1513
1505 1515
1505 1516
1505 1531
1506 1531
1507 1508
1507 1509
1507 1510
1508 1509
1508 1517
1508 1542
1509 1510
1509 1511
1509 1512
1509 1514
1509 1530
1509 1542
1510 1511
1512 1513
1512 1514
1512 1516
1512 1529
1512 1530
1513 1516
1513 1528
1513 1529
1513 1531
1514 1515
1514 1516
1515 1516
1517 1518
1517 1519
1517 1521
1517 1542
1517 1543
1518 1519
1518 1537
1518 1538
1518 1543
1519 1520
1519 1521
1519 1522
1519 1538
1519 1540
1519 1541
1520 1521
1520 1522
1520 1523
1521 1523
1522 1523
1522 1524
1522 1525
1522 1526
1522 1540
1523 1524
1523 1525
1523 1526
1523 1557
1523 1558
1524 1525
1525 1526
1526 1540
1526 1558
1526 1578
1527 1528
1527 1531
1528 1529
1528 1531
1528 1533
1528 1534
1529 1530
1529 1534
1529 1591
1530 1542
1530 1545
1530 1569
1530 1570
1530 1590
1530 1591
1532 1534
1532 1536
1532 1589
1533 1534
1533 1535
1533 1549
1534 1536
1534 1548
1534 1549
1534 1589
1534 1591
1535 1547
1535 1549
1536 1548
1536 1550
1536 1589
1536 1603
1537 1538
1537 1539
1537 1543
1537 1544
1538 1539
1538 1541
1539 1541
1539 1544
1539 1577
1539 1578
1540 1541
1540 1578
1541 1578
1542 1543
1542 1545
1542 1546
1543 1544
1543 1546
1544 1546
1544 1571
1544 1577
1544 1580
1545 1546
1545 1569
1545 1571
1546 1571
1547 1549
1547 1551
1547 1568
1548 1549
1548 1550
1548 1551
1549 1551
1550 1551
1550 1566
1550 1602
1550 1603
1551 1566
1551 1568
1552 1553
1552 1554
1552 1556
1552 1582
1552 1585
1552 1587
1553 1554
1553 1556
1554 1585
1555 1556
1555 1581
1556 1581
1556 1582
1557 1558
1557 1559
1557 1560
1558 1559
1558 1578
1559 1560
1559 1561
1559 1562
1559 1563
1559 1578
1560 1561
1561 1562
1561 1563
1562 1563
1563 1576
1563 1578
1563 1628
1563 1630
1563 1650
1563 1651
1564 1565
1564 1566
1564 1568
1564 1602
1565 1567
1565 1568
1565 1602
1566 1568
1566 1602
1567 1586
1567 1602
1567 1604
1569 1570
1569 1571
1569 1572
1570 1572
1570 1573
1570 1590
1570 1628
1571 1572
1571 1580
1572 1573
1572 1580
1573 1576
1573 1580
1573 1628
1574 1575
1574 1576
1574 1577
1574 1579
1574 1580
1575 1576
1575 1578
1575 1579
1576 1578
1576 1580
1576 1628
1577 1578
1577 1579
1577 1580
1578 1579
1581 1582
1581 1583
1581 1584
1581 1594
1582 1583
1582 1587
1583 1584
1583 1587
1584 1587
1584 1588
1584 1594
1584 1596
1584 1610
1584 1623
1585 1586
1585 1587
1585 1588
1586 1588
1586 1604
1586 1607
1586 1608
1587 1588
1588 1607
1588 1608
1588 1623
1588 1625
1588 1626
1589 1591
1589 1592
1589 1599
1589 1600
1589 1603
1590 1591
1590 1592
1590 1593
1590 1600
1590 1628
1590 1643
1591 1592
1592 1600
1593 1600
1594 1595
1594 1596
1594 1597
1594 1598
1595 1596
1595 1597
1595 1610
1596 1610
1597 1598
1597 1610
1597 1611
1597 1612
1597 1613
1598 1611
1598 1613
1598 1616
1598 1617
1599 1600
1599 1601
1599 1603
1600 1601
1600 1637
1600 1643
1600 1664
1601 1603
1601 1637
1602 1603
1602 1604
1602 1605
1602 1606
1602 1633
1602 1637
1603 1637
1604 1605
1604 1606
1604 1607
1605 1606
1605 1607
1605 1621
1605 1633
1605 1634
1605 1636
1607 1608
1607 1621
1607 1622
1608 1622
1608 1625
1609 1610
1609 1612
1609 1614
1609 1615
1609 1623
1610 1612
1610 1623
1611 1613
1612 1613
1612 1614
1612 1618
1613 1617
1613 1618
1614 1615
1614 1616
1614 1617
1614 1618
1615 1616
1615 1617
1615 1623
1615 1624
1615 1638
1615 1639
1616 1617
1617 1618
1619 1620
1619 1621
1619 1634
1619 1636
1619 1654
1619 1655
1620 1621
1620 1622
1620 1625
1620 1627
1620 1653
1620 1654
1621 1622
1621 1636
1622 1625
1623 1624
1623 1626
1623 1640
1624 1638
1624 1640
1625 1626
1625 1627
1626 1627
1626 1640
1626 1642
1627 1641
1627 1642
1627 1653
1628 1629
1628 1630
1628 1632
1628 1643
1629 1632
1629 1643
1629 1644
1629 1648
1630 1631
1630 1632
1630 1650
1631 1632
1631 1650
1632 1648
1632 1650
1632 1652
1633 1634
1633 1635
1633 1637
1634 1635
1634 1636
1634 1655
1635 1637
1635 1655
1635 1669
1637 1664
1637 1669
1638 1639
1638 1640
1638 1641
1638 1642
1639 1641
1640 1642
1641 1642
1641 1653
1641 1656
1641 1657
1643 1644
1643 1645
1643 1646
1643 1647
1643 1658
1643 1659
1643 1664
1644 1645
1644 1646
1644 1648
1645 1646
1646 1647
1646 1648
1647 1648
1647 1649
1648 1649
1648 1652
1649 1651
1649 1652
1650 1651
1650 1652
1651 1652
1653 1654
1653 1656
1654 1655
1654 1656
1655 1656
1655 1657
1655 1669
1656 1657
1657 1668
1657 1669
1658 1659
1658 1662
1659 1660
1659 1662
1659 1664
1660 1661
1660 1662
1660 1664
1660 1667
1661 1662
1661 1667
1662 1667
1663 1664
1663 1665
1663 1666
1663 1667
1663 1669
1663 1671
1664 1667
1664 1669
1665 1666
1665 1671
1665 1672
1666 1667
1666 1672
1667 1670
1667 1672
1668 1669
1668 1670
1668 1671
1669 1671
1670 1671
1670 1672
1671 1672
