0 1
0 2
0 3
0 5
0 7
0 64
0 85
0 289
0 313
0 338
0 625
0 673
0 675
1 2
1 4
1 5
1 7
2 5
3 5
3 64
4 5
4 7
5 7
5 8
5 64
6 8
6 9
6 64
6 67
7 8
7 9
7 65
7 625
8 9
8 64
9 65
9 67
10 11
10 12
10 36
11 12
11 17
11 18
11 19
11 24
11 36
12 19
12 34
12 35
12 36
13 14
13 16
13 36
14 15
14 16
14 25
14 36
15 16
15 25
15 28
15 31
15 33
16 28
16 30
16 36
17 18
17 19
17 20
18 20
18 24
19 20
19 35
19 38
19 45
19 46
20 21
20 22
20 23
20 24
20 46
21 22
21 23
21 32
21 47
22 46
22 47
22 49
23 24
23 26
23 32
23 33
24 25
24 26
24 36
25 26
25 33
25 36
26 33
27 28
27 29
27 31
27 44
27 53
28 29
28 30
28 31
29 30
29 43
29 44
30 36
30 43
30 90
31 33
31 53
32 33
32 47
32 50
33 50
33 53
34 35
34 36
34 37
35 37
35 38
36 37
36 64
36 65
36 66
36 90
36 625
36 626
36 627
38 39
38 45
38 74
39 40
39 71
39 73
39 74
39 75
39 79
39 90
40 90
40 91
40 93
40 102
41 42
41 44
41 51
41 52
41 59
41 61
41 62
42 43
42 44
42 59
42 62
42 90
43 44
43 90
44 52
44 53
45 46
45 48
45 74
46 48
46 49
47 49
47 50
47 70
48 49
48 70
48 72
48 73
48 74
48 75
48 76
49 70
50 53
50 55
50 56
50 70
50 72
51 52
51 53
51 54
51 55
51 56
51 61
52 53
53 55
54 56
54 58
54 60
54 61
55 56
56 57
56 58
56 72
57 58
57 72
57 80
58 60
58 80
59 60
59 61
59 62
59 90
60 61
60 80
60 90
63 64
63 69
63 81
63 90
63 95
63 96
64 66
64 67
64 81
64 84
64 85
64 90
65 66
65 67
65 625
66 67
68 69
68 90
68 99
69 90
69 96
69 99
70 72
71 72
71 73
71 76
71 77
71 78
71 79
71 80
72 76
72 80
73 75
73 76
74 75
77 78
77 80
78 79
78 80
78 90
79 90
80 90
81 82
81 83
81 84
81 86
81 88
81 95
81 96
82 83
82 88
83 88
83 89
83 96
84 85
84 86
85 86
85 331
85 338
85 340
85 342
85 343
85 353
85 354
85 355
85 356
85 357
85 361
85 438
86 87
86 88
86 438
86 439
87 88
87 89
87 439
87 441
87 495
88 89
89 96
90 91
90 92
90 93
90 94
90 99
90 100
90 101
90 102
91 92
91 93
92 93
92 94
93 94
93 102
95 96
96 97
96 98
96 99
97 98
97 99
97 104
97 106
98 99
99 100
99 104
100 101
100 103
100 104
100 110
101 102
101 103
102 103
103 109
103 110
104 105
104 106
104 107
104 108
104 110
105 106
105 107
105 114
106 114
107 108
107 111
107 113
107 114
108 109
108 110
108 111
109 110
109 111
111 112
111 113
112 113
112 114
113 114
115 117
115 118
115 120
115 124
115 127
115 158
115 530
116 118
116 119
116 530
117 126
117 127
117 530
118 119
118 120
118 530
119 120
119 131
119 132
119 145
119 158
119 530
120 158
121 122
121 124
121 125
121 133
121 135
121 143
122 123
122 124
122 125
122 127
123 125
123 126
123 127
124 127
124 143
124 144
124 158
125 126
125 133
125 598
126 127
126 530
126 561
126 596
126 598
128 129
128 130
128 146
128 149
129 130
129 132
129 149
129 153
129 154
129 530
129 532
129 533
130 131
130 132
130 146
131 132
131 145
131 146
132 530
133 134
133 135
133 137
133 598
134 135
134 136
134 137
134 138
134 160
135 136
135 143
135 164
135 165
136 160
136 161
136 164
137 138
137 139
137 598
137 599
138 139
138 140
138 160
139 140
139 176
139 592
139 599
140 160
140 162
140 176
140 177
141 142
141 144
141 157
141 165
141 166
141 193
142 144
142 155
142 157
143 144
143 165
144 155
144 156
144 158
144 165
145 146
145 147
145 148
145 156
145 158
145 182
146 147
146 148
146 149
147 148
147 149
147 182
147 184
147 393
149 150
149 152
149 154
149 393
149 396
150 151
150 152
150 154
151 152
151 154
151 394
151 395
151 396
152 396
153 154
153 378
153 381
153 382
153 384
153 386
153 394
153 398
153 399
153 405
153 406
153 410
153 411
153 425
153 533
154 394
155 156
155 157
156 157
156 158
156 182
156 183
157 180
157 183
157 185
157 193
159 160
159 161
159 162
159 178
159 186
159 188
159 192
160 161
160 162
161 164
161 191
161 192
162 177
162 178
163 164
163 165
163 166
163 191
163 195
163 196
164 165
164 191
165 166
166 193
166 194
166 195
166 196
167 168
167 170
167 171
167 202
167 203
168 170
168 176
168 178
168 179
168 203
168 204
169 170
169 171
169 172
169 173
169 174
169 175
169 176
169 591
169 593
169 617
170 171
170 176
171 173
171 202
171 213
172 174
172 175
173 175
173 199
173 201
173 212
173 213
174 175
174 201
174 617
174 619
174 620
174 635
175 201
176 177
176 178
176 592
176 593
177 178
178 179
178 188
178 207
178 221
179 204
179 207
179 221
179 369
179 374
179 375
179 377
180 181
180 184
180 185
180 193
180 197
180 218
180 235
180 237
180 252
180 393
181 185
182 183
182 184
183 184
183 185
184 185
184 393
186 187
186 188
186 192
187 188
187 189
187 190
187 192
188 190
188 207
189 190
189 191
189 192
190 191
190 207
190 208
190 211
191 192
191 195
191 208
193 194
193 196
193 197
194 196
195 196
195 197
195 208
195 209
195 210
196 197
197 209
197 218
197 235
198 199
198 200
198 212
198 215
198 637
198 638
199 200
199 201
199 212
200 201
200 637
200 640
200 641
201 635
201 640
202 203
202 213
202 214
203 204
203 205
203 214
204 205
204 377
205 214
205 245
205 248
205 250
205 376
205 377
206 207
206 211
206 223
206 224
206 230
207 211
207 221
207 223
208 210
208 211
209 210
209 218
209 219
209 229
210 211
210 229
210 230
211 230
212 213
212 215
213 214
213 215
214 215
214 239
214 244
214 245
215 238
215 239
215 240
215 638
216 217
216 220
216 228
216 229
216 230
216 256
217 219
217 220
217 233
217 235
217 256
218 219
218 235
219 220
219 229
219 235
220 229
221 222
221 223
221 369
221 370
221 374
222 223
222 224
222 225
222 227
222 365
222 370
223 224
224 226
224 227
224 230
224 232
225 226
225 227
225 231
225 365
226 227
226 231
226 232
228 230
228 231
228 232
228 256
228 258
229 230
230 232
231 232
231 257
231 258
231 363
231 365
233 234
233 235
233 236
233 253
233 256
233 258
234 235
234 237
234 252
234 253
235 237
236 253
236 254
236 258
236 259
236 269
237 252
238 239
238 240
238 638
238 649
239 240
239 244
239 246
240 241
240 246
240 649
241 246
241 263
241 264
241 649
242 243
242 244
242 245
242 246
242 262
242 263
243 245
243 251
243 262
244 245
244 246
245 250
245 251
246 263
247 248
247 249
247 367
247 376
248 249
248 250
248 376
249 250
249 367
249 368
249 371
250 251
250 270
250 371
251 262
251 270
252 253
252 254
252 255
252 266
252 393
253 254
254 255
254 266
254 267
254 268
254 269
255 266
256 258
257 258
257 260
257 281
257 293
257 294
257 363
257 364
257 366
258 259
258 260
259 260
259 261
259 267
259 269
260 261
260 281
260 294
261 266
261 267
261 268
261 276
261 279
261 281
262 263
262 265
262 270
262 272
263 264
263 265
264 265
264 647
264 648
264 649
264 665
264 667
265 272
265 667
266 268
266 276
266 393
267 268
267 269
270 271
270 272
270 275
270 286
270 371
271 272
272 286
272 667
273 274
273 275
273 282
273 284
273 288
273 307
273 308
273 310
273 311
273 363
273 371
274 275
274 286
274 288
275 286
275 371
276 279
276 280
276 301
276 393
276 401
276 402
277 278
277 279
277 280
277 281
277 296
277 302
277 303
278 281
278 294
278 295
278 296
278 303
279 280
279 281
280 301
280 302
280 304
281 294
282 283
282 284
282 285
282 293
282 363
283 285
283 293
284 285
284 308
285 293
285 299
285 300
285 308
285 314
285 318
286 287
286 288
286 290
286 667
287 289
287 290
287 667
288 290
288 310
289 290
289 313
289 667
289 668
289 670
289 675
290 310
290 312
290 313
291 292
291 296
291 302
291 304
291 324
292 294
292 295
292 296
292 297
292 298
292 319
292 324
293 294
293 298
293 299
293 363
293 366
294 295
294 298
294 299
295 296
296 302
296 303
297 298
297 300
297 314
297 319
297 323
298 299
298 300
299 300
300 314
301 304
301 325
301 326
301 402
302 303
302 304
304 324
304 325
305 306
305 309
305 311
305 312
305 317
305 332
305 344
306 307
306 309
306 317
306 318
307 308
307 309
307 311
307 318
308 318
309 311
310 311
310 312
311 312
312 313
312 339
312 344
313 338
313 339
314 316
314 318
314 322
314 323
315 316
315 317
315 321
315 328
315 330
316 317
316 318
316 321
316 322
317 318
317 330
317 332
319 320
319 322
319 323
319 324
319 335
320 321
320 322
320 328
320 335
320 349
320 361
321 322
321 328
322 323
324 325
324 335
325 326
325 327
325 335
325 336
326 327
326 348
326 402
326 438
327 336
327 337
327 348
328 329
328 330
328 353
328 361
329 330
329 331
329 333
329 353
329 354
330 332
330 333
331 333
331 340
331 354
332 333
332 344
333 340
333 344
334 335
334 336
334 337
334 349
334 350
334 351
335 336
335 349
336 337
337 345
337 348
337 350
338 339
338 341
338 343
339 340
339 341
339 342
339 344
340 342
340 344
341 342
341 343
342 343
345 346
345 347
345 348
345 350
345 438
346 347
346 350
346 352
346 438
347 438
348 438
349 351
349 358
349 360
349 361
350 351
350 352
351 352
351 358
352 358
352 438
353 354
353 355
353 356
353 357
353 361
355 356
355 357
356 361
358 359
358 360
358 438
359 360
359 361
359 438
360 361
361 438
362 363
362 365
362 371
362 373
363 364
363 365
363 366
363 371
364 366
365 370
365 373
367 368
367 374
367 376
368 369
368 370
368 371
368 372
368 373
368 374
369 370
369 374
370 373
371 372
371 373
372 373
374 375
374 376
375 376
375 377
376 377
378 380
378 381
378 382
378 383
378 384
379 380
379 383
379 388
379 389
380 383
380 384
380 387
380 389
381 382
382 383
382 390
382 405
383 388
383 390
384 385
384 386
384 387
385 386
385 387
385 389
385 406
386 406
387 389
388 389
388 390
388 392
388 405
388 406
389 406
390 391
390 392
390 405
391 392
391 405
392 405
393 394
393 396
393 401
393 404
394 395
394 396
394 404
394 405
395 396
397 398
397 399
397 400
397 406
397 409
397 417
397 424
397 435
398 399
398 400
398 407
398 409
398 410
399 400
399 406
401 402
401 403
401 404
401 431
402 403
402 431
402 438
403 431
404 405
404 406
404 412
404 413
404 414
404 418
404 422
404 428
404 431
405 406
406 414
406 415
406 417
407 408
407 409
407 410
407 411
408 409
408 411
408 423
408 424
408 426
408 427
409 424
410 411
411 425
411 426
412 413
412 416
412 421
412 422
413 414
413 415
413 416
414 415
415 416
415 417
416 417
416 420
416 421
417 420
417 421
417 430
417 433
417 435
418 419
418 422
418 428
419 421
419 422
419 428
419 429
420 421
421 422
421 429
421 430
423 424
423 426
423 427
423 435
424 435
425 426
425 435
426 427
426 435
428 429
428 430
428 431
429 430
430 431
430 432
430 433
430 439
430 441
431 438
431 439
432 433
432 434
432 437
432 441
432 442
433 434
433 435
433 436
434 436
434 437
435 436
435 437
435 443
435 444
436 437
437 442
437 443
438 439
439 441
440 441
440 496
441 442
441 495
441 496
442 443
442 496
443 444
443 494
443 496
443 497
444 445
444 446
444 447
444 448
444 494
444 503
444 505
445 447
445 449
445 453
445 463
445 465
446 447
446 448
446 451
447 449
447 450
447 451
448 451
448 505
449 450
449 453
450 451
450 452
450 453
451 452
451 503
451 504
451 505
451 506
452 453
452 455
452 506
453 454
453 455
453 456
453 463
453 464
454 456
454 457
454 462
454 464
455 456
455 506
455 507
456 457
456 502
456 507
457 458
457 462
457 502
457 510
457 512
458 459
458 462
458 508
458 512
459 460
459 462
459 508
460 461
460 462
460 469
460 475
460 476
460 508
461 462
461 463
461 464
461 469
462 464
463 464
463 465
463 467
463 469
465 466
465 467
465 468
465 473
466 467
466 468
467 468
467 469
467 470
468 470
468 472
468 473
469 470
469 476
470 471
470 472
470 476
471 472
471 473
471 475
471 476
471 477
472 473
473 474
473 477
473 478
473 482
473 483
474 478
474 483
474 484
475 476
475 477
475 508
477 478
477 479
477 480
477 508
478 479
478 484
479 480
479 481
479 484
479 485
480 481
480 508
481 485
481 500
481 501
481 508
482 483
482 485
482 498
482 501
483 484
483 485
484 485
485 501
486 487
486 488
486 491
486 492
486 502
486 503
486 506
487 503
488 489
488 490
488 491
488 502
488 508
488 509
488 511
489 490
489 508
490 491
490 508
491 498
491 499
491 500
491 508
492 493
492 503
493 494
493 503
494 497
494 503
495 496
495 497
496 497
498 499
498 501
499 500
499 501
500 501
500 508
502 506
502 507
502 510
502 511
503 504
503 505
503 506
504 506
506 507
508 509
508 512
509 510
509 511
509 512
510 511
510 512
513 514
513 515
513 516
513 517
514 515
514 516
514 517
514 518
514 519
514 528
515 517
516 517
516 518
516 520
516 521
517 521
517 522
517 528
518 519
518 520
519 520
519 521
519 526
519 527
519 528
520 521
521 522
521 524
521 527
522 523
522 524
522 525
524 525
524 527
524 534
524 535
524 539
524 571
524 603
525 534
525 629
526 527
526 528
527 528
527 531
527 571
528 529
528 531
529 530
529 531
529 532
530 531
530 532
530 560
530 561
530 596
531 549
531 550
531 551
531 552
531 560
531 571
531 587
532 533
534 535
534 536
534 545
534 629
535 536
535 539
535 541
535 542
536 537
536 538
536 541
536 545
537 538
537 540
537 541
537 553
537 555
537 556
538 545
538 546
538 556
539 540
539 542
539 555
539 603
540 541
540 542
540 555
541 542
543 544
543 545
543 629
543 630
544 545
544 629
545 546
545 629
545 630
546 556
546 577
546 630
547 548
547 552
547 565
547 570
547 587
548 565
548 581
548 587
548 589
549 550
549 552
549 569
549 587
550 551
550 552
550 566
550 567
550 569
551 560
551 566
552 568
552 569
552 570
552 587
553 555
553 556
553 557
554 555
554 557
554 575
554 576
554 603
555 557
555 603
556 557
556 577
557 575
557 577
557 578
558 560
558 561
558 562
558 563
559 560
559 564
559 566
559 567
559 569
559 582
560 561
560 562
560 564
560 566
561 562
561 563
561 564
561 596
561 600
562 563
562 564
564 582
564 590
564 600
565 570
565 580
565 581
565 583
565 584
566 567
567 569
568 569
568 570
569 570
569 582
569 583
570 583
571 572
571 573
571 574
571 585
571 586
571 587
571 603
572 573
572 574
572 603
572 604
573 574
574 586
574 603
574 604
575 576
575 578
575 579
576 579
576 603
577 578
577 630
578 579
578 630
579 603
579 630
580 581
580 584
580 590
581 589
581 590
582 583
582 584
582 590
583 584
584 590
585 586
585 587
586 587
586 588
586 593
586 603
587 588
587 589
587 590
587 593
588 593
589 590
590 592
590 593
590 594
590 600
591 593
591 608
591 617
592 593
592 594
592 597
592 599
593 603
593 607
593 608
593 611
594 595
594 597
594 600
595 596
595 597
595 600
596 597
596 598
596 599
596 600
597 599
598 599
601 602
601 605
601 627
602 603
602 605
602 612
602 615
602 627
603 604
603 611
603 612
603 627
603 630
605 606
605 615
605 616
605 622
605 627
605 631
605 633
605 654
606 633
606 642
606 652
606 654
606 655
607 608
607 609
607 610
607 611
607 617
608 617
609 610
609 617
609 618
609 619
609 624
610 611
610 624
611 612
611 624
612 613
612 615
612 624
613 614
613 615
613 616
613 624
614 616
614 621
614 622
614 624
615 616
616 622
617 619
618 619
618 621
618 623
618 624
618 634
619 620
619 634
619 635
620 635
621 622
621 623
621 624
622 623
622 631
623 631
623 634
625 627
625 658
625 661
625 671
625 673
625 677
626 627
626 630
627 628
627 630
627 654
627 661
628 654
628 661
629 630
631 632
631 633
631 634
631 639
632 633
632 637
632 639
632 641
632 646
633 642
633 646
634 635
634 639
635 639
635 640
636 637
636 638
636 643
636 644
636 646
637 638
637 641
637 646
638 644
638 649
638 650
639 640
639 641
640 641
642 643
642 645
642 646
642 651
642 655
643 644
643 645
643 646
644 645
644 650
644 651
645 651
647 648
647 649
647 665
647 666
648 649
649 650
649 657
649 666
650 651
650 657
651 655
651 656
651 657
652 653
652 654
652 655
652 656
652 664
653 656
653 662
653 664
653 666
653 676
654 659
654 660
654 661
654 664
655 656
656 657
656 666
657 666
658 660
658 661
658 677
659 660
659 661
660 661
660 664
660 677
662 663
662 664
662 676
662 677
663 672
663 674
663 676
663 677
664 677
665 666
665 667
665 668
665 669
666 669
666 676
667 668
668 669
668 670
669 670
669 672
669 676
670 672
670 675
671 673
671 674
671 677
672 673
672 674
672 675
672 676
673 674
673 675
674 677
