0 1
0 2
0 3
0 16
0 20
1 2
3 4
3 5
3 6
3 7
3 8
3 9
3 10
3 13
3 20
3 24
3 28
3 29
3 51
4 8
4 10
4 11
5 6
5 9
6 7
6 9
6 10
6 11
7 9
7 10
8 11
10 11
12 13
12 14
12 15
12 24
13 14
13 24
14 15
15 24
15 25
15 707
15 713
16 17
16 18
16 19
16 20
17 18
17 19
17 20
17 23
18 19
20 21
20 23
20 29
20 33
21 22
21 23
21 33
21 67
22 23
24 25
24 27
24 28
24 51
24 729
24 730
25 26
25 27
25 713
26 27
26 711
26 713
26 729
26 731
26 732
27 729
28 29
28 31
28 51
28 52
29 30
29 31
29 33
29 39
30 33
30 36
30 37
30 38
30 39
31 39
31 41
31 52
31 71
32 34
32 35
32 42
32 44
32 46
33 34
33 35
33 38
33 67
34 35
34 38
34 42
35 44
35 45
35 67
36 37
36 38
36 39
36 40
36 42
37 38
38 42
39 40
39 41
40 41
40 42
40 54
40 55
40 57
40 71
40 152
41 71
42 46
42 47
42 48
42 54
43 48
43 54
43 56
43 59
44 45
44 46
44 47
44 67
45 67
46 47
47 48
47 61
47 67
48 54
48 58
48 59
48 61
49 50
49 52
49 71
49 73
50 51
50 52
50 53
50 72
50 73
50 86
51 52
51 53
51 63
51 86
51 730
52 71
54 55
54 56
54 57
55 57
56 57
56 59
57 59
57 60
57 70
57 120
57 152
58 59
58 60
58 61
58 62
59 60
60 62
60 70
61 62
61 67
61 68
62 68
62 70
63 64
63 65
63 66
63 76
63 77
63 80
63 82
63 83
63 84
63 85
63 86
63 730
64 65
64 66
64 80
65 66
66 76
66 77
66 79
66 80
67 68
68 69
68 70
68 116
69 70
69 116
70 116
70 120
71 73
71 74
71 75
71 108
71 109
71 114
71 152
72 73
72 74
72 86
73 74
74 75
74 86
75 86
75 114
76 78
76 79
76 80
76 84
76 105
77 78
77 79
77 85
77 86
77 87
77 101
77 102
78 79
78 98
78 101
78 105
81 83
81 96
81 807
81 855
81 856
82 83
82 84
82 94
82 95
83 95
83 96
83 730
83 735
83 736
83 754
83 755
83 807
84 94
84 105
85 86
86 87
86 102
86 114
87 88
87 89
87 99
87 102
87 114
88 89
88 99
89 90
89 99
89 114
90 99
90 109
90 114
90 147
90 150
91 93
91 95
91 96
91 97
91 131
91 132
92 94
92 97
92 106
92 122
93 96
93 131
93 137
94 95
94 97
94 105
94 106
95 96
95 97
96 137
96 856
97 122
97 132
98 101
98 103
98 104
98 105
98 107
99 100
99 101
99 102
99 104
99 126
99 127
99 144
99 147
100 101
100 102
101 102
101 104
103 104
103 107
103 124
103 125
103 129
104 126
104 128
104 129
105 106
105 107
106 107
106 122
106 124
107 124
108 109
108 152
108 153
109 110
109 111
109 112
109 113
109 114
109 148
109 149
109 150
109 152
109 175
109 215
110 112
110 114
111 113
111 152
112 114
113 152
115 116
115 117
115 118
115 120
115 152
116 117
116 118
116 120
116 327
117 118
118 119
118 152
118 154
118 155
118 310
118 327
118 342
120 152
121 122
121 123
121 124
121 125
121 139
122 123
122 124
122 132
122 133
123 133
123 139
123 140
124 125
125 129
125 139
125 141
125 167
126 127
126 128
127 128
127 129
127 144
128 129
129 144
129 166
129 167
130 131
130 134
130 135
130 157
130 158
131 132
131 134
131 135
131 137
132 133
132 134
133 134
133 140
133 156
133 157
134 157
135 136
135 137
135 138
135 158
136 137
136 138
136 856
137 856
138 158
138 159
138 187
138 856
138 965
138 966
139 140
139 141
139 142
139 143
140 143
140 156
140 170
140 171
141 142
141 143
141 167
141 172
141 197
142 143
143 171
143 172
144 146
144 147
144 160
144 166
145 147
145 150
145 151
145 161
146 160
146 162
146 163
146 165
146 166
147 150
147 160
147 161
148 149
148 151
148 175
148 176
148 177
149 150
149 151
150 151
151 161
151 177
151 179
151 182
151 199
152 153
152 154
152 215
154 155
154 215
155 213
155 215
155 310
156 157
156 158
156 170
157 158
158 159
158 170
159 170
159 174
159 187
159 188
160 161
160 163
160 164
161 164
161 182
162 163
162 165
162 168
162 204
163 164
163 183
163 184
163 204
164 182
164 183
165 166
165 168
166 167
166 168
166 169
166 197
167 197
168 169
168 193
168 204
168 206
169 193
169 197
170 171
170 173
170 174
171 172
171 173
171 192
172 192
172 197
173 174
173 191
173 192
174 188
174 191
174 209
175 176
175 215
176 177
176 215
177 178
177 179
177 180
177 215
178 179
178 180
178 201
178 212
179 199
179 201
180 212
180 215
181 182
181 183
181 184
181 200
181 205
182 183
182 199
182 200
183 184
184 204
184 205
185 186
185 187
185 189
185 210
185 964
185 966
186 187
186 188
186 207
186 209
186 210
187 188
187 189
187 966
188 209
189 966
190 191
190 192
190 196
190 197
190 223
190 224
191 192
191 208
191 209
191 223
192 196
192 197
193 195
193 197
193 205
193 206
193 217
194 195
194 197
194 217
194 225
195 197
195 217
196 197
197 224
197 225
198 199
198 200
198 201
198 202
198 203
198 212
198 231
198 241
199 200
199 201
199 202
200 203
200 205
201 202
201 212
203 205
203 220
203 241
203 247
204 205
204 206
205 206
205 217
205 218
205 219
205 220
207 209
207 210
207 211
207 229
208 209
208 211
208 223
209 211
210 228
210 229
210 964
211 223
211 227
211 229
212 214
212 215
212 231
212 232
213 214
213 215
213 216
213 286
213 310
214 215
214 216
214 232
214 286
215 216
217 219
217 222
217 225
217 236
217 252
218 219
218 220
218 221
219 221
219 222
220 221
220 247
221 222
221 247
222 247
222 248
222 250
222 252
223 224
223 227
224 225
224 226
224 227
224 262
224 263
225 226
225 236
225 237
225 238
225 239
226 239
226 263
227 229
227 230
227 262
228 229
228 230
228 964
228 1014
229 230
230 257
230 258
230 261
230 262
230 280
230 1014
231 232
231 233
231 234
231 235
231 241
231 242
232 234
232 284
232 286
233 235
233 242
233 244
234 235
234 246
234 284
235 244
235 246
236 238
236 252
237 238
237 239
237 240
237 253
238 252
238 253
238 254
239 240
239 263
239 264
240 253
240 255
240 256
240 264
240 265
241 242
241 247
242 243
242 244
242 247
243 244
243 247
243 249
243 272
244 245
244 246
244 272
244 273
245 246
245 271
245 273
245 284
245 294
245 319
246 284
247 248
247 249
248 249
248 250
248 251
249 251
249 270
249 272
250 251
250 252
250 254
250 268
250 269
251 267
251 269
251 270
252 254
253 254
253 255
254 255
254 268
255 256
255 268
256 265
256 268
256 275
257 258
257 260
257 281
257 1014
258 259
258 260
258 261
259 260
259 261
259 279
260 279
260 281
261 279
261 280
262 263
262 280
262 283
263 264
263 283
263 299
264 265
264 276
264 299
265 275
265 276
266 267
266 268
266 269
266 278
267 269
267 270
267 274
267 278
267 291
267 293
268 269
268 275
268 277
268 278
270 272
270 274
271 273
271 274
271 292
271 294
272 273
272 274
273 274
274 292
274 293
274 295
275 276
275 277
276 277
276 299
277 278
277 291
277 299
277 300
278 291
279 280
279 281
280 281
280 282
280 283
280 439
280 441
281 439
281 440
281 1012
281 1013
281 1014
281 1026
281 1032
281 1095
281 1096
281 1098
282 283
283 299
283 302
283 441
283 449
284 286
284 287
284 289
284 319
284 322
285 286
285 288
285 289
285 290
286 288
286 289
286 290
286 310
286 313
287 289
287 322
288 290
289 290
289 313
289 322
289 344
290 313
291 293
291 297
291 300
291 301
291 303
292 294
292 295
293 295
293 297
294 295
294 296
294 319
294 320
295 296
295 297
295 298
296 298
296 304
296 320
297 298
297 303
297 304
298 304
299 300
299 302
300 301
300 302
300 303
302 303
302 306
302 449
303 304
303 305
303 306
304 305
304 307
304 320
304 358
304 377
305 306
305 307
306 307
306 309
306 449
306 452
307 308
307 309
307 377
308 309
308 377
308 378
308 452
309 452
310 311
310 312
310 313
310 314
310 316
310 342
311 312
311 313
311 314
311 330
312 313
313 330
313 336
313 344
313 345
314 315
314 316
314 330
315 316
315 317
315 330
315 331
315 332
315 348
316 317
316 342
317 342
317 348
318 319
318 320
318 322
319 320
319 322
320 321
320 322
320 344
320 358
321 322
321 323
321 344
322 344
323 344
324 325
324 327
324 328
324 329
324 339
324 342
325 326
325 327
325 328
325 329
326 327
326 329
326 339
326 340
326 370
326 408
327 342
328 329
329 339
330 332
330 336
331 332
331 333
331 334
331 335
331 338
331 348
331 352
331 360
332 333
332 336
333 334
333 336
333 337
334 335
334 337
335 336
335 337
335 338
335 345
336 337
336 345
338 345
338 347
338 360
339 340
339 341
339 342
339 343
339 400
339 401
340 341
340 401
340 408
340 410
340 436
342 343
342 348
342 350
342 400
343 400
344 345
344 346
344 347
344 358
344 392
345 347
346 347
346 360
346 362
346 364
346 380
346 390
346 392
347 360
348 349
348 350
348 352
348 353
349 350
349 351
349 353
350 351
350 385
350 386
350 388
350 400
351 353
351 354
351 385
352 353
352 355
352 360
352 361
353 354
353 355
354 355
354 373
354 384
354 385
355 361
355 372
355 373
356 357
356 359
356 377
356 395
357 358
357 359
357 377
358 359
358 377
358 392
359 392
359 395
359 397
360 361
360 362
360 363
361 363
361 372
362 363
362 364
363 364
363 371
363 372
364 371
364 374
364 380
364 382
365 366
365 370
365 408
366 367
366 369
366 370
366 408
366 411
367 368
367 369
367 408
367 409
367 410
367 411
368 369
368 370
369 370
370 408
371 372
371 374
372 373
372 374
373 374
373 383
373 384
374 381
374 382
374 383
375 376
375 378
375 396
375 397
375 398
375 399
375 413
376 378
376 399
376 413
376 471
376 474
376 505
376 535
376 536
376 549
376 578
377 378
377 379
377 395
378 379
378 398
378 450
378 452
378 471
379 395
379 398
380 381
380 382
380 390
380 404
381 382
381 383
381 404
381 406
381 407
383 384
383 389
383 407
383 437
384 385
384 389
385 388
385 389
386 387
386 388
386 400
386 403
387 388
387 389
387 403
387 437
388 389
389 437
390 392
390 393
390 404
390 406
391 392
391 393
391 394
391 397
391 422
392 393
392 397
393 394
393 405
393 406
394 405
394 421
394 422
394 429
395 396
395 397
395 398
396 397
396 398
397 399
397 417
397 418
397 419
397 422
399 412
399 413
399 414
399 419
400 401
400 403
401 402
401 403
401 433
401 436
401 437
402 403
403 437
404 406
405 406
405 407
405 428
405 429
406 407
407 428
407 437
408 410
408 411
409 410
410 436
412 413
412 414
412 415
412 419
412 420
412 533
412 535
413 535
414 415
414 419
415 419
416 417
416 418
416 419
416 420
416 558
417 418
417 422
417 424
417 425
417 558
417 559
418 419
419 420
420 533
420 558
421 422
421 423
421 424
421 425
421 426
421 429
422 424
423 424
423 425
424 425
425 426
425 559
425 571
426 427
426 429
426 432
426 571
427 428
427 432
427 434
427 571
427 572
427 596
427 657
428 429
428 430
428 431
428 432
428 434
428 437
429 430
429 431
429 432
430 431
431 432
433 435
433 436
433 437
434 435
434 436
434 437
434 657
435 436
435 437
436 657
436 659
438 440
438 441
438 442
438 444
438 453
438 1098
439 440
439 441
440 441
440 442
440 1098
441 442
441 449
441 451
441 453
443 444
443 445
443 447
443 448
443 455
443 462
443 475
443 486
444 445
444 448
444 453
444 455
444 1098
445 446
445 447
445 448
445 466
445 1097
445 1098
445 1099
445 1142
446 466
446 1142
447 462
447 466
449 450
449 451
449 452
449 457
449 458
449 460
449 471
450 452
450 471
451 453
451 454
451 456
451 458
453 455
453 456
454 456
454 458
454 459
454 475
455 456
455 475
456 475
457 458
457 459
457 460
457 461
458 459
459 461
459 472
459 475
459 477
460 461
460 471
461 471
461 472
461 473
462 464
462 465
462 466
462 486
463 464
463 466
463 480
463 481
464 465
464 466
464 481
465 481
465 485
465 486
465 487
465 490
465 492
465 493
466 469
466 480
466 1142
466 1143
466 1144
467 470
467 499
467 501
467 1144
467 1145
467 1151
467 1152
467 1271
467 1273
468 469
468 470
468 479
468 480
468 494
468 499
469 470
469 480
469 1143
469 1144
470 499
470 1144
471 473
471 474
472 473
472 477
472 505
472 507
473 474
473 505
474 505
475 476
475 477
475 478
475 486
475 488
476 478
476 488
477 478
477 503
477 507
478 488
478 503
478 504
479 480
479 482
479 494
479 495
479 496
480 481
480 482
481 482
481 490
482 490
482 491
482 492
482 495
483 484
483 487
483 489
483 493
484 489
484 493
484 504
484 506
484 508
485 486
485 487
485 488
486 488
487 488
487 489
487 493
488 489
488 504
489 504
490 492
491 492
491 493
491 495
491 496
491 509
492 493
493 508
493 509
494 496
494 497
494 499
494 500
495 496
496 497
496 498
496 509
496 512
497 498
497 500
497 512
498 512
499 500
499 501
499 502
500 502
500 512
500 513
500 517
500 520
501 502
501 519
501 1271
502 519
502 520
503 504
503 506
503 507
504 506
505 507
505 527
505 529
505 531
505 578
506 507
506 508
506 511
506 526
506 527
507 527
508 509
508 510
508 511
509 510
509 512
509 514
510 511
510 514
510 521
511 521
511 522
511 523
511 526
512 513
512 514
513 514
513 517
513 521
513 524
513 542
514 521
515 516
515 518
515 519
515 1271
515 1274
516 518
516 1274
516 1298
517 518
517 519
517 520
517 542
518 519
518 542
518 547
518 1298
519 520
519 1271
521 523
521 524
522 523
522 524
522 526
522 538
522 540
522 541
523 524
524 541
524 542
524 544
525 526
525 528
525 537
525 553
526 527
526 528
526 537
526 538
526 539
527 528
527 531
528 531
528 532
528 553
529 530
529 531
529 578
530 531
530 532
530 552
530 555
530 578
531 532
532 552
532 553
533 535
533 551
533 556
533 558
534 535
534 536
534 549
534 550
535 536
535 548
535 550
535 551
535 556
536 549
537 538
537 539
537 540
537 553
537 555
537 560
538 539
538 540
540 541
540 560
541 544
541 546
541 560
542 543
542 544
542 547
543 544
543 545
543 547
544 545
544 546
545 546
545 547
546 547
546 560
547 560
547 562
547 563
547 564
547 1294
547 1298
548 549
548 550
548 551
548 567
549 550
549 567
549 578
549 597
551 556
551 567
552 553
552 555
553 555
554 555
554 578
554 579
555 560
555 578
555 579
555 634
556 557
556 558
556 565
556 566
556 567
556 573
557 558
557 559
557 573
557 575
557 581
557 587
558 559
559 569
559 570
559 571
559 581
560 561
560 563
560 634
560 635
560 1346
561 562
561 563
561 564
561 1346
562 563
562 564
564 1294
564 1346
565 566
565 567
565 568
565 573
565 576
566 567
567 568
567 589
567 597
568 574
568 576
568 586
568 587
568 589
568 592
568 607
568 617
568 620
569 570
569 581
569 582
569 583
570 571
570 572
570 582
570 603
571 572
572 595
572 596
572 603
573 574
573 575
573 576
574 575
574 576
574 587
575 587
577 578
577 579
578 579
578 597
579 580
579 597
579 598
579 634
580 598
580 625
580 634
580 636
580 653
581 583
581 584
581 587
581 588
582 583
582 603
582 604
583 584
583 604
584 585
584 588
584 604
584 606
585 588
585 605
585 606
586 587
586 605
586 607
587 588
587 605
588 605
589 590
589 591
589 592
589 597
590 591
590 597
590 599
591 592
591 599
591 611
592 611
592 617
593 594
593 602
593 613
593 616
594 596
594 602
594 616
594 646
594 648
594 657
595 596
595 602
595 603
596 602
596 657
597 598
597 599
597 600
598 600
598 612
598 625
599 600
599 610
599 611
600 610
600 612
601 602
601 603
601 604
601 614
601 615
601 630
602 603
602 613
602 615
603 604
604 606
604 608
604 630
605 606
605 607
605 608
606 608
607 608
607 620
607 621
607 623
608 621
608 630
608 637
609 610
609 612
609 625
609 626
609 627
610 611
610 612
610 617
610 627
610 628
611 617
612 625
613 614
613 615
613 616
614 615
614 616
614 629
614 630
614 631
616 629
616 646
617 618
617 619
617 620
617 628
618 619
618 628
618 642
619 620
619 641
619 642
620 623
620 624
620 641
621 622
621 623
621 637
621 639
622 623
622 624
622 639
622 640
622 641
622 652
623 624
624 641
625 626
625 653
625 654
626 627
626 628
626 653
626 654
627 628
628 642
628 654
629 631
629 632
629 645
629 646
629 649
630 631
630 637
630 638
631 632
631 638
632 638
632 649
633 634
633 636
633 653
633 656
634 635
634 636
634 656
635 656
635 667
635 670
635 1346
636 653
637 638
637 639
638 639
638 640
638 649
639 640
640 649
640 652
641 642
641 643
641 644
641 652
642 643
642 644
642 654
642 661
643 644
644 652
644 661
644 663
645 646
645 647
645 649
645 660
645 674
646 647
646 648
647 648
647 657
647 660
648 657
649 650
649 651
649 652
649 674
650 651
650 662
650 663
650 674
651 652
651 663
652 663
653 654
653 655
653 656
653 678
654 661
654 666
654 678
654 696
655 656
655 676
655 678
656 667
656 676
657 659
657 660
658 659
658 660
659 660
659 671
659 672
659 674
659 687
660 674
661 663
661 664
661 666
662 663
662 664
662 665
662 666
662 672
662 674
662 675
662 687
662 688
663 664
663 665
664 665
664 666
666 688
666 695
666 696
667 668
667 669
667 670
667 676
667 680
667 681
667 682
667 1346
667 1355
668 669
668 676
668 685
669 680
669 685
670 1346
671 672
671 674
671 675
672 675
672 687
673 674
673 675
674 675
676 677
676 678
676 679
676 685
677 678
678 679
678 696
679 685
679 696
680 681
680 682
680 683
680 684
680 685
681 682
683 684
683 685
684 685
685 696
686 687
686 689
686 691
686 692
687 688
687 689
687 692
688 689
688 691
688 695
689 691
690 692
690 693
690 694
690 696
691 692
691 693
691 695
692 693
693 694
693 695
693 696
694 696
695 696
697 698
697 699
697 703
698 699
698 703
699 700
699 703
699 704
700 701
700 704
700 722
702 704
702 715
702 716
702 718
702 719
703 704
703 705
704 705
704 715
704 721
704 722
706 707
706 708
706 709
707 709
707 711
707 713
708 709
709 710
709 711
710 711
710 712
710 714
710 725
710 727
710 731
711 713
711 714
711 731
712 714
715 716
715 717
715 719
715 721
716 717
716 718
717 718
717 719
718 719
719 721
719 724
719 822
719 823
720 723
720 724
720 726
720 745
720 746
720 761
720 779
720 787
720 788
721 722
721 723
721 724
722 723
723 724
724 787
724 823
725 726
725 727
726 727
726 728
726 745
727 728
727 731
727 737
727 741
727 742
727 744
727 750
727 753
727 757
727 764
727 783
728 745
728 764
729 730
729 732
729 735
730 735
731 732
731 733
731 734
731 737
732 733
732 735
733 734
733 735
733 736
733 738
734 737
734 738
735 736
736 738
736 740
736 754
737 738
737 741
737 742
738 739
738 740
738 742
739 740
739 742
739 743
739 755
740 754
740 755
741 742
742 743
742 744
743 744
743 755
743 756
743 757
744 757
745 746
745 747
745 748
745 749
745 763
745 764
745 765
745 774
746 747
746 758
746 759
746 761
746 762
747 748
747 759
747 760
747 771
748 749
748 771
749 771
749 773
749 774
750 751
750 753
750 764
751 752
751 753
751 764
751 767
751 768
752 764
752 767
753 768
753 769
753 783
753 784
753 785
754 755
755 756
755 757
755 807
756 757
757 783
757 807
757 808
758 759
758 760
758 762
758 772
758 791
758 793
758 796
759 760
760 771
760 772
761 762
761 779
761 780
762 780
762 796
763 764
763 765
763 766
764 766
764 767
764 775
765 766
765 774
765 824
765 1161
766 775
766 1161
767 768
767 775
767 776
768 769
768 770
768 776
769 770
769 785
770 776
770 785
770 811
770 814
771 772
771 773
772 773
772 793
772 803
773 774
773 800
773 803
774 800
774 824
775 776
775 777
775 778
775 1161
776 778
776 814
776 834
777 778
777 834
777 1155
777 1156
777 1161
778 834
779 780
779 781
779 782
779 788
779 815
779 816
779 817
779 842
779 846
780 781
780 796
780 798
781 782
781 798
781 799
782 799
782 829
782 846
783 784
783 785
783 786
783 808
784 785
785 786
785 809
785 811
785 812
786 805
786 808
786 809
787 788
787 789
787 815
787 823
788 815
789 790
789 815
789 822
789 823
789 864
789 865
790 820
790 822
790 865
790 928
791 792
791 793
791 796
792 793
792 795
792 796
792 797
793 794
793 795
793 803
793 804
794 795
794 801
794 802
794 804
794 837
795 797
795 828
795 837
795 838
796 797
796 798
796 799
797 799
797 828
798 799
799 828
799 829
800 801
800 802
800 803
800 804
800 824
800 825
801 802
801 804
802 825
802 837
802 850
802 851
803 804
805 806
805 808
805 809
805 810
805 855
805 882
805 901
806 809
807 808
807 855
808 855
809 810
809 812
810 812
810 813
810 814
810 836
810 882
811 812
811 813
811 814
812 813
813 814
814 834
814 836
815 816
815 817
815 818
815 864
816 817
817 818
817 819
817 842
818 819
818 864
819 842
819 844
819 864
819 867
820 821
820 822
820 928
820 1001
821 822
821 1001
821 1003
821 1017
821 1019
821 1059
821 1060
822 823
824 825
824 826
824 1161
825 826
825 827
825 850
825 853
826 827
826 1158
826 1159
826 1161
827 853
827 1159
828 829
828 838
828 840
829 830
829 831
829 840
829 846
830 831
830 840
830 848
830 870
830 889
831 845
831 846
831 847
831 848
831 849
832 833
832 834
832 836
832 1155
832 1156
833 835
833 836
833 879
833 880
833 1155
834 836
834 1156
835 836
835 879
836 879
836 882
837 838
837 839
837 851
837 869
838 839
838 840
838 868
839 868
839 869
840 868
840 870
841 842
841 846
841 861
842 843
842 844
842 846
842 861
843 844
843 861
843 862
844 862
844 867
844 893
844 894
844 895
845 846
845 847
846 847
846 859
846 861
847 849
847 859
848 849
848 886
848 887
848 889
849 859
849 885
849 886
850 851
850 853
851 852
851 853
851 869
851 1167
852 868
852 869
852 871
852 872
852 914
852 915
852 1167
853 1159
853 1165
853 1167
853 1168
854 855
854 856
854 857
854 858
854 904
855 856
855 901
855 904
856 857
856 949
856 965
857 858
857 949
857 950
857 951
858 901
858 902
858 904
858 950
859 860
859 861
859 862
859 885
860 862
860 863
860 885
861 862
862 863
862 894
863 885
863 893
863 894
863 896
863 939
864 865
864 866
864 867
865 866
865 867
865 925
865 928
866 867
867 895
867 924
867 925
868 869
868 870
868 871
870 871
870 872
870 889
870 890
871 872
872 890
872 892
872 915
872 956
872 958
873 874
873 875
873 876
873 1158
873 1160
874 875
874 1158
874 1159
874 1160
874 1162
874 1165
874 1168
875 876
875 878
875 910
875 911
875 920
875 921
875 1162
876 877
876 878
876 880
876 920
876 1160
877 878
877 879
877 880
877 881
877 922
877 934
878 919
878 920
878 922
879 880
879 881
879 882
880 1155
880 1160
881 882
881 883
881 884
881 934
882 883
882 897
882 898
882 899
882 901
883 884
883 897
884 897
884 930
884 932
884 934
884 935
884 938
885 886
885 888
885 939
886 887
886 888
887 888
887 889
887 891
887 905
887 906
888 906
888 907
888 939
888 940
889 890
889 891
889 892
890 892
891 892
891 905
891 908
892 908
892 956
893 894
893 895
893 896
895 896
895 924
895 926
895 946
896 939
896 944
896 946
897 898
897 930
898 899
898 900
898 930
898 931
898 933
899 900
899 901
900 901
900 902
900 903
900 933
901 902
901 904
902 903
902 950
903 933
903 950
905 906
905 907
905 908
906 907
907 908
907 940
907 957
907 960
907 961
908 956
908 957
909 910
909 911
909 912
909 913
909 1162
909 1163
909 1164
909 1168
910 911
910 1162
911 913
911 921
912 913
912 921
912 923
912 953
912 954
912 1164
913 921
914 915
914 918
914 1166
914 1167
915 916
915 917
915 918
915 958
916 917
916 918
916 958
916 1170
917 958
918 952
918 954
918 1163
918 1164
918 1166
918 1169
918 1170
919 920
919 921
919 922
920 921
921 922
921 923
922 923
922 934
922 988
923 953
923 988
923 992
924 925
924 926
924 927
925 927
925 928
926 927
926 929
926 945
926 946
926 979
926 981
926 998
927 928
927 929
928 929
928 997
928 1001
928 1002
928 1058
929 997
929 998
930 931
930 932
931 932
931 933
931 968
931 974
932 935
932 937
932 968
932 971
933 950
933 974
933 975
934 936
934 937
934 938
934 969
934 988
935 937
935 938
936 937
936 969
937 938
937 969
937 971
939 940
939 941
939 942
939 944
940 941
940 942
940 960
940 961
940 962
940 985
941 942
942 943
942 944
942 985
942 995
943 944
943 945
943 980
943 993
943 995
944 945
944 946
945 946
945 979
945 980
947 948
947 967
947 1011
948 950
948 951
948 967
948 975
948 976
948 1011
948 1029
949 951
949 965
949 967
950 951
950 975
951 967
952 953
952 954
952 992
952 1169
952 1172
953 954
953 992
953 1164
954 1164
955 958
955 963
955 1005
955 1008
955 1171
956 957
956 958
957 958
957 959
957 961
957 963
958 959
958 963
958 1008
958 1170
958 1171
960 961
961 962
961 963
962 963
962 984
962 985
962 986
963 986
963 1005
964 966
964 967
964 1014
964 1015
965 966
965 967
966 967
967 1011
967 1015
968 971
968 974
968 1033
969 970
969 971
969 972
969 973
969 988
969 1021
969 1022
969 1033
970 972
970 973
970 988
970 989
971 1033
972 973
972 989
972 1022
974 975
974 977
974 978
974 1031
974 1033
975 976
975 977
975 978
976 978
976 1029
977 978
978 1025
978 1026
978 1029
978 1031
978 1032
979 980
979 981
980 981
980 982
980 983
980 993
980 994
981 982
981 983
981 998
982 983
983 994
983 996
983 997
983 998
983 1000
983 1058
983 1101
983 1118
984 985
984 986
984 987
985 987
985 995
986 987
986 1005
987 995
987 996
987 1005
987 1006
987 1007
987 1174
987 1175
988 989
988 990
988 991
988 992
989 990
989 991
989 1022
989 1034
990 991
991 992
991 1034
992 1034
992 1038
992 1041
992 1172
993 994
993 995
993 996
994 996
995 996
996 1118
996 1175
997 998
997 999
997 1000
997 1058
998 999
998 1000
999 1000
1001 1002
1001 1003
1001 1004
1001 1058
1002 1058
1003 1004
1003 1016
1003 1017
1004 1016
1004 1018
1004 1020
1004 1058
1005 1006
1005 1008
1006 1007
1006 1008
1007 1008
1007 1010
1007 1174
1007 1178
1008 1009
1008 1010
1008 1171
1009 1010
1009 1171
1010 1171
1010 1178
1011 1012
1011 1013
1011 1015
1011 1027
1011 1029
1012 1013
1012 1026
1012 1027
1012 1028
1013 1014
1013 1015
1014 1015
1016 1017
1016 1018
1016 1019
1017 1019
1018 1019
1018 1020
1019 1020
1019 1060
1019 1061
1020 1058
1020 1061
1021 1022
1021 1023
1021 1031
1021 1033
1022 1023
1022 1034
1022 1036
1023 1024
1023 1030
1023 1031
1023 1035
1023 1036
1023 1045
1024 1030
1024 1045
1024 1046
1025 1026
1025 1027
1025 1028
1025 1029
1026 1028
1026 1032
1027 1028
1027 1029
1030 1031
1030 1032
1030 1046
1031 1032
1031 1033
1032 1043
1032 1046
1032 1090
1032 1091
1032 1095
1034 1036
1034 1037
1034 1038
1034 1043
1034 1072
1035 1036
1035 1044
1035 1045
1036 1037
1036 1044
1037 1043
1037 1044
1038 1039
1038 1040
1038 1041
1038 1049
1038 1072
1039 1041
1039 1047
1039 1049
1040 1049
1040 1054
1040 1068
1040 1072
1040 1073
1040 1074
1041 1042
1041 1047
1041 1172
1042 1047
1042 1172
1042 1173
1043 1044
1043 1045
1043 1046
1043 1070
1043 1072
1043 1082
1043 1091
1044 1045
1045 1046
1047 1048
1047 1049
1047 1173
1047 1174
1047 1177
1048 1049
1048 1050
1048 1051
1048 1053
1048 1174
1049 1053
1049 1054
1050 1051
1050 1174
1050 1175
1051 1052
1051 1053
1051 1054
1051 1077
1051 1175
1052 1054
1052 1073
1052 1074
1052 1075
1052 1077
1053 1054
1054 1074
1055 1056
1055 1057
1055 1058
1056 1058
1057 1058
1057 1061
1057 1066
1057 1067
1057 1130
1057 1131
1057 1132
1058 1061
1058 1101
1058 1117
1058 1131
1059 1060
1060 1061
1060 1062
1060 1129
1060 1132
1060 1133
1060 1183
1060 1184
1060 1187
1061 1062
1061 1063
1061 1064
1061 1065
1061 1066
1061 1067
1062 1065
1062 1066
1062 1129
1063 1064
1063 1067
1064 1066
1064 1067
1065 1066
1066 1067
1066 1129
1066 1130
1068 1069
1068 1071
1068 1072
1068 1073
1068 1075
1068 1076
1069 1070
1069 1071
1069 1072
1069 1082
1070 1072
1070 1082
1071 1076
1071 1077
1071 1082
1071 1085
1071 1121
1073 1074
1073 1075
1074 1075
1075 1076
1075 1077
1076 1077
1077 1078
1077 1112
1077 1121
1077 1175
1078 1079
1078 1080
1078 1112
1078 1175
1079 1080
1079 1081
1079 1087
1079 1175
1079 1176
1080 1081
1080 1088
1080 1112
1081 1087
1081 1088
1082 1083
1082 1084
1082 1085
1082 1091
1083 1084
1083 1085
1084 1085
1084 1091
1084 1093
1085 1093
1085 1121
1085 1124
1085 1125
1085 1134
1086 1088
1086 1089
1086 1110
1086 1111
1086 1112
1087 1088
1087 1089
1087 1114
1087 1176
1088 1089
1088 1112
1089 1111
1089 1114
1090 1091
1090 1095
1090 1097
1091 1093
1091 1094
1091 1097
1091 1142
1092 1093
1092 1094
1092 1134
1092 1142
1093 1094
1093 1134
1094 1142
1095 1096
1095 1097
1096 1097
1096 1098
1096 1099
1097 1099
1097 1142
1098 1099
1100 1101
1100 1102
1100 1103
1100 1117
1101 1102
1101 1117
1101 1118
1102 1103
1102 1104
1102 1118
1103 1104
1103 1117
1104 1105
1104 1117
1104 1118
1105 1106
1105 1107
1105 1109
1105 1117
1105 1118
1106 1107
1106 1118
1107 1108
1107 1109
1107 1116
1107 1118
1108 1115
1108 1116
1108 1118
1109 1116
1109 1117
1110 1111
1110 1112
1110 1113
1110 1120
1110 1140
1110 1141
1111 1114
1111 1141
1112 1113
1112 1121
1113 1119
1113 1120
1113 1121
1113 1122
1113 1123
1114 1115
1114 1116
1114 1141
1114 1176
1115 1116
1115 1118
1115 1176
1116 1117
1116 1139
1116 1141
1116 1207
1117 1131
1117 1133
1117 1207
1117 1217
1117 1219
1118 1175
1118 1176
1119 1121
1119 1123
1120 1122
1120 1123
1120 1140
1121 1123
1121 1124
1121 1148
1122 1123
1123 1140
1123 1148
1124 1125
1124 1126
1124 1127
1124 1128
1124 1146
1124 1148
1125 1128
1125 1134
1125 1135
1126 1127
1126 1128
1126 1137
1127 1137
1127 1146
1128 1135
1128 1137
1129 1130
1129 1132
1130 1132
1131 1132
1131 1133
1132 1133
1133 1184
1133 1187
1133 1195
1133 1219
1133 1234
1134 1135
1134 1142
1135 1136
1135 1137
1135 1142
1135 1143
1135 1144
1136 1143
1136 1144
1137 1144
1137 1146
1138 1139
1138 1140
1138 1141
1138 1148
1138 1149
1138 1203
1138 1213
1139 1141
1139 1203
1139 1207
1140 1141
1140 1148
1140 1149
1142 1143
1143 1144
1144 1145
1144 1146
1145 1146
1145 1151
1145 1153
1146 1148
1146 1153
1146 1154
1147 1148
1147 1149
1147 1150
1147 1152
1147 1238
1148 1149
1148 1150
1148 1154
1149 1213
1149 1238
1150 1152
1150 1154
1151 1152
1151 1153
1151 1154
1152 1154
1152 1238
1152 1273
1152 1277
1153 1154
1155 1156
1155 1157
1155 1160
1155 1161
1157 1158
1157 1160
1157 1161
1158 1159
1158 1160
1158 1161
1158 1165
1159 1165
1162 1168
1163 1164
1163 1166
1163 1168
1165 1168
1166 1167
1166 1168
1167 1168
1169 1170
1169 1172
1169 1173
1170 1171
1170 1173
1171 1173
1171 1177
1171 1178
1172 1173
1173 1177
1174 1175
1174 1177
1174 1178
1175 1176
1177 1178
1179 1180
1179 1181
1179 1182
1179 1183
1180 1181
1180 1183
1180 1189
1180 1190
1180 1225
1181 1183
1181 1189
1181 1190
1181 1191
1181 1192
1182 1183
1183 1184
1183 1191
1183 1225
1184 1185
1184 1187
1184 1188
1184 1191
1184 1201
1185 1186
1185 1188
1185 1199
1185 1200
1185 1201
1186 1188
1186 1197
1186 1200
1187 1188
1187 1195
1187 1196
1187 1197
1188 1197
1189 1190
1189 1225
1189 1232
1190 1192
1190 1202
1190 1232
1190 1233
1191 1192
1191 1193
1191 1201
1192 1193
1192 1202
1193 1199
1193 1201
1193 1202
1194 1195
1194 1196
1194 1234
1194 1288
1195 1196
1195 1234
1196 1197
1196 1198
1196 1288
1197 1198
1197 1200
1198 1200
1198 1288
1199 1200
1199 1201
1199 1202
1200 1202
1200 1246
1200 1288
1202 1233
1202 1243
1202 1246
1203 1204
1203 1205
1203 1207
1203 1209
1203 1213
1204 1205
1204 1206
1204 1208
1204 1209
1204 1210
1204 1211
1204 1254
1205 1206
1205 1213
1205 1214
1206 1211
1206 1214
1207 1208
1207 1209
1207 1217
1208 1209
1208 1210
1208 1217
1208 1250
1208 1254
1208 1266
1208 1268
1210 1254
1211 1212
1211 1214
1211 1215
1211 1254
1212 1215
1212 1239
1212 1242
1212 1254
1212 1263
1212 1264
1212 1278
1213 1214
1213 1215
1213 1238
1214 1215
1215 1238
1215 1239
1216 1217
1216 1218
1216 1219
1217 1218
1217 1219
1217 1250
1217 1252
1218 1219
1219 1234
1219 1252
1220 1221
1220 1222
1220 1223
1220 1224
1220 1228
1221 1223
1222 1227
1222 1228
1223 1224
1224 1225
1224 1226
1224 1227
1224 1228
1224 1229
1224 1231
1224 1341
1225 1226
1225 1229
1225 1232
1226 1227
1227 1228
1229 1230
1229 1231
1229 1232
1230 1231
1230 1232
1230 1233
1230 1243
1230 1245
1230 1258
1231 1258
1231 1259
1231 1260
1231 1341
1232 1233
1233 1243
1234 1235
1234 1236
1234 1237
1234 1252
1234 1288
1235 1237
1235 1248
1235 1288
1236 1237
1236 1252
1237 1248
1237 1252
1237 1253
1238 1239
1238 1240
1238 1241
1238 1277
1239 1240
1239 1242
1240 1241
1240 1242
1241 1242
1241 1277
1241 1278
1242 1278
1243 1245
1243 1246
1244 1245
1244 1246
1244 1258
1244 1259
1244 1261
1244 1284
1244 1286
1244 1287
1245 1246
1245 1258
1246 1247
1246 1287
1246 1288
1246 1290
1246 1291
1246 1305
1247 1283
1247 1285
1247 1287
1247 1291
1247 1305
1248 1249
1248 1251
1248 1253
1248 1288
1249 1250
1249 1251
1249 1252
1249 1253
1250 1251
1250 1252
1250 1268
1250 1288
1250 1289
1250 1292
1250 1323
1250 1324
1250 1332
1251 1288
1252 1253
1254 1255
1254 1256
1254 1263
1254 1266
1254 1267
1255 1256
1255 1257
1255 1262
1255 1263
1256 1257
1256 1267
1256 1269
1256 1270
1257 1262
1257 1263
1257 1270
1257 1313
1257 1320
1257 1322
1258 1259
1259 1260
1259 1261
1260 1261
1260 1286
1260 1341
1261 1286
1262 1263
1262 1264
1262 1279
1262 1281
1262 1313
1263 1264
1264 1265
1264 1278
1264 1281
1265 1278
1265 1281
1265 1282
1266 1267
1266 1268
1267 1268
1267 1269
1268 1269
1268 1323
1269 1270
1269 1322
1269 1323
1270 1322
1271 1272
1271 1273
1271 1274
1272 1273
1272 1274
1273 1274
1273 1275
1273 1276
1273 1277
1273 1296
1274 1296
1274 1298
1275 1276
1275 1277
1275 1295
1275 1297
1275 1303
1275 1314
1275 1316
1276 1295
1276 1296
1277 1278
1277 1282
1277 1303
1278 1282
1279 1280
1279 1281
1279 1282
1279 1300
1279 1313
1280 1282
1280 1299
1280 1300
1280 1301
1280 1303
1280 1304
1281 1282
1282 1303
1283 1284
1283 1285
1283 1286
1283 1305
1283 1337
1284 1285
1284 1286
1284 1287
1285 1287
1286 1337
1286 1341
1288 1289
1288 1290
1288 1307
1289 1292
1289 1293
1289 1306
1289 1307
1289 1309
1289 1330
1290 1291
1290 1307
1291 1305
1291 1307
1292 1293
1292 1331
1292 1332
1293 1330
1293 1331
1294 1295
1294 1297
1294 1298
1294 1317
1294 1319
1294 1345
1294 1346
1295 1296
1295 1297
1295 1298
1296 1298
1297 1316
1297 1317
1299 1301
1299 1302
1299 1304
1299 1311
1299 1315
1299 1325
1300 1301
1300 1302
1300 1312
1300 1313
1301 1302
1302 1311
1302 1312
1303 1304
1303 1314
1304 1314
1304 1315
1305 1307
1305 1308
1305 1337
1306 1308
1306 1309
1306 1330
1306 1339
1307 1308
1307 1309
1308 1309
1308 1337
1308 1339
1310 1312
1310 1313
1310 1320
1310 1321
1310 1350
1311 1312
1311 1325
1311 1327
1311 1347
1311 1350
1312 1313
1312 1350
1313 1320
1314 1315
1314 1316
1315 1316
1315 1317
1315 1318
1315 1319
1315 1325
1316 1317
1317 1319
1318 1319
1318 1325
1318 1326
1318 1328
1319 1326
1319 1345
1320 1321
1320 1322
1320 1334
1321 1334
1321 1336
1321 1350
1322 1323
1322 1324
1322 1334
1323 1324
1323 1332
1324 1332
1324 1334
1324 1335
1324 1358
1325 1327
1325 1328
1326 1327
1326 1328
1326 1345
1326 1347
1326 1348
1327 1328
1327 1347
1329 1330
1329 1331
1329 1332
1329 1356
1330 1331
1330 1339
1330 1356
1330 1361
1330 1363
1330 1364
1330 1366
1331 1332
1332 1356
1332 1358
1333 1336
1333 1350
1333 1353
1333 1357
1334 1335
1334 1336
1335 1336
1335 1358
1336 1350
1336 1356
1336 1357
1336 1358
1337 1339
1337 1340
1337 1341
1337 1342
1338 1339
1338 1340
1339 1340
1339 1359
1339 1361
1340 1342
1340 1359
1340 1372
1341 1342
1341 1369
1342 1368
1342 1369
1342 1370
1342 1372
1343 1346
1344 1345
1344 1346
1345 1346
1345 1348
1345 1349
1345 1355
1346 1355
1347 1348
1347 1350
1347 1351
1347 1353
1348 1349
1348 1351
1349 1351
1349 1352
1349 1355
1350 1353
1351 1352
1351 1353
1351 1354
1351 1357
1352 1355
1352 1357
1353 1354
1353 1357
1355 1357
1356 1357
1356 1358
1356 1366
1357 1366
1359 1360
1359 1361
1359 1362
1359 1371
1359 1372
1360 1362
1360 1365
1360 1371
1360 1375
1361 1362
1361 1363
1361 1365
1361 1366
1362 1365
1363 1364
1363 1366
1364 1366
1365 1366
1367 1369
1368 1369
1368 1370
1369 1370
1370 1372
1370 1373
1370 1376
1370 1378
1370 1379
1370 1380
1370 1384
1370 1386
1371 1372
1371 1373
1371 1375
1372 1373
1373 1374
1373 1375
1373 1384
1374 1375
1374 1384
1376 1377
1376 1378
1376 1380
1376 1383
1377 1378
1377 1379
1377 1383
1377 1385
1378 1379
1379 1385
1379 1386
1380 1381
1380 1382
1380 1383
1381 1382
1382 1383
1382 1385
1383 1385
1384 1385
1384 1386
1384 1387
1385 1386
1385 1387
1386 1387
