0 1
0 2
0 3
0 10
0 20
0 773
1 2
1 4
1 5
1 20
1 163
1 773
1 780
3 9
3 10
3 12
3 13
3 20
4 5
4 6
4 163
5 6
5 19
5 20
5 22
6 7
6 22
6 23
6 24
6 163
7 8
7 14
7 16
7 24
7 163
8 16
8 17
8 163
9 12
9 19
9 20
9 30
10 11
10 13
11 12
11 13
11 29
11 30
11 32
11 43
12 13
12 30
14 15
14 16
14 18
14 24
14 25
14 26
14 33
15 26
15 27
15 33
16 17
16 18
17 18
17 160
17 163
18 33
18 160
19 20
19 22
19 29
19 30
20 22
21 22
21 23
21 29
21 31
22 23
22 29
23 24
23 25
23 31
23 36
24 25
25 26
25 28
25 36
26 27
26 28
27 28
27 33
27 34
27 36
28 36
29 30
29 31
29 32
31 32
31 36
32 34
32 36
32 43
32 54
32 56
32 57
33 34
33 160
34 35
34 36
34 53
34 54
34 160
34 173
35 53
35 173
35 453
35 457
35 460
37 38
37 39
37 40
37 64
37 65
37 68
38 39
38 40
38 43
38 46
40 41
40 45
40 46
40 64
41 42
41 44
41 45
41 64
41 66
41 67
41 69
41 72
42 43
42 44
42 45
42 46
43 44
43 46
43 50
43 51
43 57
43 58
44 58
44 69
45 46
47 48
47 51
47 52
47 60
47 61
47 78
48 51
48 52
48 54
48 57
48 78
49 50
49 51
49 59
49 60
49 62
50 51
50 58
50 62
51 57
51 60
52 53
52 54
52 55
52 77
52 78
53 54
53 55
54 55
54 56
54 57
56 57
58 59
58 62
58 63
58 69
59 60
59 61
59 62
59 63
60 61
61 63
61 76
61 77
61 78
62 63
63 69
63 70
63 71
63 76
63 77
64 65
64 66
64 67
65 67
65 68
66 67
66 68
66 72
66 73
67 68
68 73
69 70
69 71
69 72
70 71
71 72
71 73
71 74
71 75
71 76
72 73
73 74
74 75
75 76
75 77
76 77
77 78
79 82
79 93
79 94
79 107
80 81
80 82
80 88
81 82
81 83
81 88
82 83
82 94
83 86
83 87
83 88
83 89
83 93
83 94
84 85
84 86
84 87
84 95
84 599
84 600
85 95
85 97
85 98
85 599
85 600
86 87
86 93
86 95
87 89
87 600
88 89
88 600
89 600
90 91
90 93
90 95
90 98
90 99
90 102
90 104
90 106
90 192
90 194
91 101
91 102
91 104
92 93
92 103
92 107
93 94
93 95
93 103
93 104
93 107
95 97
95 99
96 98
96 100
96 180
96 181
96 194
97 98
97 99
98 99
98 100
98 194
98 600
98 603
100 178
100 180
100 603
101 102
101 103
101 104
101 105
101 107
102 105
102 106
103 104
103 107
105 106
105 107
106 107
106 108
106 109
106 111
106 126
106 192
106 207
106 208
106 210
106 239
106 693
106 709
107 665
107 693
108 109
108 110
108 239
109 110
109 111
110 111
110 118
110 239
111 118
111 120
111 126
111 127
111 129
111 239
111 255
111 259
112 113
112 114
112 115
112 121
112 140
113 115
113 131
113 133
113 139
113 140
113 150
114 115
114 116
114 121
114 122
115 116
115 126
115 131
116 122
116 126
116 751
117 119
117 120
117 136
117 138
118 120
118 255
118 295
119 120
119 127
119 138
120 127
120 136
120 295
120 297
121 122
121 123
121 125
121 140
122 124
122 125
122 751
123 125
123 139
123 140
123 141
123 142
123 781
124 125
124 750
124 751
124 769
124 770
125 769
125 781
126 129
126 130
126 131
126 709
126 751
127 128
127 129
127 130
127 138
128 130
128 132
128 134
128 137
128 138
128 157
129 130
130 131
130 134
131 132
131 133
131 134
131 150
132 133
132 134
132 154
132 157
133 150
133 154
135 136
135 137
135 149
135 156
135 157
136 137
136 138
136 149
136 294
136 297
137 138
137 157
139 140
139 141
139 143
139 150
139 162
141 142
141 143
141 162
141 781
142 781
143 162
144 145
144 146
144 147
144 149
144 156
144 337
144 347
144 348
145 147
145 148
145 293
145 294
145 301
145 337
146 147
146 149
146 294
147 294
148 298
148 301
148 337
149 156
149 294
150 151
150 154
150 162
151 152
151 153
151 154
151 158
151 161
151 162
152 153
152 155
152 158
152 161
153 161
154 157
154 158
155 156
155 158
155 159
155 161
155 367
155 369
155 392
156 157
156 159
156 348
156 369
157 158
157 159
158 159
160 161
160 162
160 163
160 164
160 165
160 169
160 170
160 172
160 173
160 390
160 391
160 393
161 162
161 390
161 392
162 163
162 781
163 780
163 781
164 165
164 167
164 168
164 170
165 167
165 391
165 392
165 393
165 419
165 421
166 167
166 168
166 175
166 438
166 439
167 168
167 421
167 438
168 169
168 170
168 171
168 175
169 170
169 171
169 172
171 172
171 174
171 175
171 176
172 173
172 174
173 174
173 457
173 459
174 176
174 442
174 454
174 458
174 459
175 176
175 439
175 442
176 442
176 454
177 178
177 179
177 182
177 183
177 197
177 603
177 604
178 179
178 180
178 181
178 603
179 181
179 197
179 198
180 181
181 193
181 194
181 198
181 200
181 201
182 183
182 184
182 197
183 184
183 185
183 186
183 604
184 186
184 190
184 197
185 186
185 187
185 188
185 604
186 188
186 190
186 197
187 188
187 189
187 191
187 604
187 644
188 189
188 190
189 190
189 191
190 191
190 197
190 198
190 203
190 204
190 216
191 203
191 644
191 646
191 647
191 662
192 193
192 194
192 207
192 209
193 194
193 195
193 199
193 201
193 209
193 224
195 196
195 209
195 224
196 209
196 224
196 236
196 238
197 198
198 200
198 215
198 216
199 201
199 222
199 224
199 229
200 201
200 202
200 215
201 202
201 229
202 215
202 228
202 229
203 204
203 205
203 206
203 658
203 662
204 206
204 216
205 206
205 217
205 219
205 221
205 658
205 660
206 216
206 217
207 208
207 209
207 211
208 210
208 211
209 211
209 238
210 211
210 239
211 237
211 238
211 239
212 213
212 220
212 248
213 214
213 215
213 220
213 227
213 230
213 248
214 215
214 230
215 216
215 220
215 228
215 230
216 217
216 220
217 218
217 219
217 220
218 219
218 220
218 232
218 245
219 221
219 231
219 232
219 234
220 245
220 248
221 234
221 660
222 223
222 224
222 225
222 229
223 224
223 225
223 250
223 253
224 236
224 253
225 226
225 227
225 228
225 229
225 250
226 227
226 250
226 251
227 228
227 230
227 248
227 251
227 270
228 229
228 230
231 232
231 233
231 234
231 235
232 233
232 245
233 235
233 243
233 245
233 260
234 235
234 240
234 659
234 660
235 240
235 241
235 243
236 238
236 253
237 238
237 239
237 258
237 281
238 253
238 254
238 276
238 277
238 278
238 281
239 258
239 259
240 241
240 242
240 244
240 659
240 661
241 242
241 243
241 284
242 244
242 284
243 260
243 261
243 284
243 285
244 282
244 283
244 284
244 656
244 657
244 661
245 246
245 247
245 248
245 260
245 264
246 247
246 248
246 249
246 270
247 249
247 264
247 266
247 268
248 270
249 268
249 269
249 270
250 251
250 252
250 253
250 254
251 252
251 254
251 270
251 272
251 274
252 254
252 274
252 275
252 276
253 254
254 276
255 256
255 257
255 258
255 259
255 295
256 257
256 295
256 296
256 299
257 258
257 281
257 299
258 259
258 281
260 261
260 263
260 264
260 265
261 263
261 285
262 263
262 265
262 266
262 285
262 286
262 290
263 265
263 266
263 285
264 265
264 266
265 266
266 267
266 268
266 290
267 268
267 269
267 289
267 290
267 312
268 269
269 270
269 272
269 273
269 312
270 272
271 273
271 274
271 275
271 302
271 303
271 311
271 312
272 273
272 274
273 274
273 312
274 275
275 276
275 279
275 303
276 277
276 279
277 278
277 279
278 279
278 280
278 281
279 280
279 300
279 303
279 305
279 314
280 281
280 299
280 300
281 299
282 283
282 284
282 471
282 656
282 657
282 789
282 791
282 804
282 820
282 821
283 284
284 285
284 287
284 288
284 471
285 286
285 287
286 287
286 290
286 291
287 288
287 291
287 324
287 463
288 463
288 464
288 466
288 471
289 290
289 292
289 312
290 291
290 292
291 292
291 319
291 322
291 324
292 310
292 312
292 319
293 294
293 297
293 301
294 297
295 296
295 297
296 297
296 299
296 301
297 301
298 300
298 301
298 313
298 314
298 328
298 333
298 337
299 300
299 301
300 301
300 314
302 303
302 304
302 306
302 307
302 309
302 311
302 316
303 304
303 305
304 305
304 316
305 314
305 316
305 317
306 307
306 315
306 316
306 317
306 332
307 309
307 332
308 309
308 310
308 311
308 318
308 321
308 327
308 338
309 311
309 331
309 332
309 338
309 339
310 311
310 312
310 319
310 321
311 312
313 314
313 315
313 317
313 328
314 317
315 317
315 328
315 332
316 317
318 320
318 321
318 325
318 327
319 320
319 321
319 322
320 321
320 322
320 325
322 324
322 325
323 326
323 351
323 352
323 353
323 363
323 462
324 325
324 326
324 462
324 463
324 464
325 326
325 327
326 327
326 338
326 343
326 363
326 462
327 338
328 329
328 332
328 333
329 330
329 331
329 332
329 333
330 331
330 333
330 335
330 371
330 376
331 332
331 339
331 341
331 376
332 339
333 334
333 335
333 336
333 337
334 336
334 337
334 344
334 347
335 336
335 370
335 371
336 344
336 345
336 346
336 370
337 347
338 339
338 340
338 342
338 343
338 357
338 361
339 341
339 342
339 356
340 342
340 357
340 358
341 356
341 376
342 356
342 358
343 361
343 363
344 345
344 347
344 348
344 365
345 346
345 348
345 365
345 396
345 400
346 370
346 400
347 348
348 365
348 369
349 350
349 351
349 352
349 353
349 462
350 351
350 385
350 462
350 465
350 467
350 468
350 470
351 353
351 363
351 383
351 384
351 385
351 388
352 353
352 462
354 355
354 359
354 375
354 407
354 408
355 358
355 359
355 361
355 382
355 408
356 358
356 359
356 376
357 358
357 361
358 359
358 361
359 375
359 376
359 377
360 361
360 362
360 382
360 383
361 362
361 363
361 382
362 363
362 383
363 383
364 367
364 368
364 392
364 395
365 366
365 368
365 369
365 396
366 368
366 369
367 368
367 369
367 392
368 369
368 395
368 396
368 397
370 371
370 372
370 373
370 400
370 401
371 372
371 376
372 373
372 374
372 376
372 377
372 378
372 411
373 374
373 401
374 399
374 401
374 402
374 411
375 377
375 378
375 379
375 380
375 407
376 377
377 378
378 379
378 380
378 410
378 411
379 380
379 404
379 407
379 410
381 382
381 383
381 389
381 403
381 407
381 415
381 416
382 383
382 407
382 408
383 384
383 389
384 388
384 389
385 386
385 388
385 470
386 387
386 388
386 389
386 417
386 418
386 470
387 388
387 389
387 413
387 418
388 389
389 413
389 415
390 391
390 392
391 392
391 393
392 395
392 419
394 395
394 396
394 397
394 402
394 420
395 397
395 419
395 420
396 397
396 400
396 402
398 399
398 402
398 423
398 434
398 435
398 437
399 402
399 411
399 412
399 430
399 437
400 401
400 402
401 402
402 420
402 423
403 405
403 407
403 416
403 424
403 425
403 427
404 405
404 407
404 409
404 410
404 429
405 406
405 407
405 409
405 424
405 429
406 424
406 426
406 429
406 443
407 408
409 410
409 412
409 429
409 430
409 431
410 411
410 412
411 412
412 430
413 414
413 415
413 418
414 415
414 416
414 417
414 418
414 427
414 912
414 954
415 416
416 427
417 418
417 467
417 470
417 912
419 420
419 421
419 422
420 422
420 423
420 438
420 440
421 422
421 438
422 438
423 435
423 440
424 425
424 426
424 428
425 427
425 428
426 427
426 428
426 443
426 444
426 954
426 956
427 428
427 954
429 431
429 443
430 431
430 432
430 437
431 432
431 443
431 444
431 445
432 433
432 437
432 445
433 437
433 445
433 447
433 449
434 435
434 436
434 437
435 436
435 440
435 441
436 437
436 441
436 449
436 455
437 449
438 439
438 440
439 440
439 441
439 442
440 441
441 442
441 453
441 454
441 455
442 453
442 454
443 444
444 445
444 446
444 956
445 446
445 447
446 447
446 448
446 450
446 451
446 956
446 984
447 449
447 450
448 451
448 452
448 453
448 455
448 984
448 988
449 450
449 451
449 455
450 451
451 455
452 453
452 455
453 454
453 455
453 460
453 988
454 456
454 458
454 460
454 461
456 458
456 460
456 461
457 459
457 460
458 459
458 460
458 461
459 460
462 464
462 465
462 469
463 464
464 466
464 469
464 472
465 468
465 469
466 471
466 472
466 474
467 468
467 469
467 470
467 855
467 882
467 912
468 469
469 472
469 855
471 472
471 473
471 474
471 820
472 473
472 474
472 820
472 855
473 474
475 479
475 480
475 483
475 486
475 491
476 477
476 478
477 478
477 479
477 481
477 483
478 481
479 483
479 491
480 482
480 483
480 486
480 487
480 489
481 482
481 483
481 484
482 483
482 484
482 487
482 489
484 488
484 489
484 498
484 499
485 487
485 488
485 490
485 491
485 493
485 505
486 487
486 491
487 488
487 489
487 491
488 489
488 499
488 505
490 491
490 493
490 495
491 492
491 494
491 495
491 519
492 493
492 494
492 495
492 507
492 509
492 519
493 495
493 501
493 505
493 509
494 495
496 497
496 498
496 500
496 503
497 500
497 502
497 503
498 499
498 500
499 500
499 505
500 502
500 505
501 502
501 504
501 505
501 509
501 511
502 503
502 504
502 505
503 504
503 511
503 513
504 511
506 510
506 515
506 518
506 520
507 508
507 509
507 510
507 519
508 509
508 510
508 512
508 514
509 511
509 514
510 512
510 515
510 519
510 520
511 513
511 514
512 514
512 515
512 516
513 514
513 516
514 516
515 516
515 518
515 523
517 518
517 522
517 523
517 525
518 520
518 522
518 523
519 520
519 521
519 522
519 533
520 521
520 522
521 522
522 525
522 526
522 530
522 531
522 533
522 535
523 524
523 525
524 525
524 527
525 526
525 527
526 527
526 530
527 530
528 529
528 531
528 532
529 532
529 534
530 531
531 532
531 535
532 533
532 534
532 535
533 534
533 535
533 538
534 538
536 537
536 538
536 541
536 542
537 538
537 539
537 540
537 542
537 544
538 541
539 540
539 545
539 547
540 544
540 545
540 546
541 542
541 543
541 549
542 543
542 544
543 544
543 549
543 552
544 546
544 548
544 552
545 546
545 547
546 547
546 548
546 550
547 550
548 549
548 550
548 551
548 552
549 550
549 551
549 552
550 551
550 572
550 574
550 576
553 554
553 555
553 556
554 555
554 560
555 556
555 557
555 558
555 560
556 558
556 568
556 569
557 558
557 560
558 559
558 560
558 561
558 563
558 569
559 561
559 563
560 561
561 563
561 564
561 600
562 565
562 566
562 567
562 600
563 564
563 565
563 569
564 565
564 600
565 567
565 569
565 570
565 600
566 567
566 570
566 576
566 600
567 570
568 569
568 570
568 576
569 570
570 576
571 573
571 575
571 588
571 590
571 591
571 594
572 573
572 574
572 576
572 579
572 580
572 582
572 593
573 575
573 576
573 593
573 594
574 577
574 579
575 576
575 590
576 585
576 586
576 587
576 588
576 590
576 592
576 600
576 601
576 604
576 607
576 608
577 579
577 581
577 609
577 610
578 579
578 580
578 581
578 582
579 581
579 582
580 581
580 582
580 593
580 595
580 612
580 613
581 609
581 613
583 584
583 586
583 608
583 616
584 585
584 586
584 587
584 616
584 617
585 587
585 592
585 617
585 618
586 587
586 608
588 589
588 590
588 591
588 592
588 596
588 598
588 626
588 633
589 592
589 625
589 626
589 633
591 594
591 596
592 618
592 625
593 594
593 595
594 595
594 596
595 596
595 597
595 612
595 623
596 597
596 598
597 598
597 619
597 623
597 633
598 633
599 600
600 601
600 602
600 603
601 602
601 604
601 605
602 603
602 605
603 604
603 605
604 605
604 606
604 607
604 614
604 644
606 607
606 614
606 615
606 617
607 608
607 616
607 617
608 616
609 610
609 611
609 613
609 623
610 611
611 621
611 622
611 623
611 631
612 613
612 623
613 623
614 615
614 636
614 644
615 617
615 618
615 625
615 636
616 617
617 618
618 625
619 620
619 622
619 623
619 632
619 633
620 621
620 622
620 631
620 632
621 622
621 631
622 623
624 626
624 627
624 628
624 633
624 634
625 626
625 628
625 634
625 635
625 636
626 627
626 628
626 633
627 633
628 634
629 630
629 632
629 633
629 638
629 640
629 641
630 631
630 632
630 638
630 639
631 632
631 639
632 633
633 634
633 640
633 641
634 635
634 637
634 641
635 636
635 637
636 637
636 644
636 645
637 641
637 642
637 643
637 645
637 646
637 651
638 639
638 640
638 649
639 649
639 650
639 655
639 656
640 641
640 649
641 642
641 649
642 649
642 651
642 652
643 646
643 647
643 648
643 651
643 663
644 645
644 646
645 646
646 647
647 662
647 663
648 650
648 651
648 653
648 654
648 656
648 663
649 650
649 652
650 651
650 652
650 654
650 655
651 652
653 656
653 658
653 659
653 660
653 663
654 655
654 656
655 656
656 657
656 659
656 784
656 791
657 659
657 661
658 660
658 662
658 663
659 660
659 661
662 663
664 666
664 667
664 668
664 669
665 666
665 667
665 668
665 669
665 693
666 667
666 669
667 668
667 670
667 673
667 680
667 684
667 693
667 698
668 669
670 671
670 672
670 673
671 672
671 674
672 673
672 674
673 674
673 679
673 684
674 675
674 676
674 677
674 679
674 681
674 687
674 691
674 692
674 700
674 702
674 704
675 676
675 677
676 677
678 679
678 680
678 682
678 684
679 681
679 682
679 683
679 684
680 682
680 684
680 698
681 683
681 699
681 700
681 703
682 683
682 694
682 698
682 722
682 727
683 703
683 727
683 729
685 686
685 687
685 710
685 731
686 687
686 688
686 689
686 690
686 710
686 711
686 713
687 688
687 691
688 690
688 691
689 690
689 691
689 692
689 702
689 705
689 713
689 714
689 745
690 691
691 692
692 702
693 695
693 696
693 698
693 707
693 708
693 709
694 695
694 697
694 698
694 720
694 722
694 741
695 696
695 697
695 698
696 697
696 706
696 708
696 743
697 741
697 742
697 743
699 700
699 703
700 701
700 703
700 704
701 703
701 704
701 714
701 717
701 729
702 704
702 705
703 729
704 705
704 714
705 714
706 707
706 708
706 709
706 743
706 749
706 752
707 708
707 709
709 749
709 751
710 711
710 712
710 724
710 731
711 713
711 723
711 724
712 724
712 731
713 723
713 725
714 715
714 716
714 717
714 745
715 716
715 745
715 746
716 717
716 746
716 747
717 729
717 730
717 747
718 719
718 720
718 721
718 728
718 740
718 755
718 758
719 721
719 739
719 740
719 742
720 721
720 722
720 727
720 728
720 741
721 741
721 742
722 727
723 724
723 725
724 725
724 731
724 733
724 735
725 735
725 737
726 730
726 747
726 758
726 762
726 763
726 764
727 728
727 729
728 729
728 730
728 758
729 730
730 747
730 758
731 732
731 733
731 734
732 733
732 734
732 736
732 737
733 735
733 736
735 736
735 737
736 737
738 740
738 744
738 754
738 755
739 740
739 742
739 743
739 752
740 744
740 752
740 755
741 742
742 743
743 752
744 752
744 753
744 754
745 746
745 748
746 747
746 748
747 748
747 762
748 762
748 774
749 751
749 752
750 751
750 753
750 756
750 761
750 770
751 752
751 753
752 753
753 754
753 756
754 755
754 756
754 757
754 760
755 757
755 758
755 759
756 760
756 761
757 759
757 760
758 759
758 761
758 763
758 765
758 777
758 778
759 760
759 761
760 761
761 770
761 772
761 777
762 764
762 774
763 764
763 765
764 765
764 767
764 768
764 774
765 766
765 767
765 778
766 767
766 775
766 776
766 778
767 768
767 773
767 774
767 775
768 774
769 770
769 771
769 781
770 771
770 772
771 772
771 781
771 782
772 777
772 779
772 780
772 782
773 774
773 775
773 776
773 777
773 778
773 780
775 776
776 778
777 778
777 780
779 780
779 782
780 781
780 782
781 782
783 784
783 785
783 790
783 791
783 799
783 800
784 785
784 786
784 787
784 791
785 786
785 787
785 793
785 800
786 787
786 793
786 794
788 789
788 792
788 804
788 805
788 806
789 790
789 791
789 792
789 804
790 791
790 792
790 799
792 799
792 805
793 794
793 800
793 801
794 796
794 801
794 811
794 812
795 796
795 797
795 798
795 801
795 802
795 803
795 812
795 832
796 797
796 801
796 812
797 812
798 803
798 813
798 814
798 832
799 800
799 802
799 805
799 816
800 801
800 802
801 802
802 803
802 816
803 813
803 816
804 806
804 807
804 808
804 821
805 806
805 815
805 816
806 807
806 808
806 815
807 808
808 815
808 817
808 818
808 821
808 827
808 829
809 810
809 811
809 824
809 825
809 839
809 844
810 811
810 823
810 824
811 812
811 823
811 832
811 835
812 832
813 814
813 815
813 816
814 815
814 827
814 828
814 832
815 816
815 817
815 828
817 828
817 829
818 819
818 821
818 822
818 827
819 820
819 822
819 827
820 821
820 822
820 827
820 855
820 859
821 822
823 824
823 835
824 825
824 826
824 835
824 836
825 836
825 839
826 835
826 836
826 838
826 869
827 828
827 829
827 830
827 832
827 855
827 859
828 829
830 832
830 833
830 850
830 851
830 859
830 874
831 832
831 835
831 854
832 833
832 834
832 835
832 852
832 854
833 834
833 850
834 850
834 852
835 854
835 869
835 870
836 838
836 839
837 838
837 839
837 840
837 843
837 860
837 861
838 839
838 861
838 864
838 865
838 869
839 840
839 844
840 843
840 844
841 842
841 843
841 844
841 847
841 849
841 860
841 892
841 895
841 916
842 844
842 845
842 847
842 848
843 844
843 860
845 846
845 848
845 849
845 906
846 848
847 848
847 849
848 849
849 906
849 909
849 916
850 851
850 852
851 852
851 853
851 874
851 875
852 853
852 854
853 854
853 875
853 876
853 877
854 870
854 871
854 877
854 896
855 856
855 857
855 859
855 882
856 857
856 858
856 859
856 874
857 858
857 879
857 882
858 874
858 879
858 887
859 874
860 861
860 863
860 864
860 892
861 864
862 863
862 867
862 868
862 892
862 893
862 894
863 864
863 867
863 892
864 865
864 867
865 866
865 867
865 869
866 867
866 868
866 869
866 870
866 873
867 868
868 873
868 893
868 903
868 904
868 945
869 870
870 871
870 873
871 872
871 873
871 896
871 904
872 896
873 904
874 875
874 887
875 876
875 878
875 887
876 877
876 878
877 878
877 896
877 897
877 898
878 887
878 888
878 897
879 880
879 882
879 887
880 881
880 882
880 883
880 887
880 889
881 883
881 884
881 885
881 889
882 883
882 912
882 913
883 884
883 913
883 915
884 885
884 915
884 922
885 886
885 889
885 922
886 888
886 889
886 922
886 924
886 926
887 888
887 889
888 889
888 897
888 926
890 891
890 893
890 894
890 895
891 893
891 895
891 916
891 918
891 920
891 940
891 941
892 894
892 895
893 894
893 940
893 945
894 895
895 916
896 898
896 899
896 904
896 905
897 898
897 899
897 900
897 926
897 927
898 899
899 900
899 905
900 905
900 927
900 928
900 945
900 949
901 902
901 903
901 905
902 903
902 905
902 945
903 904
903 905
903 945
904 905
905 945
906 907
906 908
906 909
906 910
907 908
907 909
907 910
907 917
907 919
908 910
909 916
909 917
910 919
910 920
911 914
911 915
911 921
911 922
911 923
911 925
912 913
912 914
912 931
912 934
912 954
913 914
913 915
914 915
914 923
914 934
915 922
916 917
916 918
917 918
917 919
918 919
918 920
919 920
920 941
921 922
921 924
921 925
921 935
921 937
922 924
923 925
923 932
923 934
924 926
924 929
924 937
925 932
925 935
925 936
926 927
926 929
927 928
927 929
928 929
928 937
928 949
929 937
930 932
930 933
930 936
930 939
930 950
930 952
930 957
931 932
931 933
931 934
931 954
932 933
932 934
932 936
933 954
933 955
933 957
935 936
935 937
935 938
935 939
936 938
936 939
937 939
937 949
938 939
939 949
939 950
940 941
940 942
940 945
940 946
940 948
941 942
941 962
941 963
941 974
942 943
942 948
942 963
943 944
943 946
943 947
943 948
943 963
944 945
944 946
944 947
944 949
944 960
944 962
944 964
944 973
944 975
945 946
945 949
946 948
947 962
947 963
949 950
949 951
949 952
949 953
949 964
949 966
950 951
950 952
951 952
952 953
952 957
952 958
953 957
953 958
953 965
953 966
954 955
954 956
955 956
955 957
955 965
955 967
955 969
955 971
956 969
956 984
957 958
957 965
959 960
959 961
959 962
959 974
959 976
959 977
960 961
960 962
960 975
961 975
961 976
962 963
962 974
964 966
964 967
964 968
964 973
964 978
964 979
964 980
965 966
965 967
966 967
967 968
967 970
967 971
968 970
968 971
968 972
968 979
969 970
969 971
969 972
969 984
970 971
970 972
972 979
972 982
972 983
972 984
973 975
973 976
973 978
974 977
975 976
976 977
976 978
977 978
979 980
979 981
979 983
980 981
980 987
981 983
981 985
981 987
982 983
982 984
982 985
982 986
983 985
984 985
984 986
984 988
985 986
985 987
985 988
987 988
