0 1
0 2
0 3
0 12
0 27
0 607
0 618
0 627
1 3
1 4
1 607
3 4
3 27
3 28
4 15
4 17
4 19
4 28
4 607
4 634
5 6
5 7
5 8
5 21
5 33
5 632
5 636
5 637
5 638
6 7
6 8
6 21
7 8
7 17
7 20
7 21
7 23
7 632
7 634
9 10
9 11
9 44
9 66
9 67
9 512
10 11
10 13
10 14
10 512
11 14
11 44
12 13
12 14
12 27
12 512
12 627
12 629
13 14
13 512
14 27
14 44
14 47
14 49
15 16
15 17
15 19
15 37
15 38
15 41
16 17
16 18
16 38
17 18
17 20
17 634
18 20
18 34
18 35
18 36
18 38
19 28
19 41
20 23
20 36
20 55
20 94
21 22
21 23
21 33
22 23
22 30
22 55
23 29
23 30
23 33
23 55
24 25
24 26
24 39
24 40
25 26
26 27
26 28
26 39
26 40
26 41
26 60
27 28
27 40
27 49
27 60
28 41
29 30
29 31
29 33
30 31
30 50
30 51
30 53
30 55
31 33
31 51
31 62
31 71
32 33
32 72
32 635
32 636
32 1180
32 1181
32 1183
32 1184
33 71
33 72
33 636
34 35
34 37
34 38
35 36
35 37
35 41
35 43
36 43
36 94
36 99
37 38
37 41
39 40
39 41
39 43
40 43
40 60
40 100
41 42
41 43
42 43
43 99
43 100
44 47
44 48
44 67
44 69
45 46
45 48
45 58
45 69
46 47
46 48
46 49
46 58
47 48
47 49
48 69
49 58
49 59
49 60
50 51
50 53
50 54
51 52
51 54
51 61
51 62
52 54
52 61
52 63
52 65
53 54
53 55
53 65
53 94
54 61
54 65
55 94
56 57
56 58
56 68
56 69
57 58
57 60
57 68
57 100
58 59
58 60
58 69
59 60
60 100
61 62
61 63
62 63
62 71
62 74
62 75
62 94
62 95
63 64
63 65
63 94
64 65
64 94
65 94
66 67
66 69
66 70
66 512
67 69
68 69
68 70
68 100
68 204
68 206
68 512
69 70
70 512
71 72
71 73
71 74
71 1208
71 1222
71 1224
72 1180
72 1181
72 1207
72 1208
72 1222
73 74
73 75
73 132
73 1220
73 1224
74 75
75 95
75 108
75 132
76 79
76 88
76 89
76 90
76 91
76 92
77 79
77 80
77 81
77 86
77 90
78 79
78 80
78 81
78 92
78 93
78 103
78 1198
78 1211
78 1232
79 81
79 90
79 92
80 81
80 85
80 86
80 87
80 1198
80 1199
82 83
82 84
82 87
82 88
82 91
83 84
83 87
84 87
84 88
84 123
85 86
85 87
85 91
86 89
86 90
86 91
87 91
88 91
88 92
88 123
89 90
89 91
92 93
92 104
92 105
92 123
93 103
93 105
94 95
94 97
94 99
95 97
95 98
95 108
95 126
96 97
96 98
96 126
96 127
97 98
97 99
97 126
98 126
99 100
99 120
99 126
100 101
100 102
100 117
100 120
100 206
101 102
103 104
103 105
103 106
103 107
103 1232
103 1239
104 105
104 106
104 123
106 107
106 123
106 124
106 130
106 167
106 1239
107 1239
108 109
108 110
108 111
108 112
108 113
108 114
108 115
108 126
108 132
108 138
108 160
109 110
109 111
109 116
110 115
110 116
111 112
111 116
112 116
112 160
113 114
113 115
113 126
113 160
114 115
114 126
115 116
115 160
116 160
117 120
117 150
117 151
117 206
117 219
117 220
117 224
118 119
118 120
118 125
118 126
119 120
120 125
120 126
120 150
120 151
120 152
121 122
121 123
121 154
122 123
122 154
122 158
123 124
123 154
124 154
124 157
124 158
124 164
124 165
124 167
124 169
125 126
125 129
125 152
126 127
126 128
126 129
126 160
126 162
128 129
128 152
128 159
128 162
128 186
128 187
129 152
130 131
130 133
130 134
130 135
130 137
130 138
130 167
130 1237
130 1239
131 132
131 138
131 1234
131 1237
132 138
132 1220
132 1234
133 135
133 164
133 167
133 193
133 194
133 196
133 201
133 211
134 135
134 137
135 136
135 137
135 141
135 144
135 201
136 137
136 141
136 144
137 138
137 139
137 141
138 139
138 140
138 141
138 142
138 147
138 160
140 141
140 142
141 142
141 143
141 144
142 143
142 147
143 144
143 147
144 147
144 148
144 149
144 201
145 146
145 149
145 160
145 161
145 162
145 163
146 147
146 148
146 149
146 160
147 148
147 160
148 149
149 159
149 163
149 199
149 201
150 151
151 152
151 183
151 224
152 183
152 186
153 156
153 175
153 178
153 192
154 158
155 156
155 157
155 168
155 173
155 178
156 157
156 158
156 175
156 178
157 158
157 168
157 169
157 170
158 174
158 175
158 176
159 162
159 163
159 183
159 187
159 199
159 232
160 162
161 162
161 163
162 163
164 165
164 166
164 167
164 193
165 166
165 169
165 172
165 179
165 182
165 193
165 207
165 209
168 169
168 170
168 172
168 173
169 170
169 172
171 172
171 173
171 179
171 180
171 182
172 173
172 179
173 178
173 180
174 175
174 176
175 176
175 192
176 177
176 192
177 192
178 180
178 181
178 192
179 180
179 182
180 181
180 182
181 182
181 192
181 207
182 207
183 184
183 185
183 186
183 187
183 224
183 226
183 227
183 232
183 255
184 185
184 186
184 187
185 186
186 187
188 190
188 207
189 190
189 191
189 192
189 207
190 191
190 207
192 207
193 194
193 195
193 209
194 195
194 196
194 197
194 211
194 214
195 197
195 208
195 209
195 210
197 210
197 214
197 237
198 200
198 201
198 211
199 200
199 201
199 211
199 212
199 232
199 240
199 241
199 242
199 245
200 201
200 211
201 211
202 204
202 319
202 515
203 204
203 206
203 314
203 316
203 319
204 206
204 319
204 512
204 515
204 519
205 206
206 218
206 220
206 274
206 309
206 314
207 209
207 210
207 260
208 209
208 210
209 210
210 233
210 236
210 237
210 260
211 212
211 213
211 214
211 215
212 213
212 214
212 215
212 234
212 242
213 214
213 215
214 234
214 236
214 237
214 242
216 217
216 218
216 220
216 222
216 223
216 224
217 222
217 223
218 220
218 221
218 222
218 223
218 225
218 274
219 220
220 224
221 222
221 225
222 223
222 224
222 225
224 225
224 227
225 227
225 250
225 274
226 227
226 248
226 249
226 251
226 255
227 249
227 250
228 229
228 230
228 231
228 232
228 255
229 230
229 232
229 240
229 241
230 231
230 240
230 255
231 255
232 241
232 255
233 234
233 236
233 260
234 235
234 236
234 242
234 259
234 260
234 261
236 237
238 239
238 240
238 244
238 245
238 252
238 256
238 258
239 245
240 241
240 245
240 252
240 254
240 255
242 245
242 258
242 259
243 244
243 245
243 258
244 245
244 258
245 258
246 247
246 265
247 248
247 249
247 250
247 251
247 252
247 263
247 264
247 265
247 266
247 267
247 274
248 249
248 251
249 250
250 274
251 252
251 253
251 255
252 253
252 254
252 255
252 256
252 265
253 254
253 255
254 255
256 257
256 258
256 260
256 265
256 285
256 291
256 293
256 294
256 301
258 259
258 260
259 260
259 261
260 261
260 262
260 301
260 304
261 262
263 264
263 267
263 270
263 272
263 279
264 270
264 271
264 273
264 274
265 266
265 285
266 267
266 284
266 285
267 278
267 279
267 280
267 284
268 269
268 270
268 271
268 281
269 270
269 278
269 280
269 281
270 271
270 272
270 278
271 273
271 277
271 281
272 278
272 279
273 274
273 277
273 309
273 310
274 309
275 276
275 277
275 310
276 310
277 280
277 281
277 282
277 284
277 310
278 279
278 280
280 281
280 282
280 284
281 282
283 284
283 286
283 288
284 285
284 286
284 287
284 288
284 310
285 286
285 287
285 291
286 287
286 288
287 288
287 291
289 290
289 291
289 295
290 291
290 293
290 295
290 296
290 297
290 298
291 293
291 295
291 307
292 293
292 294
292 298
292 300
292 301
292 305
293 294
293 298
294 301
295 296
295 307
296 297
296 303
296 306
296 307
297 298
297 305
297 306
298 305
299 300
299 301
299 302
299 303
299 304
299 305
299 306
300 301
300 302
300 305
301 302
301 304
303 304
303 306
303 307
305 306
308 312
308 313
308 314
308 315
309 310
309 312
309 314
310 312
310 313
311 312
312 313
312 314
313 315
313 317
314 315
314 316
315 316
315 317
315 321
315 322
316 317
316 318
316 319
316 321
316 322
316 323
317 322
318 319
320 321
320 322
321 322
321 323
322 323
324 325
324 330
325 327
325 328
325 329
325 330
326 327
326 328
326 334
327 328
327 330
327 331
327 334
328 329
328 334
329 332
329 334
330 331
331 332
331 333
331 334
332 333
332 334
332 337
333 336
333 337
335 336
335 337
335 338
335 339
336 337
336 339
336 340
336 356
336 359
337 340
338 339
339 343
339 356
341 342
341 343
341 344
341 345
341 348
341 353
341 354
341 355
341 356
342 345
343 344
343 356
345 346
345 347
345 348
345 356
346 347
346 348
347 348
349 350
349 351
349 352
349 355
350 351
350 352
350 355
350 361
352 355
353 354
353 355
353 356
353 393
354 355
355 361
355 393
356 357
356 359
356 393
357 358
357 359
357 391
357 393
357 409
358 359
359 409
359 411
360 361
361 366
361 393
362 363
362 364
362 365
362 366
362 368
362 378
362 380
362 385
364 368
365 366
366 378
366 392
366 393
367 368
367 370
368 369
368 370
368 385
369 370
369 385
369 386
369 387
369 419
371 372
371 373
371 374
371 375
371 382
371 385
372 379
372 382
372 385
373 375
373 385
374 375
374 382
374 384
374 385
374 386
374 388
374 389
375 385
376 378
376 392
376 395
376 396
376 406
377 378
377 380
378 380
378 392
378 395
379 380
379 381
379 382
379 383
379 385
380 381
380 385
380 392
380 399
380 400
380 402
381 383
381 402
382 383
382 389
382 390
383 390
383 402
383 403
383 404
384 386
384 387
384 388
385 386
386 387
387 388
387 419
388 389
388 390
388 419
389 390
390 403
390 419
391 392
391 393
391 394
391 409
391 410
391 481
391 486
392 393
392 394
392 395
392 397
392 400
392 405
392 406
392 407
392 408
392 423
394 423
394 461
394 479
394 481
394 648
394 649
394 839
395 396
395 397
395 407
395 408
396 398
396 405
396 406
396 407
397 408
398 405
398 407
399 400
399 401
399 402
400 401
400 403
400 414
400 422
400 423
401 402
401 403
401 404
402 404
403 404
403 414
403 418
403 419
405 406
405 407
407 408
409 410
409 411
409 412
410 412
410 486
410 494
410 509
410 518
411 412
411 498
412 498
412 517
412 518
412 520
413 414
413 416
413 420
413 421
413 440
414 415
414 416
414 417
414 418
414 421
414 422
415 416
415 417
415 440
416 440
417 418
417 419
417 429
417 440
418 419
419 426
419 429
419 431
419 433
419 434
419 440
420 421
420 423
420 425
420 440
420 458
420 461
421 422
421 425
422 423
422 424
422 425
423 424
423 425
423 458
423 461
424 425
426 427
426 428
426 429
426 431
426 435
426 437
427 429
427 436
427 437
427 440
427 443
428 431
428 435
429 440
430 431
430 432
430 434
431 432
431 434
431 435
432 433
432 434
432 435
432 436
432 437
432 438
432 439
433 434
433 438
433 445
433 447
435 437
436 437
436 439
436 442
436 443
438 439
438 444
438 445
439 442
439 444
439 446
440 442
440 443
440 458
441 442
441 446
441 447
441 463
441 474
442 443
442 446
442 458
442 474
444 445
444 446
444 447
445 447
446 447
447 463
448 449
448 458
449 450
449 451
449 456
449 458
450 451
450 458
450 461
451 456
451 461
452 454
452 460
452 468
452 471
452 474
452 477
453 454
453 455
453 457
453 459
453 474
454 459
454 460
454 474
455 456
455 457
455 458
455 474
456 457
456 458
456 459
456 461
456 462
457 459
458 461
458 474
459 460
459 462
459 472
460 471
460 472
461 462
461 472
461 835
461 839
462 472
463 464
463 465
463 466
463 467
463 474
463 824
463 825
464 474
465 825
466 467
466 475
466 477
466 824
466 850
466 851
467 473
467 474
467 475
468 470
468 471
468 477
469 470
469 471
469 472
469 476
469 477
469 827
469 829
469 830
470 471
470 477
471 472
472 830
472 835
473 474
473 475
473 477
474 477
475 477
476 477
476 826
476 827
476 851
477 851
478 479
478 480
478 481
478 483
479 480
479 481
479 483
479 484
479 648
479 670
480 481
481 483
481 484
481 485
481 486
482 484
482 485
482 486
482 494
482 497
482 530
482 531
482 670
482 714
482 717
482 720
483 484
484 485
484 670
485 486
486 494
487 489
487 490
487 491
487 493
487 511
487 518
487 520
488 489
488 490
488 493
488 519
489 490
489 491
489 493
490 491
490 517
490 519
490 520
492 493
492 511
493 511
493 519
494 495
494 496
494 497
494 503
494 509
494 511
494 513
494 514
495 503
496 503
496 505
496 508
496 512
496 513
496 514
497 503
497 504
497 530
498 499
498 501
498 502
498 517
499 500
499 501
499 502
500 501
500 502
501 502
502 515
502 517
503 504
503 507
503 508
504 505
504 506
504 507
504 530
505 506
505 507
505 508
505 512
505 530
505 627
506 507
507 508
509 510
509 511
509 518
511 512
511 513
511 518
511 519
512 513
512 519
512 627
512 628
512 629
513 514
515 516
515 517
515 519
517 519
517 520
518 520
521 522
521 523
521 524
522 523
522 524
522 525
522 531
523 524
523 526
523 527
523 531
523 541
523 542
523 545
523 621
523 630
523 714
523 718
523 763
524 525
524 714
525 531
525 714
526 527
526 530
526 627
526 630
527 528
527 529
527 530
527 531
528 529
528 530
528 531
529 531
530 531
530 627
531 714
532 533
532 569
532 640
532 641
532 642
533 535
533 569
533 570
533 571
533 583
533 642
533 788
533 811
533 813
534 535
534 579
534 580
534 813
534 997
534 1013
534 1015
534 1041
535 580
535 582
535 583
535 813
536 537
536 538
536 540
536 541
536 543
537 540
537 541
537 542
537 545
538 540
538 543
539 540
539 544
539 545
540 543
540 544
540 545
541 542
541 543
541 763
542 545
543 544
543 546
543 555
543 559
543 607
543 763
543 785
543 787
544 545
544 607
544 621
545 621
546 547
546 548
546 555
546 575
546 576
546 787
546 797
546 798
546 809
547 548
547 549
547 576
548 549
548 552
548 554
548 643
548 783
548 809
548 810
549 554
549 563
549 564
549 573
549 576
549 602
549 603
549 604
549 610
549 611
549 634
550 551
550 552
550 553
550 643
551 553
551 561
551 562
551 643
551 644
552 553
552 554
552 562
552 563
552 643
553 562
553 563
554 563
555 556
555 557
555 558
555 559
555 575
556 557
556 558
556 559
556 592
557 558
557 575
557 592
557 605
559 592
559 596
559 607
560 561
560 562
560 563
560 564
560 645
560 646
561 562
561 644
561 645
562 563
563 564
564 590
564 611
564 612
564 646
565 567
565 568
565 640
565 641
565 644
566 567
566 568
566 572
566 587
566 589
566 590
566 646
567 568
567 569
567 572
567 641
568 644
568 645
568 646
569 570
569 572
569 641
570 571
570 572
570 583
570 597
571 583
572 587
572 597
572 598
573 574
573 575
573 576
573 602
573 604
573 605
573 606
574 575
574 605
575 576
575 605
577 578
577 579
577 586
577 601
577 1041
577 1087
577 1089
578 579
578 585
578 586
579 580
579 582
579 585
579 1015
579 1041
580 582
581 583
581 584
581 585
581 586
581 597
581 599
581 600
581 601
582 583
582 584
582 585
583 584
583 597
584 585
585 586
586 601
587 588
587 589
587 598
587 614
587 615
588 589
588 591
588 609
588 611
588 615
588 625
589 590
589 591
590 591
590 612
590 646
591 611
591 612
592 593
592 596
592 605
593 594
593 596
593 605
593 606
594 595
594 596
594 606
595 596
595 606
595 607
596 607
597 598
597 600
598 600
598 614
599 600
599 601
599 617
600 613
600 614
600 617
601 617
601 1089
601 1090
602 603
602 604
602 606
602 634
603 604
605 606
606 607
606 608
606 634
607 608
607 618
607 620
607 621
607 634
609 610
609 611
609 623
609 625
610 611
610 622
610 623
610 633
610 634
611 612
613 614
613 615
613 616
613 617
613 626
613 1090
614 615
615 625
615 626
616 626
616 633
616 1090
616 1104
617 1090
618 619
618 620
618 627
619 620
619 627
620 621
620 627
620 630
621 630
622 623
622 633
623 624
623 625
623 633
624 625
624 626
624 633
625 626
626 633
627 628
627 629
627 630
628 629
631 632
631 633
631 637
632 633
632 634
632 637
632 638
633 634
633 637
633 1104
635 636
635 637
635 639
635 1155
635 1184
636 637
637 638
637 639
637 1104
637 1155
639 1155
640 641
640 642
640 644
642 643
642 644
642 775
642 782
642 783
642 788
642 791
643 644
643 783
644 645
645 646
647 652
647 667
647 670
647 692
648 649
648 650
648 670
649 650
649 836
649 837
649 839
650 651
650 658
650 659
650 670
650 837
650 838
651 652
651 653
651 658
651 662
651 666
651 670
652 653
652 670
652 692
653 662
653 692
654 655
654 656
654 658
654 659
655 656
655 657
655 658
655 660
655 661
655 666
655 679
655 680
655 681
656 657
656 659
657 659
657 673
657 680
658 659
658 666
659 673
659 678
659 689
659 835
659 838
659 882
659 902
659 903
660 661
660 662
660 665
660 679
661 662
661 666
662 663
662 664
662 665
662 666
662 692
663 664
663 692
663 694
664 665
664 693
664 694
664 695
665 679
665 681
665 693
667 669
667 670
667 671
667 692
667 699
668 669
668 818
669 670
669 671
669 672
669 699
669 701
669 815
669 818
670 671
670 672
670 720
670 815
670 817
670 821
671 672
673 674
673 678
673 680
674 675
674 678
674 680
675 676
675 677
675 678
675 680
675 683
676 677
676 683
676 684
676 685
677 678
677 685
677 686
677 689
677 710
677 711
678 689
679 681
680 681
680 683
681 683
681 684
681 693
682 684
682 685
682 693
682 697
683 684
684 685
684 693
685 697
685 710
685 778
685 779
686 689
686 690
686 704
686 709
686 711
687 691
687 703
687 705
687 895
687 927
687 929
688 689
688 690
688 691
688 895
688 905
689 690
689 902
689 905
690 691
690 703
690 704
691 703
691 895
692 694
692 696
692 699
693 694
693 695
693 697
694 695
694 696
694 697
694 698
696 698
696 699
696 700
696 728
697 698
697 778
698 728
698 729
698 731
698 778
699 700
699 701
700 701
700 702
700 728
700 730
700 744
701 702
701 818
702 744
702 750
702 818
703 704
703 705
703 706
703 707
704 706
704 708
704 709
704 735
705 707
705 929
705 949
706 707
706 708
706 742
707 739
707 742
707 753
707 793
707 949
708 735
708 738
708 742
708 772
709 711
709 712
709 732
709 733
709 735
710 711
710 712
710 713
710 732
710 734
710 779
711 712
712 713
712 732
712 733
714 715
714 716
714 717
714 718
715 716
715 717
715 719
716 718
716 719
716 720
716 725
716 757
717 719
717 720
718 757
718 759
718 763
719 720
720 725
720 816
720 820
720 821
721 722
721 724
721 815
721 818
721 819
722 723
722 724
722 726
722 727
722 819
723 725
723 726
723 757
723 760
723 819
723 820
724 727
724 745
724 750
724 818
725 757
725 820
726 727
726 760
727 745
727 760
727 786
728 729
728 730
729 730
729 731
729 746
729 767
730 743
730 744
730 746
730 747
731 767
731 778
732 733
732 734
732 735
732 736
732 771
734 736
734 771
734 779
735 736
735 772
736 771
736 772
737 741
737 774
737 789
737 790
737 791
737 793
738 739
738 740
738 741
738 742
738 772
738 773
739 740
739 741
739 742
739 793
740 742
741 773
741 774
741 793
743 744
743 747
743 795
743 796
744 745
744 750
744 786
744 795
744 799
745 750
745 760
745 786
746 747
746 748
746 749
746 767
747 748
747 796
747 807
748 749
748 807
749 767
749 768
749 807
750 818
751 752
751 756
751 803
752 756
752 794
752 802
752 803
753 754
753 755
753 793
753 949
754 755
754 756
754 949
754 951
754 952
755 756
755 793
755 794
756 794
756 803
756 952
756 994
757 758
757 759
757 760
758 759
758 760
758 761
758 763
759 761
759 763
760 762
760 763
760 786
761 763
762 763
762 785
762 786
763 785
764 765
764 769
764 778
764 780
765 766
765 769
765 780
765 781
765 804
766 768
766 769
766 804
766 806
767 768
767 769
767 778
768 769
768 806
768 807
768 808
769 777
769 778
770 771
770 772
770 774
770 775
770 776
770 790
771 772
771 776
771 779
772 773
772 774
773 774
774 790
775 776
775 782
775 790
775 791
776 779
776 782
777 778
778 779
778 780
778 784
779 782
779 784
780 781
780 784
781 783
781 784
781 804
781 810
782 783
782 784
783 784
783 810
785 786
785 787
785 795
785 799
786 799
787 795
787 797
788 789
788 791
788 801
788 811
789 791
789 793
789 800
789 801
790 791
792 793
792 794
792 800
793 794
793 800
794 800
794 802
794 803
795 796
795 797
795 799
796 797
796 807
797 798
797 805
797 807
798 805
798 806
798 808
798 809
800 801
800 802
801 802
801 811
801 813
801 814
802 803
802 814
803 812
803 814
803 994
804 806
804 810
805 807
805 808
806 808
806 809
806 810
807 808
809 810
811 813
812 813
812 814
812 994
812 995
812 997
813 814
813 997
815 817
815 818
815 819
816 817
816 820
816 821
817 819
817 820
817 821
819 820
822 823
822 824
822 840
823 824
823 840
823 841
823 849
823 850
824 825
824 832
824 833
824 840
824 850
825 833
826 827
826 828
826 829
826 851
826 853
826 854
826 856
827 829
828 851
828 856
828 872
828 873
828 874
829 830
829 835
829 854
830 835
831 832
831 834
831 840
831 843
831 858
831 861
832 833
832 834
832 840
833 834
833 844
833 861
834 861
835 836
835 838
835 839
835 854
835 855
835 882
836 837
836 838
836 839
837 838
840 841
840 843
841 842
841 843
841 849
842 843
842 849
842 857
842 858
843 858
844 845
844 846
844 847
844 848
844 861
845 848
845 859
845 860
845 861
845 865
846 847
846 848
846 863
846 864
847 848
848 863
848 864
848 865
849 850
849 852
849 857
850 851
850 852
851 852
851 869
851 870
851 874
851 899
852 857
852 866
852 867
852 870
853 854
853 855
853 856
854 855
854 856
855 856
855 880
855 882
856 872
856 880
857 858
857 866
857 877
857 878
857 883
857 884
857 885
858 859
858 860
858 861
858 877
859 860
859 861
860 865
860 877
862 863
862 864
862 865
862 875
862 876
862 890
863 864
863 888
863 890
864 865
865 876
865 877
866 867
866 883
867 868
867 869
867 870
867 883
868 869
868 883
868 898
868 911
868 912
869 870
869 898
869 899
871 872
871 874
871 879
871 880
871 881
871 899
872 873
872 874
872 880
873 874
874 899
875 876
875 890
875 891
875 894
876 877
876 878
876 891
877 878
878 884
878 891
878 908
879 880
879 881
879 896
879 897
879 900
880 882
880 900
880 903
881 896
881 899
882 903
883 885
883 886
883 912
883 913
884 885
884 907
884 908
885 886
885 907
886 907
886 913
886 918
886 934
887 888
887 889
887 893
887 894
888 890
888 894
889 893
889 915
889 917
889 957
890 894
891 892
891 894
891 908
891 916
892 893
892 894
892 916
892 917
893 894
893 917
895 897
895 901
895 905
895 927
896 897
896 899
897 899
897 900
897 901
897 927
898 899
898 911
898 925
898 928
899 927
899 928
899 930
900 901
900 903
901 903
901 905
902 903
902 904
902 905
903 904
903 905
904 905
906 907
906 908
906 909
906 918
906 919
906 922
907 908
907 918
907 922
908 909
908 916
909 914
909 915
909 916
909 919
910 912
910 913
910 923
910 924
910 934
910 943
911 912
911 924
911 925
912 913
912 924
913 918
913 934
914 915
914 919
914 921
914 938
915 916
915 917
915 938
915 957
915 961
916 917
918 919
918 920
918 922
918 931
918 934
918 936
918 941
919 920
919 921
920 921
920 936
920 937
921 937
921 938
921 939
923 924
923 925
923 926
923 943
923 947
924 925
925 926
925 928
925 948
926 928
926 946
926 947
926 948
927 928
927 929
927 930
928 929
928 930
928 948
929 948
929 949
931 932
931 933
931 934
931 941
932 933
932 934
932 940
932 943
933 940
933 941
934 943
935 936
935 937
935 938
935 939
935 961
935 981
935 1004
936 937
936 941
936 942
936 981
937 939
938 939
938 961
940 941
940 942
940 943
941 942
942 943
942 981
943 944
943 947
943 981
943 988
944 945
944 946
944 947
944 952
944 988
944 994
945 946
945 950
945 952
946 947
946 948
946 949
946 950
948 949
949 950
949 951
950 951
950 952
951 952
952 994
953 954
953 955
953 961
953 962
953 964
953 965
953 969
954 955
954 956
954 957
954 961
955 956
955 957
955 969
956 957
957 961
958 960
958 961
958 962
958 967
958 975
959 960
959 961
959 972
959 999
959 1004
960 961
960 972
960 975
961 962
961 1004
962 965
962 967
963 966
963 967
963 972
963 973
963 978
964 965
964 966
964 969
965 966
965 967
966 967
966 968
966 969
966 977
966 978
967 972
967 975
968 969
968 970
968 971
968 977
969 970
970 971
970 986
970 987
970 1030
970 1031
971 977
971 986
972 973
972 974
972 975
972 999
972 1000
973 974
973 978
973 979
974 979
974 1000
974 1001
974 1034
976 978
976 979
976 985
977 978
977 985
977 986
978 979
978 985
979 985
979 1008
979 1034
980 981
980 982
980 983
980 1002
980 1028
981 982
981 988
981 989
981 1002
981 1004
981 1005
982 983
982 989
982 991
982 993
982 1028
983 1028
984 985
984 986
984 987
984 1007
984 1008
984 1029
985 986
985 1008
986 987
987 1029
987 1030
988 989
988 990
988 994
988 995
988 996
989 990
989 991
989 992
990 992
990 996
991 992
991 993
992 993
992 996
992 1016
992 1017
993 1017
993 1028
994 995
995 996
995 997
996 997
996 1016
997 1013
997 1016
998 999
998 1000
998 1001
998 1004
998 1005
998 1019
999 1000
999 1004
1000 1001
1001 1019
1001 1023
1001 1034
1001 1038
1002 1005
1002 1009
1002 1012
1002 1027
1002 1028
1003 1005
1003 1012
1003 1019
1003 1020
1003 1022
1004 1005
1005 1012
1005 1019
1006 1007
1006 1008
1006 1037
1006 1049
1007 1008
1007 1029
1007 1049
1008 1034
1008 1037
1009 1010
1009 1011
1009 1012
1009 1024
1009 1027
1010 1011
1010 1020
1010 1024
1010 1045
1011 1012
1011 1020
1012 1020
1013 1014
1013 1015
1013 1016
1014 1015
1014 1016
1015 1016
1015 1017
1015 1018
1015 1041
1016 1017
1017 1018
1017 1028
1018 1025
1018 1026
1018 1028
1018 1039
1018 1041
1019 1022
1019 1023
1020 1021
1020 1022
1020 1045
1020 1051
1021 1022
1021 1023
1021 1035
1021 1047
1021 1051
1022 1023
1023 1035
1023 1038
1024 1025
1024 1026
1024 1027
1024 1040
1024 1041
1024 1045
1025 1026
1025 1039
1025 1041
1026 1027
1026 1028
1027 1028
1029 1030
1029 1031
1029 1049
1030 1031
1031 1032
1031 1033
1031 1049
1032 1033
1032 1049
1032 1053
1032 1058
1032 1059
1033 1059
1034 1035
1034 1036
1034 1037
1034 1038
1035 1036
1035 1038
1035 1047
1036 1037
1036 1047
1037 1047
1037 1049
1039 1041
1040 1041
1040 1042
1040 1044
1040 1045
1041 1042
1041 1052
1041 1068
1041 1087
1042 1044
1042 1052
1043 1045
1043 1046
1043 1051
1043 1052
1044 1045
1044 1046
1044 1052
1045 1046
1045 1051
1046 1052
1047 1049
1047 1050
1047 1051
1047 1053
1047 1054
1048 1049
1048 1050
1048 1053
1048 1054
1049 1050
1049 1053
1050 1054
1051 1052
1051 1053
1052 1053
1052 1065
1052 1066
1052 1068
1052 1087
1053 1054
1053 1055
1053 1057
1053 1058
1053 1065
1053 1067
1053 1070
1053 1073
1053 1074
1055 1056
1055 1057
1055 1070
1055 1076
1055 1078
1056 1057
1056 1058
1056 1061
1056 1062
1056 1078
1057 1058
1058 1059
1058 1060
1058 1061
1059 1060
1059 1063
1060 1061
1060 1063
1061 1062
1061 1063
1062 1063
1062 1078
1062 1081
1062 1083
1063 1081
1063 1084
1063 1085
1064 1065
1064 1066
1064 1068
1064 1069
1064 1092
1064 1096
1065 1066
1065 1067
1065 1069
1066 1068
1067 1069
1067 1074
1067 1075
1067 1091
1067 1092
1068 1087
1068 1096
1069 1092
1070 1071
1070 1073
1070 1076
1070 1080
1071 1072
1071 1073
1071 1079
1071 1080
1072 1073
1072 1074
1072 1075
1072 1079
1072 1091
1073 1074
1074 1075
1075 1091
1076 1077
1076 1078
1076 1080
1077 1078
1077 1080
1077 1117
1078 1082
1078 1083
1078 1086
1078 1117
1079 1080
1079 1091
1079 1114
1079 1117
1080 1117
1081 1083
1081 1085
1082 1083
1082 1084
1082 1085
1082 1086
1083 1085
1084 1085
1084 1086
1084 1118
1084 1130
1085 1086
1086 1117
1086 1118
1087 1088
1087 1089
1087 1093
1087 1096
1087 1097
1087 1098
1087 1100
1087 1101
1087 1137
1087 1139
1088 1089
1088 1099
1088 1100
1089 1090
1089 1099
1089 1102
1089 1103
1089 1104
1089 1107
1090 1104
1091 1092
1091 1093
1091 1094
1091 1095
1091 1114
1091 1125
1092 1093
1092 1094
1092 1096
1093 1094
1093 1095
1093 1096
1093 1125
1093 1139
1093 1219
1094 1095
1097 1098
1097 1100
1097 1101
1097 1102
1097 1108
1097 1136
1097 1137
1097 1146
1098 1101
1099 1100
1099 1102
1100 1102
1101 1137
1102 1103
1102 1107
1102 1108
1103 1107
1104 1106
1104 1107
1104 1152
1104 1155
1105 1106
1105 1107
1105 1108
1105 1146
1105 1150
1106 1107
1106 1150
1106 1152
1107 1108
1108 1146
1109 1110
1109 1114
1109 1117
1109 1126
1109 1128
1110 1111
1110 1112
1110 1117
1110 1128
1110 1144
1111 1112
1111 1117
1111 1119
1112 1119
1112 1120
1112 1142
1112 1143
1112 1144
1113 1114
1113 1115
1113 1126
1113 1127
1113 1128
1114 1115
1114 1116
1114 1117
1114 1125
1114 1126
1115 1116
1115 1122
1115 1127
1116 1122
1116 1125
1117 1118
1117 1119
1118 1119
1118 1120
1118 1130
1118 1135
1119 1120
1120 1121
1120 1135
1120 1142
1120 1168
1121 1131
1121 1132
1121 1135
1121 1168
1122 1123
1122 1124
1122 1125
1122 1127
1122 1157
1122 1158
1123 1125
1123 1157
1123 1219
1124 1127
1124 1158
1124 1159
1125 1139
1125 1219
1126 1128
1127 1128
1127 1129
1127 1159
1127 1171
1128 1129
1128 1141
1128 1144
1129 1141
1129 1171
1130 1132
1130 1135
1131 1132
1131 1133
1131 1162
1131 1163
1131 1165
1131 1168
1132 1133
1132 1134
1132 1135
1132 1177
1133 1134
1133 1162
1134 1162
1134 1176
1134 1177
1136 1137
1136 1138
1136 1139
1136 1140
1136 1146
1136 1148
1136 1149
1137 1138
1137 1139
1138 1139
1139 1140
1139 1145
1139 1147
1139 1181
1139 1182
1139 1185
1139 1219
1140 1145
1140 1149
1141 1144
1141 1163
1141 1164
1141 1171
1141 1172
1142 1143
1142 1144
1142 1163
1142 1168
1143 1144
1144 1163
1145 1147
1145 1148
1145 1149
1146 1147
1146 1148
1146 1150
1147 1148
1147 1150
1147 1185
1148 1149
1150 1152
1150 1154
1150 1185
1151 1152
1151 1153
1151 1155
1152 1153
1152 1154
1152 1155
1153 1154
1153 1155
1153 1185
1153 1186
1154 1185
1155 1184
1155 1186
1156 1157
1156 1158
1156 1159
1156 1160
1156 1161
1157 1158
1157 1161
1157 1219
1158 1159
1159 1160
1159 1169
1159 1171
1159 1175
1160 1161
1160 1169
1161 1169
1161 1201
1161 1218
1161 1219
1162 1165
1162 1166
1162 1176
1162 1178
1163 1164
1163 1165
1163 1167
1163 1168
1164 1167
1164 1172
1164 1191
1165 1166
1165 1167
1165 1179
1166 1178
1166 1179
1167 1179
1167 1191
1167 1212
1169 1170
1169 1175
1169 1190
1169 1201
1170 1175
1170 1188
1170 1190
1171 1172
1171 1173
1171 1174
1171 1175
1172 1174
1172 1191
1173 1174
1173 1175
1173 1188
1173 1189
1173 1191
1174 1191
1175 1188
1176 1177
1176 1178
1177 1178
1177 1197
1178 1179
1178 1196
1178 1197
1179 1196
1179 1212
1180 1181
1180 1182
1180 1207
1180 1209
1180 1210
1180 1219
1181 1182
1181 1183
1181 1185
1182 1219
1183 1184
1183 1185
1183 1186
1184 1186
1185 1186
1187 1189
1187 1190
1187 1202
1187 1204
1187 1205
1188 1189
1188 1190
1189 1190
1189 1191
1189 1204
1190 1201
1190 1202
1191 1192
1191 1193
1191 1194
1191 1204
1191 1212
1192 1194
1192 1195
1192 1204
1193 1194
1193 1195
1193 1211
1193 1212
1194 1195
1195 1204
1195 1211
1195 1213
1195 1214
1196 1197
1196 1198
1196 1212
1197 1198
1197 1199
1197 1200
1198 1199
1198 1200
1198 1211
1198 1212
1199 1200
1201 1202
1201 1203
1201 1218
1202 1203
1202 1205
1203 1205
1203 1215
1203 1218
1204 1213
1205 1213
1205 1215
1206 1207
1206 1208
1206 1210
1206 1217
1207 1208
1207 1210
1208 1216
1208 1217
1208 1221
1208 1222
1209 1210
1209 1219
1210 1217
1210 1218
1210 1219
1211 1212
1211 1213
1211 1214
1211 1215
1211 1232
1213 1214
1213 1215
1215 1216
1215 1218
1215 1223
1215 1225
1215 1226
1215 1227
1215 1230
1215 1232
1216 1217
1216 1218
1216 1221
1216 1223
1217 1218
1218 1219
1220 1221
1220 1222
1220 1223
1220 1224
1220 1229
1220 1230
1220 1234
1221 1222
1221 1223
1222 1223
1222 1224
1223 1230
1225 1226
1225 1227
1225 1228
1226 1228
1226 1230
1227 1228
1227 1229
1227 1231
1227 1232
1227 1234
1227 1235
1228 1229
1228 1230
1229 1230
1229 1234
1231 1232
1231 1235
1232 1233
1232 1235
1232 1239
1233 1235
1233 1236
1233 1238
1233 1239
1234 1235
1234 1237
1235 1236
1235 1237
1236 1237
1236 1238
1237 1238
1237 1239
1238 1239
