0 1
0 2
0 5
0 13
1 2
1 3
1 4
1 5
1 6
2 3
2 13
4 5
4 6
4 7
5 7
5 13
5 14
5 15
6 7
6 8
6 9
6 10
6 11
6 12
7 12
7 15
8 9
8 10
8 28
8 60
9 10
10 11
10 16
10 28
11 12
11 16
12 15
12 16
13 14
13 1466
13 1467
13 1485
14 15
14 16
14 17
14 18
14 25
14 31
14 32
14 33
14 38
14 39
14 1485
15 16
15 17
16 17
16 25
16 28
18 33
18 38
18 41
18 44
18 45
18 48
18 85
19 20
19 21
19 22
19 23
20 21
20 22
20 28
20 60
21 23
21 25
21 28
22 23
22 60
23 24
23 25
23 26
23 29
23 60
24 26
24 56
24 60
25 28
25 29
25 39
26 27
26 29
26 56
26 57
27 29
27 39
27 40
27 57
27 59
27 70
27 98
28 60
29 39
30 32
30 35
30 36
30 37
30 49
30 50
30 52
30 79
31 32
31 37
31 1485
32 33
32 37
32 49
33 44
33 49
33 67
34 35
34 37
34 61
34 1519
34 1521
35 36
35 37
35 61
35 62
36 62
36 79
37 1485
37 1519
38 39
38 40
38 41
38 42
39 40
40 42
40 70
41 42
41 71
41 85
42 70
42 71
43 46
43 47
43 65
43 68
43 69
43 86
43 93
43 94
44 45
44 47
44 67
45 46
45 47
45 48
46 47
46 48
46 86
47 67
47 68
48 85
48 86
49 50
49 67
50 51
50 52
50 67
51 52
51 53
51 54
51 67
52 54
52 79
53 54
53 66
53 67
53 68
54 55
54 66
54 79
54 81
55 65
55 66
55 81
55 82
56 57
56 58
56 60
57 58
57 59
58 59
58 60
58 101
59 98
59 100
59 101
60 99
60 101
61 62
61 75
61 1060
61 1518
61 1521
62 64
62 75
62 79
62 91
62 92
63 64
63 79
63 80
63 81
63 89
63 92
63 105
64 79
64 92
65 66
65 69
65 82
65 94
65 96
65 102
66 68
66 69
67 68
68 69
70 71
70 72
70 73
70 98
71 73
71 85
71 87
71 88
72 73
72 84
72 88
72 98
72 115
72 118
73 88
74 76
74 77
74 110
74 111
74 1075
75 76
75 77
75 78
75 90
75 91
75 1060
76 77
76 1059
76 1060
76 1075
76 1077
77 78
77 111
78 90
78 111
79 81
80 81
80 82
80 105
81 82
82 102
82 105
83 86
83 87
83 93
83 94
83 106
83 107
83 108
83 109
84 87
84 88
84 109
84 115
84 116
84 124
85 86
85 87
86 87
86 93
87 88
87 109
89 90
89 91
89 92
89 105
89 111
89 158
90 91
90 111
91 92
93 94
94 95
94 96
94 97
94 106
95 96
95 97
95 121
95 122
96 102
96 120
96 121
97 106
97 107
97 108
97 122
98 100
98 118
98 119
99 101
99 130
99 132
99 133
99 1221
99 1222
99 1224
99 1229
100 101
100 119
100 129
101 129
101 130
101 134
102 103
102 104
102 105
102 120
103 104
103 105
104 105
104 120
104 123
104 136
105 135
105 136
105 158
106 107
107 108
108 109
108 122
108 126
108 143
108 147
109 124
109 126
110 111
110 112
110 599
110 1075
110 1076
111 112
111 113
111 158
112 113
112 114
112 596
112 599
113 114
113 158
114 153
114 158
114 164
114 596
115 116
115 118
116 118
116 124
116 125
117 118
117 119
117 127
117 129
118 119
118 125
118 127
119 129
120 121
120 123
121 122
121 123
121 137
121 146
122 146
122 147
123 136
123 137
123 139
124 125
124 126
125 126
125 127
126 127
126 128
126 143
127 128
127 129
127 132
127 140
127 144
127 179
127 203
127 205
128 140
128 141
128 143
129 131
129 132
129 134
130 131
130 132
130 133
130 134
131 132
131 134
132 133
132 179
132 180
132 1224
135 136
135 139
135 158
135 175
135 177
136 139
136 158
137 138
137 139
137 146
137 147
138 139
138 145
138 147
139 145
139 175
140 141
140 144
141 142
141 143
141 144
142 143
142 144
142 145
142 147
143 147
144 145
144 203
144 205
145 147
145 175
145 203
146 147
148 149
148 150
148 164
148 165
149 150
149 152
149 161
149 165
149 184
149 185
149 187
149 192
150 152
150 164
150 596
151 152
151 159
151 161
151 596
151 597
152 161
152 596
153 154
153 155
153 156
153 158
153 164
153 168
154 156
154 157
154 158
154 177
154 178
155 156
155 157
155 167
155 168
156 157
157 167
157 178
157 193
157 195
158 177
159 160
159 161
159 162
159 163
159 597
160 162
160 169
160 170
160 597
160 601
161 163
161 183
161 184
162 163
162 169
163 169
163 171
163 183
164 165
164 166
164 168
164 596
165 166
165 191
165 192
166 167
166 168
166 191
166 193
167 168
167 193
169 170
169 171
170 171
170 172
170 597
170 601
170 1120
171 172
171 173
171 174
171 183
172 173
172 174
172 1120
172 1135
172 1140
172 1152
172 1153
173 174
174 183
174 188
174 1153
175 176
175 177
175 203
175 204
176 177
176 178
176 196
176 204
176 235
177 178
178 195
178 196
179 180
179 181
179 197
179 205
180 181
180 182
180 1224
181 182
181 197
182 197
182 199
182 211
182 1224
183 184
183 188
184 185
184 186
184 188
185 186
185 187
185 221
185 222
186 188
186 222
187 190
187 192
187 221
188 222
188 223
188 1153
189 190
189 191
189 192
189 230
189 234
190 192
190 220
190 221
190 234
191 192
191 193
191 195
191 230
193 195
194 195
194 230
194 231
194 234
194 236
195 196
195 230
195 236
196 235
196 236
197 198
197 199
197 201
197 205
198 201
198 205
198 206
199 200
199 201
199 211
199 212
200 201
200 212
200 254
200 265
201 206
201 208
201 263
201 265
202 203
202 204
202 226
202 227
202 241
202 247
202 248
203 204
203 205
203 225
203 226
204 235
204 238
204 247
205 206
205 225
206 207
206 208
206 225
207 208
207 209
207 225
208 209
208 210
208 263
209 210
209 225
209 229
209 242
210 242
210 263
210 264
211 212
211 213
211 1223
211 1224
212 213
212 217
212 254
212 255
213 214
213 217
213 1223
214 215
214 216
214 217
214 1223
215 216
215 217
216 217
216 219
216 1223
216 1232
217 218
217 219
217 255
217 257
217 258
217 270
217 272
218 219
218 270
218 1231
218 1233
218 1239
219 1231
219 1232
220 221
220 223
220 232
220 234
220 251
220 252
220 615
221 222
221 223
222 223
223 224
223 252
223 1153
224 252
224 1153
225 226
225 229
226 227
226 228
226 229
227 228
227 241
227 243
228 229
228 243
229 242
229 243
229 244
230 234
231 234
231 236
231 237
232 233
232 234
232 615
232 618
233 234
233 237
233 618
233 622
234 237
235 236
235 237
235 238
236 237
237 238
237 239
237 620
237 621
237 622
238 239
238 246
238 247
238 609
238 620
238 624
239 620
240 243
240 244
240 245
240 275
240 277
240 278
240 279
241 243
241 245
241 248
242 244
242 261
242 264
242 275
243 244
243 245
244 275
245 248
245 277
246 247
246 248
246 277
246 624
246 628
247 248
248 277
249 250
249 253
249 283
249 1153
249 1155
250 251
250 252
250 253
250 282
250 283
251 252
251 282
251 615
252 253
252 1153
253 1153
254 255
254 256
254 265
255 256
255 258
256 258
256 265
256 267
257 258
257 259
257 271
257 272
257 285
258 259
258 267
259 267
259 285
259 286
260 261
260 262
260 264
260 303
261 264
261 275
261 276
261 290
261 303
262 263
262 264
262 265
262 266
262 268
262 303
262 304
263 264
263 265
265 266
265 267
265 269
266 268
266 269
267 268
267 269
267 286
267 287
268 269
268 287
268 304
268 307
270 272
270 273
270 1238
270 1239
270 1240
271 272
271 273
271 274
271 285
272 273
273 274
273 310
273 1240
273 1246
273 1248
274 285
274 310
274 312
274 313
275 276
275 279
276 278
276 279
276 290
276 291
277 278
277 628
277 629
277 631
278 279
278 291
278 627
278 629
280 281
280 283
280 284
280 1150
281 284
281 1150
281 1189
281 1194
282 283
282 293
282 294
282 295
282 611
282 615
283 284
283 293
283 296
283 338
283 1150
283 1155
284 329
284 338
284 1194
285 286
285 288
285 313
285 314
286 287
286 288
287 288
287 307
287 308
288 308
288 313
288 314
288 326
288 327
289 290
289 292
289 302
290 291
290 292
290 302
290 303
291 292
291 625
291 627
292 302
292 625
292 630
293 295
293 296
293 298
294 295
294 611
295 296
295 297
295 298
295 611
296 298
296 338
297 298
297 335
297 356
297 358
297 611
298 338
298 356
299 301
299 302
299 305
299 351
299 352
300 301
300 302
300 303
300 304
300 305
300 306
301 302
301 305
302 303
302 352
302 630
303 304
304 306
304 307
305 306
305 309
305 343
305 344
305 351
306 307
306 308
306 309
307 308
308 309
308 327
308 328
309 328
309 343
309 345
309 346
310 312
310 1248
310 1258
310 1259
311 312
311 313
311 314
311 365
311 366
311 367
312 313
312 367
312 368
312 1259
313 314
314 325
314 326
314 366
315 316
315 317
315 318
315 319
315 321
315 626
315 628
315 631
316 317
316 625
316 626
316 630
317 318
317 630
318 319
318 321
318 352
318 354
318 630
318 632
319 321
319 324
319 628
320 322
320 323
320 336
320 375
320 380
320 381
320 607
321 322
321 323
321 324
321 347
321 350
321 632
322 323
322 324
322 607
322 624
323 347
323 348
323 375
324 624
324 628
325 326
325 327
325 328
325 346
325 366
326 327
326 328
327 328
328 346
329 332
329 338
329 339
329 1194
330 331
330 342
330 384
330 385
330 386
331 332
331 333
331 339
331 342
331 386
332 333
332 339
332 1192
332 1194
333 386
333 1192
333 1205
334 336
334 337
334 355
334 380
334 395
334 602
335 337
335 358
335 602
335 604
335 605
335 611
335 612
335 614
336 380
336 602
336 607
337 355
337 358
337 602
338 339
338 340
338 341
338 356
339 340
339 342
340 341
340 342
340 389
341 356
341 389
341 390
341 392
342 385
342 389
343 344
343 345
344 345
344 351
344 353
344 397
345 346
345 366
345 397
345 1262
345 1263
346 366
347 348
347 350
348 349
348 350
348 371
348 373
348 375
348 376
349 373
349 376
349 377
349 379
350 371
350 372
350 632
351 352
351 353
352 353
352 354
352 630
353 354
353 396
353 397
354 396
354 398
354 400
354 404
354 405
354 406
354 407
354 632
354 633
355 358
355 393
355 395
356 358
356 392
357 358
357 394
357 449
358 392
358 393
358 394
358 428
358 432
358 449
359 361
359 362
359 364
359 387
360 362
360 422
360 974
360 1000
360 1001
360 1207
361 362
361 386
361 387
361 1203
361 1208
362 364
362 422
362 1207
362 1208
363 364
363 387
363 388
363 422
364 387
364 422
365 366
365 367
365 369
365 370
365 1261
365 1262
366 1262
367 368
367 369
368 369
368 370
368 1255
368 1259
369 370
370 1255
370 1261
370 1265
370 1266
370 1268
371 372
371 373
371 374
371 632
372 632
373 374
373 378
373 379
373 634
374 632
374 634
374 638
375 376
375 381
376 377
376 381
376 382
377 379
377 382
377 383
378 379
378 383
378 413
378 415
378 416
378 634
379 383
380 381
380 382
380 395
381 382
382 383
382 395
382 408
382 412
383 412
383 413
383 416
384 385
384 386
384 387
384 388
384 389
384 423
385 389
386 387
386 1203
386 1205
387 388
388 421
388 422
388 423
389 390
389 392
389 423
389 424
389 425
390 392
391 392
391 425
391 428
391 444
392 425
392 428
393 394
393 395
393 408
393 409
394 409
394 411
394 448
394 449
394 451
394 469
394 483
394 484
395 408
396 397
396 398
396 399
397 399
397 401
397 1260
397 1263
398 399
398 400
399 400
399 401
400 401
400 402
400 404
401 402
401 1260
401 1276
401 1277
402 404
402 463
402 464
402 1277
403 404
403 405
403 406
403 433
403 434
403 638
404 406
404 407
404 434
404 439
404 463
405 406
405 633
405 638
406 407
408 409
408 412
409 410
409 411
409 412
409 413
410 411
410 413
410 414
410 472
411 469
411 470
411 472
412 413
413 414
413 416
414 416
414 417
414 472
414 477
415 416
415 417
415 634
415 636
416 417
417 438
417 477
417 636
418 419
418 420
418 421
418 423
418 457
418 481
419 457
419 458
419 481
420 421
420 422
420 457
420 459
420 1001
420 1003
421 422
421 423
422 1001
423 424
423 427
423 452
423 481
424 425
424 426
424 427
425 426
425 444
426 427
426 444
426 445
426 455
427 452
427 453
427 454
427 455
428 430
428 431
428 432
428 444
428 446
428 447
429 430
429 431
429 432
429 447
429 449
429 450
429 451
430 431
430 432
431 447
432 449
433 434
433 638
434 435
434 436
434 439
434 638
435 436
435 438
435 637
435 638
436 437
436 438
436 439
436 442
436 475
437 438
437 473
437 474
437 475
437 477
438 477
438 636
438 637
439 440
439 442
439 463
440 441
440 442
440 462
440 463
440 465
441 442
441 465
441 467
441 487
442 475
442 487
443 445
443 446
443 447
443 448
443 505
443 507
443 510
444 445
444 446
445 446
445 455
445 494
445 510
446 447
447 448
447 450
448 450
448 451
448 484
448 506
448 507
449 451
450 451
452 453
452 454
452 478
452 481
453 454
453 455
453 456
453 478
455 456
455 494
456 478
456 480
456 491
456 492
456 494
456 495
457 458
457 459
458 459
458 460
458 461
458 481
459 460
459 1003
460 461
460 1003
461 479
461 481
462 463
462 464
462 465
462 466
462 1274
462 1277
463 464
464 1277
465 466
465 467
465 1274
466 1274
467 487
467 489
467 595
467 1274
467 1280
468 470
468 471
468 472
468 477
468 499
469 470
469 483
470 472
470 483
470 499
471 477
471 497
471 499
471 500
471 502
472 477
473 474
473 477
473 500
474 475
474 476
474 500
474 514
475 476
475 487
475 488
475 489
476 488
476 514
476 515
476 592
477 500
478 479
478 480
478 481
479 480
479 481
479 530
479 533
480 492
480 493
480 533
482 485
482 486
482 506
482 507
482 509
482 526
483 484
483 485
483 486
483 496
483 499
484 485
484 506
485 486
485 506
486 496
486 498
486 526
486 527
487 489
488 489
488 490
488 592
489 490
489 595
490 591
490 592
490 593
490 595
491 492
491 495
492 493
492 495
492 511
492 512
492 513
492 538
493 533
493 534
493 538
493 539
494 495
494 510
494 513
495 513
496 497
496 498
496 499
496 525
496 528
497 499
497 502
497 524
497 525
498 527
498 528
500 501
500 502
500 514
501 502
501 503
501 504
501 514
501 524
502 524
503 504
503 514
503 516
504 515
504 516
504 523
504 524
504 544
505 507
505 508
505 510
506 507
507 508
507 509
507 520
508 510
508 518
508 519
508 520
509 520
509 526
509 551
510 511
510 513
510 518
511 512
511 513
511 518
511 538
512 538
514 515
514 516
515 516
515 517
515 544
515 592
515 1307
516 544
517 592
517 594
517 1307
517 1309
517 1310
518 519
518 520
518 521
518 538
518 571
519 520
520 551
520 571
521 535
521 538
521 571
522 523
522 544
522 545
522 546
523 524
523 525
523 540
523 544
523 546
524 525
525 528
525 540
526 527
526 529
526 549
526 551
527 528
527 529
528 529
528 540
528 542
528 543
529 542
529 549
529 552
530 531
530 533
530 534
530 553
530 554
530 555
530 578
531 532
531 562
531 578
532 559
532 562
533 534
534 536
534 539
534 554
535 536
535 537
535 538
535 539
535 563
535 564
535 571
536 539
536 554
536 556
536 564
537 563
537 564
537 566
538 539
540 541
540 543
540 546
541 543
541 546
541 547
542 543
542 552
544 545
544 1307
545 546
545 548
545 1307
546 547
546 548
547 548
549 551
549 552
550 552
550 573
550 574
551 552
551 568
551 571
551 573
552 573
552 574
553 555
553 557
553 578
553 579
553 580
554 555
554 556
555 556
555 557
556 557
556 564
556 565
557 565
557 567
557 579
557 586
558 561
558 562
559 562
560 561
560 562
560 582
560 583
561 562
562 578
562 582
563 566
563 571
563 572
564 565
564 566
565 566
565 567
565 570
565 589
566 570
566 572
567 586
567 587
567 589
568 569
568 571
568 572
568 573
568 575
568 576
569 570
569 572
569 575
569 576
569 577
570 572
570 577
570 589
570 590
571 572
573 574
573 575
574 575
575 576
575 577
576 577
578 580
578 582
579 580
579 581
579 585
579 586
579 587
580 581
580 582
580 584
581 583
581 584
581 585
582 583
582 584
583 584
583 585
586 587
587 588
587 589
588 589
589 590
591 592
591 593
591 594
592 594
593 594
593 595
593 1353
593 1354
594 1308
594 1309
594 1353
595 1280
595 1300
595 1354
596 597
596 599
597 599
597 600
597 601
598 599
598 600
598 601
598 1076
598 1079
598 1080
599 600
599 1076
600 601
601 1080
601 1106
601 1120
601 1220
602 604
602 606
602 607
603 604
603 609
603 610
603 612
603 619
603 623
604 605
604 606
604 608
604 610
604 612
605 612
606 607
606 608
606 609
607 609
607 624
608 609
608 610
609 610
609 620
609 623
609 624
611 613
611 614
611 615
612 614
612 619
613 614
613 615
613 617
614 617
614 619
615 617
615 618
615 619
616 618
616 619
616 621
616 622
617 619
618 619
618 622
619 621
619 623
620 621
620 623
621 622
621 623
624 628
625 626
625 627
625 630
626 627
626 629
626 631
627 629
628 631
629 631
632 633
632 638
633 638
634 635
634 636
634 637
634 638
635 637
635 638
636 637
637 638
639 640
639 642
639 653
639 830
639 831
640 641
640 642
640 663
641 642
641 647
641 648
641 663
642 647
642 652
642 653
642 654
643 644
643 656
643 659
643 675
643 676
644 645
644 659
644 833
645 646
645 659
645 831
645 832
645 833
646 657
646 659
646 679
646 829
646 832
647 648
647 650
647 654
648 649
648 650
648 663
648 664
649 650
649 651
649 660
649 661
649 664
649 687
650 651
650 654
650 655
651 655
651 687
651 704
651 705
652 653
652 654
652 655
652 671
652 673
653 671
653 679
653 831
654 655
655 673
655 695
655 704
656 657
656 658
656 659
656 676
656 692
657 658
657 659
657 679
657 684
658 683
658 684
658 692
660 661
660 663
660 664
660 670
661 662
661 665
661 666
661 670
661 687
662 665
662 666
662 668
662 689
663 664
663 666
663 667
663 670
665 687
665 688
665 689
665 690
666 667
666 668
666 670
667 668
667 669
667 717
668 669
668 689
669 689
669 717
671 673
671 674
671 679
671 831
672 673
672 674
672 679
672 682
672 696
672 698
672 699
672 722
673 674
673 695
673 696
674 679
675 676
675 677
675 678
675 737
675 738
675 745
675 748
675 1294
676 677
676 678
676 692
676 693
676 710
676 731
676 734
677 678
678 732
678 734
678 737
679 682
679 684
679 829
679 831
679 832
680 681
680 682
680 684
681 682
681 683
681 684
681 685
681 722
681 723
682 684
682 722
683 684
683 685
683 686
683 691
683 692
684 692
685 686
685 723
686 691
686 708
686 723
686 724
687 688
687 705
688 690
688 705
689 690
689 714
689 717
690 701
690 705
690 713
690 714
690 715
690 728
691 692
691 693
691 694
691 708
691 710
691 711
692 693
693 710
694 706
694 707
694 708
694 709
694 711
695 696
695 697
695 704
696 697
696 698
697 698
697 704
698 699
698 700
698 702
698 704
698 740
698 743
699 700
699 722
700 722
700 725
700 740
700 741
701 702
701 704
701 705
701 728
701 729
702 703
702 704
702 729
702 730
702 739
702 743
703 730
703 739
703 762
703 763
704 705
706 707
706 709
706 710
706 731
706 749
707 710
707 711
708 709
708 724
708 726
708 749
708 769
709 749
710 711
710 731
712 713
712 716
712 727
712 757
713 715
713 716
713 727
713 728
713 729
714 715
714 717
714 718
714 719
715 716
715 718
716 718
716 721
716 757
716 786
717 719
717 720
718 719
718 720
718 721
719 720
720 721
720 785
721 781
721 783
721 785
721 786
722 723
722 725
723 724
723 725
724 725
724 726
725 726
725 741
725 775
726 769
726 770
726 775
726 776
727 729
727 755
727 756
727 757
728 729
729 730
729 755
730 754
730 755
730 763
731 734
731 749
732 733
732 734
732 735
732 737
733 734
733 735
733 750
734 749
734 750
734 751
735 736
735 737
735 750
735 752
735 778
736 737
736 738
736 746
736 765
736 778
737 738
738 746
738 748
739 743
739 744
739 762
740 741
740 742
740 743
741 742
741 744
741 775
742 743
742 744
743 744
744 762
744 775
745 746
745 747
745 748
745 766
745 767
745 1294
746 748
746 765
746 766
746 768
747 767
747 801
747 1294
747 1324
749 751
749 753
749 769
750 751
750 752
751 752
751 753
752 753
752 778
752 780
752 788
753 769
753 771
753 788
754 755
754 756
754 758
754 763
754 809
755 756
756 757
756 758
757 758
757 786
757 795
758 759
758 795
758 809
759 795
759 796
759 809
760 761
760 762
760 763
760 773
760 808
760 809
761 762
761 773
762 763
762 773
762 775
763 809
764 767
764 768
764 777
764 800
764 801
765 768
765 778
765 779
766 767
766 768
767 768
767 801
768 777
768 779
769 770
769 771
770 771
770 772
770 774
770 776
771 772
771 787
771 788
772 774
772 787
772 791
773 774
773 775
773 792
773 803
773 804
773 807
773 808
774 775
774 776
774 791
774 792
775 776
777 778
777 779
777 780
777 799
777 800
778 779
778 780
780 788
780 799
781 782
781 783
781 784
781 785
781 793
781 794
782 783
782 793
783 786
783 793
783 795
784 785
784 794
786 795
787 788
787 789
787 790
787 791
788 790
788 799
788 828
789 790
789 791
789 792
790 792
790 821
790 825
790 826
790 827
790 828
791 792
792 803
792 816
792 821
792 822
793 794
793 795
793 797
793 798
794 797
794 812
795 796
795 798
795 811
796 809
796 811
797 798
797 812
797 813
797 815
798 811
798 813
799 800
799 802
799 828
800 801
800 802
801 802
801 1324
802 828
803 804
803 805
803 816
804 805
804 807
805 806
805 807
805 816
805 818
806 807
806 808
806 818
807 808
808 809
808 810
808 811
808 817
808 818
809 811
810 811
810 814
810 815
811 813
811 815
812 813
812 814
812 815
813 815
814 815
816 818
816 819
816 822
817 818
817 819
817 820
818 819
819 820
819 822
819 824
820 824
821 822
821 823
821 826
822 823
822 824
823 824
823 826
823 827
825 827
825 828
826 827
827 828
829 832
830 831
830 833
831 832
831 833
834 835
834 836
834 838
834 1064
834 1648
834 1664
834 1668
835 836
835 837
835 848
835 850
835 1668
836 837
836 1061
836 1064
836 1093
837 850
837 852
837 853
837 861
837 1093
837 1096
838 1064
838 1648
838 1664
839 840
839 841
839 842
839 845
839 856
839 857
840 841
840 842
840 846
840 1653
840 1662
840 1663
840 1669
841 849
841 851
841 857
841 1669
842 843
842 845
842 846
842 847
843 844
843 845
843 847
844 845
844 872
844 873
845 856
845 858
845 866
845 869
845 873
846 847
846 1653
846 1662
848 849
848 850
848 1668
849 850
849 851
849 1668
849 1669
850 851
850 852
851 852
851 853
851 857
852 853
853 854
853 857
853 861
853 863
854 855
854 857
854 862
854 863
855 857
855 862
855 867
855 874
855 877
856 857
856 858
857 858
857 867
858 866
858 867
859 860
859 862
859 863
859 877
859 884
860 861
860 863
860 879
860 880
860 881
860 884
860 885
860 1096
860 1097
860 1105
860 1126
861 863
861 1096
862 863
862 877
864 865
864 866
864 867
864 868
864 869
864 870
864 874
865 868
865 871
865 874
865 876
866 867
866 869
867 874
868 870
868 871
869 870
869 873
870 871
870 873
871 873
871 876
871 889
871 905
872 873
874 875
874 876
874 877
875 876
875 877
875 878
875 893
876 891
876 893
876 894
876 905
877 878
877 884
878 884
878 885
878 893
879 881
879 882
879 1124
879 1126
879 1131
880 881
880 882
880 885
880 903
881 882
882 902
882 903
882 1131
882 1147
882 1149
883 886
883 892
883 913
883 914
884 885
885 886
885 893
885 895
885 903
885 914
886 892
886 894
886 895
886 914
887 889
887 890
887 905
887 907
887 908
888 889
888 890
888 896
888 898
888 899
889 890
889 896
889 905
890 899
890 900
890 908
891 892
891 894
891 905
891 909
891 912
891 913
892 894
892 913
893 894
893 895
894 895
896 898
897 898
897 899
897 900
897 921
898 899
899 900
900 908
900 919
900 921
900 923
900 924
901 902
901 903
901 904
901 914
901 915
901 916
902 903
902 904
902 1147
903 914
904 916
904 1147
905 906
905 907
905 909
906 907
906 909
906 911
906 922
907 908
907 922
908 919
908 922
909 910
909 911
909 912
910 911
910 912
910 939
911 922
911 932
911 939
912 913
912 938
912 939
913 914
913 926
913 927
913 938
914 915
914 926
915 916
915 925
915 926
916 917
916 918
916 925
916 1147
917 918
917 1146
917 1147
917 1148
917 1201
918 925
918 928
918 1201
919 922
919 924
920 921
920 923
920 933
921 923
922 924
922 930
922 931
922 932
923 924
923 931
923 933
923 934
923 935
924 931
925 926
925 927
925 928
925 929
926 927
927 929
927 936
927 938
927 949
927 953
928 929
928 953
928 1198
928 1201
928 1211
929 953
930 931
930 932
930 934
930 942
930 943
931 934
932 939
932 943
933 935
933 945
934 935
934 942
934 943
934 944
934 948
935 945
935 946
935 947
935 948
936 937
936 938
936 949
936 951
936 961
936 962
936 963
937 938
937 939
937 941
937 943
937 961
938 939
939 943
940 941
940 942
940 944
940 948
940 967
940 976
940 977
941 942
941 943
941 961
941 967
942 943
942 944
944 948
945 947
946 947
946 948
946 970
948 970
948 976
949 950
949 951
949 953
950 951
950 953
950 1211
951 952
951 963
951 982
951 1211
952 959
952 963
952 980
952 982
952 1005
953 1211
954 956
954 958
954 972
954 973
954 974
955 956
955 957
955 958
955 990
955 991
955 1187
955 1188
955 1196
956 957
956 958
956 972
957 972
957 975
957 990
957 1003
958 973
958 1188
958 1206
959 960
959 962
959 963
959 1005
960 962
960 965
960 966
960 978
960 979
960 1005
961 962
961 964
961 965
961 967
962 963
962 965
964 965
964 966
964 967
964 977
964 978
965 966
966 978
967 977
968 969
968 971
968 996
968 1008
969 970
969 971
969 996
970 971
970 976
970 996
972 974
972 975
973 974
973 1206
973 1207
973 1209
974 975
974 1000
974 1207
975 1000
975 1002
975 1003
976 977
976 978
976 995
976 996
976 997
977 978
978 979
978 995
979 995
979 1005
979 1006
979 1019
979 1029
980 981
980 982
980 983
980 987
980 1005
980 1006
981 985
981 987
981 1006
981 1007
982 983
982 1211
983 987
983 989
983 1211
984 985
984 986
984 988
984 993
984 994
984 1030
984 1031
985 986
985 987
985 1007
985 1031
986 987
986 988
986 989
987 989
988 989
988 993
988 1212
989 1211
989 1212
990 991
990 992
990 1003
990 1013
990 1014
990 1016
991 992
991 1196
991 1200
991 1214
992 993
992 1014
992 1212
992 1214
993 994
993 1014
993 1212
994 1012
994 1014
994 1030
995 997
995 999
995 1019
995 1020
995 1021
996 997
996 998
996 1008
996 1009
997 998
997 999
998 999
998 1009
999 1009
999 1020
999 1024
1000 1001
1000 1002
1000 1207
1001 1002
1001 1003
1002 1003
1003 1015
1003 1016
1003 1017
1004 1006
1004 1007
1004 1026
1004 1029
1005 1006
1006 1007
1006 1029
1007 1031
1008 1009
1008 1010
1009 1010
1009 1011
1009 1024
1010 1011
1010 1023
1011 1023
1011 1024
1011 1025
1012 1013
1012 1014
1012 1015
1012 1030
1012 1032
1013 1014
1013 1015
1013 1016
1013 1017
1015 1017
1015 1032
1016 1017
1018 1020
1018 1021
1018 1022
1018 1027
1018 1028
1019 1021
1019 1029
1020 1021
1020 1022
1020 1024
1021 1027
1021 1029
1022 1023
1022 1024
1022 1025
1022 1028
1023 1025
1024 1025
1026 1027
1026 1029
1027 1028
1027 1029
1030 1031
1030 1032
1031 1032
1031 1033
1031 1034
1032 1033
1032 1034
1033 1034
1035 1037
1035 1038
1035 1045
1035 1048
1035 1054
1035 1479
1035 1492
1036 1037
1036 1038
1036 1039
1036 1489
1036 1491
1036 1504
1037 1038
1037 1479
1037 1483
1037 1491
1038 1039
1038 1054
1039 1053
1039 1054
1039 1504
1040 1041
1040 1042
1040 1043
1040 1057
1040 1216
1040 1217
1041 1042
1041 1043
1041 1507
1042 1057
1042 1501
1042 1507
1043 1047
1043 1051
1043 1216
1043 1507
1044 1045
1044 1046
1044 1047
1044 1048
1044 1049
1044 1050
1045 1047
1045 1048
1045 1479
1045 1492
1046 1048
1046 1050
1046 1055
1046 1071
1046 1086
1047 1049
1047 1051
1047 1492
1047 1506
1047 1507
1048 1054
1048 1055
1049 1050
1049 1051
1049 1052
1050 1052
1050 1071
1051 1052
1051 1070
1051 1216
1052 1070
1052 1071
1053 1054
1053 1055
1053 1056
1053 1062
1053 1088
1053 1504
1053 1512
1053 1514
1054 1055
1055 1086
1055 1088
1056 1062
1056 1065
1056 1068
1056 1085
1056 1088
1056 1090
1057 1058
1057 1059
1057 1077
1057 1078
1057 1082
1057 1217
1057 1501
1058 1059
1058 1501
1058 1517
1059 1060
1059 1077
1059 1517
1060 1517
1060 1518
1061 1064
1061 1090
1061 1091
1061 1093
1062 1063
1062 1090
1062 1514
1063 1064
1063 1090
1063 1514
1063 1665
1063 1667
1064 1090
1064 1664
1064 1667
1065 1066
1065 1067
1065 1068
1065 1085
1065 1089
1065 1101
1066 1089
1066 1098
1066 1099
1066 1100
1066 1101
1067 1068
1067 1089
1067 1090
1067 1092
1068 1090
1069 1073
1069 1074
1069 1084
1069 1087
1069 1106
1069 1108
1069 1109
1070 1071
1070 1072
1070 1074
1070 1216
1070 1218
1071 1074
1071 1086
1071 1087
1072 1073
1072 1074
1072 1215
1072 1218
1073 1074
1073 1106
1073 1215
1074 1087
1075 1076
1075 1077
1075 1078
1075 1079
1075 1081
1076 1079
1077 1078
1078 1081
1078 1082
1079 1080
1079 1081
1080 1081
1080 1082
1080 1220
1081 1082
1082 1217
1082 1220
1083 1084
1083 1085
1083 1112
1084 1085
1084 1086
1084 1087
1084 1088
1084 1109
1084 1112
1084 1114
1085 1088
1085 1101
1085 1112
1086 1087
1086 1088
1089 1092
1089 1099
1090 1091
1090 1092
1091 1092
1091 1093
1092 1093
1092 1099
1093 1096
1093 1097
1093 1099
1094 1095
1094 1097
1094 1098
1094 1099
1094 1105
1095 1098
1095 1100
1095 1103
1095 1104
1095 1105
1096 1097
1097 1099
1097 1105
1098 1099
1098 1100
1099 1100
1100 1101
1100 1103
1101 1102
1101 1103
1101 1112
1102 1103
1102 1112
1103 1104
1103 1112
1104 1105
1104 1112
1104 1123
1104 1126
1104 1127
1105 1126
1106 1108
1106 1110
1106 1111
1106 1120
1106 1215
1106 1220
1107 1108
1107 1109
1107 1110
1107 1118
1108 1109
1108 1110
1109 1112
1109 1114
1109 1116
1109 1118
1110 1111
1110 1118
1110 1122
1111 1120
1111 1122
1112 1114
1112 1117
1112 1123
1112 1125
1113 1114
1113 1115
1113 1116
1113 1117
1114 1116
1114 1117
1115 1116
1115 1117
1115 1118
1115 1119
1116 1118
1117 1119
1117 1125
1117 1141
1117 1142
1117 1143
1118 1119
1118 1121
1118 1122
1119 1120
1119 1121
1119 1141
1120 1121
1120 1122
1120 1136
1120 1140
1120 1141
1121 1122
1123 1124
1123 1125
1123 1126
1123 1127
1123 1132
1123 1134
1124 1126
1124 1131
1124 1132
1125 1130
1125 1134
1125 1142
1125 1156
1125 1159
1125 1171
1128 1129
1128 1132
1128 1133
1128 1134
1128 1149
1128 1165
1129 1130
1129 1134
1129 1157
1129 1165
1130 1134
1130 1156
1130 1157
1131 1132
1131 1133
1131 1149
1132 1133
1132 1134
1133 1149
1135 1136
1135 1137
1135 1138
1135 1140
1135 1152
1136 1137
1136 1139
1136 1140
1136 1141
1136 1143
1136 1144
1136 1177
1137 1138
1137 1139
1138 1139
1138 1152
1138 1160
1138 1162
1139 1162
1139 1177
1141 1143
1142 1143
1142 1145
1142 1171
1142 1172
1143 1144
1143 1145
1144 1145
1144 1175
1144 1176
1144 1177
1144 1182
1145 1172
1145 1182
1146 1148
1146 1165
1146 1186
1146 1201
1147 1148
1147 1149
1147 1165
1148 1165
1149 1165
1150 1151
1150 1155
1150 1164
1150 1189
1151 1154
1151 1155
1151 1164
1152 1153
1152 1154
1152 1160
1153 1154
1153 1155
1154 1155
1154 1160
1154 1163
1154 1164
1156 1157
1156 1159
1157 1158
1157 1159
1157 1165
1157 1168
1158 1159
1158 1167
1158 1168
1158 1185
1159 1170
1159 1171
1159 1173
1159 1185
1159 1188
1160 1161
1160 1162
1160 1163
1161 1162
1161 1163
1161 1178
1162 1175
1162 1177
1162 1178
1163 1164
1163 1178
1164 1178
1164 1189
1164 1195
1165 1166
1165 1168
1165 1186
1166 1167
1166 1168
1166 1184
1166 1186
1167 1168
1167 1184
1167 1185
1169 1172
1169 1173
1169 1180
1169 1206
1169 1209
1170 1171
1170 1173
1171 1172
1171 1173
1172 1173
1172 1180
1172 1182
1173 1188
1173 1206
1174 1176
1174 1178
1174 1179
1174 1190
1174 1202
1175 1176
1175 1177
1175 1178
1176 1178
1176 1179
1176 1182
1176 1183
1178 1190
1178 1193
1178 1195
1179 1181
1179 1183
1179 1202
1180 1181
1180 1182
1180 1183
1180 1204
1180 1209
1181 1183
1181 1202
1181 1204
1182 1183
1184 1185
1184 1186
1184 1187
1184 1188
1185 1188
1186 1187
1186 1196
1186 1199
1186 1201
1187 1188
1187 1196
1188 1206
1189 1193
1189 1194
1189 1195
1190 1192
1190 1193
1190 1202
1191 1192
1191 1193
1191 1194
1192 1193
1192 1194
1192 1202
1192 1205
1193 1194
1193 1195
1196 1199
1196 1200
1197 1198
1197 1199
1197 1213
1197 1214
1198 1199
1198 1201
1198 1211
1198 1213
1199 1200
1199 1201
1199 1214
1200 1214
1202 1204
1202 1205
1203 1204
1203 1205
1203 1208
1203 1209
1204 1205
1204 1209
1206 1209
1207 1208
1207 1209
1207 1210
1208 1209
1208 1210
1209 1210
1211 1212
1211 1213
1212 1213
1212 1214
1213 1214
1215 1218
1215 1220
1216 1217
1216 1218
1216 1219
1217 1219
1217 1220
1218 1219
1218 1220
1219 1220
1221 1222
1221 1223
1221 1224
1221 1229
1222 1229
1223 1224
1223 1229
1223 1232
1225 1226
1225 1227
1225 1231
1225 1234
1225 1235
1226 1227
1226 1228
1226 1230
1226 1231
1227 1228
1227 1229
1227 1234
1228 1229
1228 1230
1229 1230
1229 1232
1230 1231
1230 1232
1231 1232
1231 1233
1231 1235
1233 1235
1233 1236
1233 1237
1233 1239
1234 1235
1235 1236
1235 1237
1236 1237
1236 1243
1237 1238
1237 1239
1237 1240
1237 1243
1238 1239
1238 1240
1240 1243
1240 1244
1240 1246
1241 1242
1241 1244
1241 1245
1241 1249
1241 1251
1241 1253
1242 1245
1242 1247
1242 1249
1242 1257
1242 1258
1243 1244
1243 1251
1244 1245
1244 1246
1244 1251
1245 1246
1245 1247
1246 1247
1246 1248
1247 1248
1247 1258
1248 1258
1249 1253
1249 1254
1249 1257
1250 1251
1250 1252
1250 1253
1250 1256
1251 1253
1252 1253
1252 1254
1252 1256
1253 1254
1254 1256
1254 1257
1255 1256
1255 1259
1255 1268
1255 1282
1255 1293
1256 1257
1256 1259
1257 1258
1257 1259
1258 1259
1260 1263
1260 1276
1261 1262
1261 1263
1261 1265
1261 1271
1262 1263
1263 1271
1263 1273
1263 1276
1264 1265
1264 1266
1264 1267
1264 1268
1264 1282
1264 1285
1265 1266
1265 1267
1265 1271
1265 1272
1266 1268
1267 1269
1267 1270
1267 1272
1267 1278
1267 1285
1267 1289
1268 1282
1269 1270
1269 1272
1269 1273
1269 1278
1269 1281
1270 1272
1271 1272
1271 1273
1272 1273
1273 1276
1273 1281
1274 1275
1274 1277
1274 1280
1275 1277
1275 1279
1275 1280
1275 1281
1276 1277
1276 1281
1277 1281
1278 1281
1278 1289
1279 1280
1279 1281
1279 1287
1279 1289
1279 1304
1280 1300
1280 1301
1280 1304
1281 1289
1282 1283
1282 1284
1282 1285
1282 1293
1282 1296
1282 1329
1282 1332
1282 1333
1283 1284
1283 1285
1283 1286
1283 1292
1284 1288
1284 1292
1284 1332
1285 1286
1285 1289
1285 1290
1286 1290
1286 1292
1287 1289
1287 1291
1287 1303
1287 1304
1287 1305
1288 1290
1288 1291
1288 1292
1288 1303
1288 1306
1288 1320
1288 1332
1289 1290
1289 1291
1290 1291
1290 1292
1291 1303
1293 1295
1293 1296
1293 1325
1294 1295
1294 1324
1294 1325
1295 1325
1296 1324
1296 1325
1296 1328
1296 1329
1296 1331
1297 1298
1297 1299
1297 1301
1297 1302
1297 1304
1297 1305
1297 1312
1297 1313
1298 1299
1298 1313
1298 1316
1298 1352
1299 1302
1299 1352
1299 1354
1300 1301
1300 1302
1300 1354
1301 1302
1301 1304
1302 1354
1303 1305
1303 1306
1303 1311
1303 1320
1303 1321
1304 1305
1305 1311
1305 1312
1306 1320
1307 1310
1308 1309
1308 1319
1308 1351
1308 1353
1309 1310
1309 1319
1309 1346
1311 1312
1311 1314
1311 1321
1311 1323
1312 1313
1312 1314
1313 1314
1313 1315
1313 1316
1314 1315
1314 1323
1314 1336
1315 1316
1315 1318
1315 1336
1315 1337
1315 1347
1315 1350
1316 1317
1316 1318
1316 1352
1317 1318
1317 1319
1317 1346
1317 1351
1317 1352
1318 1346
1318 1350
1319 1346
1319 1351
1320 1321
1320 1322
1320 1332
1320 1334
1320 1335
1320 1339
1320 1343
1321 1322
1321 1323
1322 1323
1322 1335
1323 1335
1323 1336
1324 1325
1324 1326
1324 1328
1325 1326
1325 1327
1325 1328
1326 1327
1326 1328
1327 1328
1329 1330
1329 1331
1329 1333
1329 1334
1330 1331
1330 1334
1330 1339
1330 1340
1331 1340
1331 1342
1331 1344
1332 1333
1332 1334
1333 1334
1334 1339
1335 1336
1335 1338
1335 1343
1336 1337
1336 1338
1337 1338
1337 1347
1338 1343
1338 1347
1339 1340
1339 1343
1340 1342
1340 1343
1341 1342
1341 1343
1341 1344
1342 1343
1342 1344
1343 1347
1343 1348
1345 1347
1345 1350
1346 1349
1346 1350
1347 1348
1347 1350
1349 1350
1351 1352
1351 1353
1352 1353
1352 1354
1353 1354
1355 1356
1356 1357
1356 1358
1356 1360
1356 1361
1357 1358
1357 1361
1357 1362
1358 1362
1358 1363
1358 1364
1358 1367
1358 1372
1358 1373
1359 1360
1359 1361
1359 1362
1359 1368
1360 1361
1361 1362
1362 1367
1362 1368
1362 1369
1363 1364
1363 1365
1363 1366
1363 1372
1364 1372
1365 1366
1365 1371
1365 1372
1366 1371
1366 1374
1366 1375
1366 1378
1367 1369
1367 1370
1367 1373
1367 1382
1367 1395
1367 1396
1367 1412
1367 1416
1368 1369
1368 1379
1369 1370
1369 1379
1370 1379
1370 1380
1370 1382
1371 1372
1371 1374
1372 1373
1372 1374
1373 1374
1373 1394
1373 1396
1373 1407
1373 1427
1374 1375
1374 1407
1375 1376
1375 1377
1375 1378
1375 1407
1376 1377
1376 1378
1376 1384
1376 1387
1376 1402
1377 1402
1377 1403
1377 1404
1377 1407
1378 1387
1379 1380
1379 1381
1379 1382
1379 1383
1380 1382
1381 1383
1381 1412
1381 1414
1382 1383
1382 1412
1382 1413
1382 1414
1383 1414
1384 1385
1384 1386
1384 1387
1384 1389
1384 1402
1384 1420
1384 1422
1384 1423
1385 1388
1385 1389
1385 1410
1385 1411
1385 1422
1385 1429
1386 1387
1386 1389
1386 1390
1388 1389
1388 1391
1388 1392
1388 1411
1389 1390
1389 1392
1390 1391
1390 1392
1391 1392
1393 1394
1393 1396
1393 1416
1393 1418
1394 1396
1394 1417
1394 1418
1394 1419
1394 1427
1395 1396
1395 1416
1396 1416
1397 1399
1397 1400
1397 1408
1397 1409
1397 1434
1397 1542
1397 1564
1397 1574
1398 1399
1398 1400
1398 1411
1399 1400
1399 1542
1399 1544
1400 1409
1400 1411
1401 1402
1401 1403
1401 1404
1401 1405
1401 1406
1401 1421
1401 1423
1402 1403
1402 1423
1403 1404
1404 1406
1404 1407
1405 1406
1405 1407
1405 1420
1405 1421
1405 1424
1405 1425
1406 1407
1407 1424
1407 1427
1408 1409
1408 1410
1408 1429
1408 1434
1408 1435
1409 1410
1409 1411
1410 1411
1410 1422
1410 1429
1412 1413
1412 1414
1412 1415
1412 1416
1412 1417
1412 1440
1412 1444
1412 1469
1413 1414
1415 1417
1415 1440
1415 1441
1415 1442
1416 1417
1416 1418
1417 1418
1417 1419
1417 1441
1419 1427
1419 1441
1419 1449
1419 1451
1420 1421
1420 1422
1420 1423
1420 1425
1420 1438
1420 1439
1420 1474
1421 1423
1422 1429
1422 1438
1424 1425
1424 1426
1424 1427
1424 1450
1425 1426
1425 1439
1425 1474
1426 1450
1426 1474
1427 1450
1427 1451
1428 1429
1428 1430
1428 1431
1428 1432
1428 1436
1428 1438
1428 1446
1428 1448
1429 1430
1429 1435
1429 1438
1430 1431
1430 1435
1431 1432
1431 1433
1431 1435
1432 1433
1432 1446
1432 1454
1432 1457
1432 1465
1433 1434
1433 1435
1433 1456
1433 1457
1433 1574
1433 1576
1434 1435
1434 1564
1434 1574
1436 1437
1436 1438
1436 1439
1436 1445
1436 1448
1436 1459
1437 1439
1437 1458
1437 1459
1437 1474
1438 1439
1439 1474
1440 1442
1440 1443
1440 1444
1441 1442
1441 1443
1441 1449
1441 1515
1441 1517
1442 1443
1443 1444
1443 1517
1444 1467
1444 1469
1444 1484
1444 1486
1444 1517
1445 1446
1445 1447
1445 1448
1445 1459
1446 1447
1446 1448
1446 1465
1447 1459
1447 1460
1447 1462
1447 1465
1447 1488
1449 1450
1449 1451
1449 1470
1449 1472
1449 1515
1450 1451
1450 1452
1450 1470
1450 1474
1452 1470
1452 1471
1452 1474
1452 1475
1453 1455
1453 1456
1453 1575
1453 1625
1453 1631
1454 1457
1454 1462
1454 1463
1454 1464
1454 1465
1455 1456
1455 1457
1455 1464
1455 1623
1455 1625
1456 1457
1456 1575
1456 1576
1457 1464
1458 1459
1458 1460
1458 1461
1458 1474
1459 1460
1460 1461
1460 1480
1460 1482
1460 1483
1460 1488
1461 1474
1461 1476
1461 1480
1461 1493
1461 1494
1462 1463
1462 1465
1462 1488
1463 1464
1463 1488
1463 1502
1464 1502
1464 1505
1464 1511
1464 1623
1464 1638
1466 1467
1466 1469
1467 1468
1467 1469
1467 1484
1467 1485
1467 1486
1468 1485
1468 1486
1468 1487
1470 1471
1470 1472
1470 1473
1471 1473
1471 1475
1472 1473
1472 1498
1472 1499
1472 1515
1473 1475
1473 1478
1473 1499
1474 1475
1474 1476
1475 1476
1475 1477
1475 1478
1476 1477
1476 1493
1476 1495
1477 1478
1477 1495
1477 1508
1478 1499
1478 1508
1478 1509
1479 1481
1479 1483
1479 1492
1480 1481
1480 1482
1480 1494
1481 1482
1481 1483
1481 1492
1481 1494
1482 1483
1483 1488
1483 1491
1484 1486
1484 1517
1485 1486
1485 1487
1485 1516
1485 1519
1486 1487
1486 1516
1486 1517
1488 1490
1488 1491
1488 1502
1489 1490
1489 1491
1489 1503
1489 1504
1490 1491
1490 1502
1490 1503
1492 1494
1492 1496
1492 1497
1492 1506
1493 1494
1493 1495
1493 1496
1494 1496
1495 1496
1495 1497
1495 1508
1496 1497
1497 1506
1497 1508
1498 1499
1498 1500
1498 1501
1498 1515
1498 1517
1499 1500
1499 1507
1499 1509
1500 1501
1500 1507
1501 1507
1501 1517
1502 1503
1502 1505
1503 1504
1503 1505
1503 1510
1503 1511
1503 1512
1504 1512
1505 1511
1506 1507
1506 1508
1507 1508
1507 1509
1508 1509
1510 1511
1510 1512
1510 1513
1510 1637
1511 1637
1511 1638
1512 1513
1512 1514
1513 1514
1513 1637
1513 1666
1514 1665
1514 1666
1515 1517
1516 1517
1516 1519
1516 1520
1517 1518
1517 1520
1517 1521
1518 1521
1519 1520
1519 1521
1520 1521
1522 1525
1522 1528
1522 1531
1522 1546
1522 1551
1523 1524
1523 1525
1523 1526
1523 1527
1523 1529
1524 1526
1525 1527
1525 1528
1525 1529
1525 1531
1526 1527
1526 1528
1526 1539
1527 1528
1528 1537
1528 1539
1528 1540
1528 1550
1528 1551
1529 1530
1529 1531
1530 1531
1530 1533
1530 1547
1531 1532
1531 1546
1531 1547
1531 1548
1532 1547
1532 1548
1533 1534
1533 1547
1534 1535
1534 1547
1534 1561
1535 1536
1535 1561
1535 1562
1536 1561
1536 1562
1537 1539
1537 1540
1537 1555
1538 1539
1538 1554
1538 1555
1538 1558
1538 1565
1539 1555
1540 1550
1540 1552
1540 1555
1540 1570
1541 1542
1541 1543
1541 1544
1541 1545
1541 1564
1542 1544
1542 1564
1543 1564
1543 1565
1543 1568
1544 1545
1546 1548
1546 1549
1546 1551
1546 1553
1546 1577
1547 1548
1547 1549
1547 1561
1547 1577
1548 1549
1549 1577
1550 1551
1550 1552
1551 1552
1551 1553
1552 1553
1552 1570
1552 1572
1553 1569
1553 1572
1553 1577
1553 1616
1554 1555
1554 1557
1554 1558
1554 1589
1555 1556
1555 1557
1555 1570
1556 1557
1556 1570
1556 1571
1556 1589
1556 1591
1557 1589
1558 1565
1558 1566
1558 1568
1558 1573
1558 1589
1559 1560
1559 1562
1559 1563
1559 1577
1559 1578
1559 1579
1559 1582
1559 1598
1560 1562
1560 1581
1560 1582
1561 1562
1561 1563
1561 1577
1562 1563
1562 1581
1563 1577
1563 1579
1564 1567
1564 1568
1564 1574
1565 1568
1566 1568
1566 1573
1566 1575
1566 1576
1567 1568
1567 1574
1568 1574
1568 1576
1569 1571
1569 1572
1569 1586
1569 1587
1569 1591
1569 1616
1570 1571
1570 1572
1571 1572
1571 1586
1571 1591
1573 1575
1573 1589
1573 1590
1574 1576
1575 1576
1575 1586
1575 1590
1575 1603
1575 1631
1577 1579
1577 1580
1577 1592
1577 1593
1577 1594
1577 1616
1578 1579
1578 1582
1578 1593
1578 1598
1578 1599
1579 1580
1579 1593
1580 1593
1581 1582
1581 1585
1582 1583
1582 1585
1582 1598
1582 1609
1582 1620
1583 1584
1583 1585
1583 1609
1584 1585
1584 1609
1586 1587
1586 1588
1586 1590
1586 1591
1586 1603
1587 1588
1587 1616
1588 1602
1588 1603
1588 1604
1588 1616
1589 1590
1589 1591
1590 1591
1592 1593
1592 1594
1592 1595
1593 1595
1593 1599
1594 1595
1594 1616
1595 1597
1595 1599
1595 1616
1596 1597
1596 1600
1596 1612
1596 1615
1596 1620
1596 1621
1597 1599
1597 1600
1597 1612
1597 1616
1598 1599
1598 1600
1598 1620
1599 1600
1600 1620
1601 1602
1601 1606
1601 1627
1601 1629
1601 1631
1601 1649
1601 1650
1601 1677
1601 1679
1602 1604
1602 1605
1602 1606
1602 1616
1602 1679
1603 1604
1603 1605
1603 1631
1604 1605
1605 1606
1605 1631
1606 1631
1607 1609
1607 1610
1607 1622
1607 1645
1608 1609
1608 1610
1609 1610
1609 1620
1609 1622
1611 1612
1611 1614
1611 1615
1611 1616
1611 1632
1611 1672
1612 1615
1612 1616
1613 1614
1613 1615
1613 1632
1613 1633
1614 1615
1614 1632
1615 1621
1615 1633
1616 1672
1616 1679
1617 1618
1617 1619
1617 1641
1617 1642
1617 1645
1618 1619
1618 1634
1618 1635
1618 1642
1618 1659
1619 1621
1619 1622
1619 1633
1619 1634
1619 1645
1620 1621
1620 1622
1621 1622
1621 1633
1622 1645
1623 1624
1623 1625
1623 1626
1623 1638
1624 1626
1624 1638
1624 1639
1624 1640
1625 1626
1625 1630
1625 1631
1626 1627
1626 1630
1626 1640
1627 1628
1627 1629
1627 1630
1627 1631
1627 1640
1628 1629
1628 1637
1628 1640
1628 1647
1629 1647
1629 1650
1630 1631
1632 1633
1632 1634
1632 1636
1632 1654
1632 1672
1633 1634
1634 1635
1634 1636
1635 1636
1635 1656
1635 1659
1636 1654
1636 1655
1636 1656
1636 1658
1637 1638
1637 1639
1637 1640
1637 1647
1637 1664
1637 1666
1638 1639
1639 1640
1641 1642
1641 1643
1641 1645
1642 1643
1642 1659
1643 1644
1643 1659
1644 1657
1644 1659
1646 1649
1646 1650
1646 1660
1646 1661
1646 1675
1646 1677
1647 1648
1647 1650
1647 1664
1648 1650
1648 1661
1648 1664
1648 1668
1648 1670
1649 1650
1649 1677
1650 1661
1651 1652
1651 1653
1651 1672
1651 1673
1651 1674
1651 1675
1652 1653
1652 1654
1652 1655
1652 1672
1653 1655
1653 1660
1653 1662
1653 1675
1654 1655
1654 1672
1655 1658
1656 1657
1656 1658
1656 1659
1657 1659
1660 1661
1660 1662
1660 1675
1661 1662
1661 1670
1661 1671
1662 1663
1662 1671
1663 1669
1663 1671
1664 1666
1664 1667
1665 1666
1665 1667
1666 1667
1668 1669
1668 1670
1668 1671
1669 1671
1670 1671
1672 1674
1672 1676
1672 1679
1673 1674
1673 1675
1673 1676
1673 1677
1674 1676
1675 1677
1676 1677
1676 1678
1676 1679
1677 1678
1677 1679
1678 1679
