0 0.12840705461938468
1 0.1263981365765967
2 0.1570110283887017
3 0.14934823826897956
4 0.1273118074184903
5 0.241651480756945
6 0.14574820397358074
7 0.12898525304756256
8 0.19504931168271672
9 0.18556935441422667
10 0.15686756104108118
11 0.0991408338024324
12 0.16955369065045142
13 0.1406021215845306
14 0.20078346320557522
15 0.19711962324875001
16 0.20550847949396123
17 0.14060992326490496
18 0.10567408420140684
19 0.06759741185955079
20 0.1548749576541589
21 0.13036812191362912
22 0.1617118821332741
23 0.10534232257387688
24 0.09596083019102866
25 0.18862432473635438
26 0.07661266268064329
27 0.1586043552745536
28 0.13723789052276464
29 0.1380567875786669
30 0.10568185173693974
31 0.30874608101801937
32 0.23503382027104802
33 0.2932402764153714
34 0.13414909636958547
35 0.1631119555617566
36 0.13550656055872173
37 0.15184332007093798
38 0.07720142850000555
39 0.14345022349353337
40 0.3414528309278273
41 0.0928443573896429
42 0.07910673618359966
43 0.08624862718440103
44 0.19287275557536404
45 0.40730499013830845
46 0.38805002336735384
47 0.12651386039839752
48 0.3527883097446084
49 0.13293965475991
50 0.30873991274624335
51 0.22103944945482093
52 0.1105108832056885
53 0.16896480664935087
54 0.15681428067625344
55 0.16442478417990725
56 0.2216259165874625
57 0.24791649045913938
58 0.2230002301305748
59 0.16861213422163923
60 0.23962976796017296
61 0.23400580799292647
62 0.17595918183212864
63 0.16334916261667198
64 0.1956386503050164
65 0.1385836454196807
66 0.23078450390701413
67 0.1611662766228649
68 0.14046199975732546
69 0.32213101144524214
70 0.2655717597716951
71 0.1521984259123455
72 0.14938065824454805
73 0.24618952260066201
74 0.11653275227049933
75 0.17291815726688445
76 0.1902398315699543
77 0.14857184473720497
78 0.10509924103852755
79 0.11016548037863648
80 0.2299246078419003
81 0.08868784925951817
82 0.22140957532813127
83 0.5405188680970813
84 0.33439302659994574
85 0.12306053750201149
86 0.25954474311054143
87 0.38120670150786456
88 0.21805210502930844
89 0.09709146620162287
90 0.16152053754409118
91 0.1538602789935385
92 0.1258297648159948
93 0.14519243643211108
94 0.14714483417097174
95 0.20792815721666058
96 0.1642399725829683
97 0.20300212733986384
98 0.25292049359747215
99 0.21766377431985032
100 0.22802740359709195
101 0.22725584168281746
102 0.20308199308500455
103 0.07325780629455617
104 0.15652132403054947
105 0.21586842815622848
106 0.21565604542792186
107 0.09242826710381247
108 0.7719728003456114
109 0.2952284893186593
110 0.3367422997601795
111 0.312540570720837
112 0.31137054561016797
113 0.7031497711344142
114 0.616494688234676
115 0.5481856349197476
116 0.521389164593194
117 0.16260088798815792
118 0.19059180985790566
119 0.22343690158194024
120 0.1237689705474722
121 0.09315164833766736
122 0.2063860882653742
123 0.1821138648474699
124 0.11256955117889099
125 0.25249323636067167
126 0.2461203552431537
127 0.09333373515170776
128 0.25751016718137487
129 0.1752653549883872
130 0.11044728214979316
131 0.17772683987181692
132 0.3952686805200193
133 0.2407392751029231
134 0.15244069592363624
135 0.22593566987856015
136 0.20472648431555532
137 0.20126707266302973
138 0.35326410372775846
139 0.21529573831478427
140 0.35807572071109117
141 0.6128950484201559
142 0.7181517959379429
143 0.8678940301699758
144 0.5783953475956884
145 0.8119921138298964
146 1.0069929171947853
147 0.8320880533588192
148 0.7846842211772106
149 1.2526457333999073
150 0.1923613341007141
151 0.14496553487523028
152 0.20926242237491754
153 0.1412374899768406
154 0.11900211966169086
155 0.11905404394506733
156 0.1635490654741665
157 0.21811604277587562
158 0.1603137430112036
159 0.44849852846643656
160 1.1562503492960725
161 0.7638100400395141
162 0.7674946711808761
163 0.8091199100377021
164 0.12756890668439888
165 0.24711236442819734
166 0.1356034979363714
167 0.17898044053609669
168 0.17135613656779658
169 0.07501676986728584
170 0.07491197433076326
171 0.11171251359560831
172 0.07487920404434895
173 0.16659446082866708
174 0.12965450061384706
175 0.12077373521910187
176 0.2665974032906491
177 0.1147400542825261
178 0.1526975791233468
179 0.13307025888079674
180 0.13127861171465516
181 0.2358707938487305
182 0.20316869226218942
183 0.18169597665620216
184 0.18091241666846364
185 0.14675736704312559
186 0.2122671843550824
187 0.26562344142498795
188 0.11080498755324668
189 0.08371299257465374
190 0.08828383244314
191 0.13049863149172602
192 0.17286540869795794
193 0.2118212106892938
194 0.20988237071005794
195 0.10591217731923694
196 0.22959267221256974
197 0.1197967370955094
198 0.3020092173555808
199 0.30175453589246565
200 0.6637830417283301
201 0.48358881232958806
202 0.14443272606381757
203 0.13990790737982067
204 0.16292553394669004
205 0.1148452905654275
206 0.19993321240272105
207 0.20220600527311178
208 0.16311455351803691
209 0.11301356889063155
210 0.1600523567568046
211 0.20024229978476937
212 0.16557546290585748
213 0.17044398080290116
214 0.08957530478746681
215 0.23568949715271945
216 0.18674035884109813
217 0.2206606000498561
218 0.1330697205685705
219 0.10841170277852383
220 0.07241500515587446
221 0.15448856191944083
222 0.16917607913066832
223 0.11339779653198649
224 0.1356572023479678
225 0.11203350041438744
226 0.10211934990483088
227 0.1832454644332716
228 0.07658763026019812
229 0.08534489501329867
230 0.12889306988197363
231 0.054483782298646366
232 0.2334719646684839
233 0.061019598497147526
234 0.11175449948260227
235 0.24178534412931216
236 0.1184316482483481
237 0.09938221969972241
238 0.17697656967557965
239 0.24827026506561473
240 0.1271133944095255
241 0.1680416469415762
242 0.2121426122440093
243 0.09705721824712985
244 0.1350040924598096
245 0.2276733718487356
246 0.13163271118370387
247 0.14717468349875082
248 0.07392853642280517
249 0.1603229068581607
250 0.09731531856287078
251 0.1493445020939942
252 0.09758910486126243
253 0.11585812467324114
254 0.1377578414072949
255 0.14335706634095163
256 0.16502987240573475
257 0.07846042709689374
258 0.1231393730275197
259 0.1875901986595335
260 0.11398985917177029
261 0.2492892246038485
262 0.1746450491515023
263 0.25266522866283286
264 0.26647885362368134
265 0.18976675598424161
266 0.26897791788246417
267 0.29347229612387876
268 0.1946520789499005
269 0.21790174908591556
270 0.2330275877093308
271 0.12052951518570323
272 0.18010724034948408
273 0.10861679886555232
274 0.1132910743222584
275 0.3396128527838142
276 0.13867041159365745
277 0.3503377886130612
278 0.14362532961178132
279 0.2555225201354268
280 0.2684008683506213
281 0.1280412097034031
282 0.17405353549298175
283 0.14188477276283415
284 0.1881828348496253
285 0.05569611830189772
286 0.1955142487112771
287 0.2046665407234949
288 0.13876804097023493
289 0.15333326167511546
290 0.2365048453179399
291 0.09685995323725491
292 0.24472865335627852
293 0.2172340536628952
294 0.14462978041669333
295 0.3176376633364856
296 0.22995902607476032
297 0.19868817411212406
298 0.26139209994747203
299 0.08238849056433575
300 0.08246394032134284
301 0.11871206395348799
302 0.08362249045805017
303 0.24261914643145366
304 0.151478846665975
305 0.165120093284349
306 0.16352646771693302
307 0.21017253913953324
308 0.14905885128609128
309 0.0555846841936897
310 0.10937471699298708
311 0.1570593072715114
312 0.1027743126009511
313 0.1664916337316825
314 0.08974041254506787
315 0.14588489554626022
316 0.11320001086814899
317 0.22098561378625892
318 0.14026688860004824
319 0.18672972829151224
320 0.28778867513011985
321 0.12097980848108954
322 0.36586144867119363
323 0.12678297301557928
324 0.15768211020226497
325 0.5035319190728729
326 0.2578836298750417
327 0.39681234044913544
328 0.2994014970103104
329 0.28956542897803594
330 0.2301080135654442
331 0.17147606289022155
332 0.23321832211202054
333 0.1513445960015014
334 0.08485088612612006
335 0.16051520619996984
336 0.16928591231199627
337 0.13832418627812054
338 0.18100197802297277
339 0.12552510086405305
340 0.12999837544488033
341 0.21653210557971925
342 0.15268470666902273
343 0.10846899839432167
344 0.20758851984462565
345 0.18739687783552456
346 0.284774804317467
347 0.313361923830246
348 0.2920390692874673
349 0.1242096828821731
350 0.12580591252511356
351 0.09831258361828345
352 0.0858227374484536
353 0.13887175845710684
354 0.09356203803469565
355 0.12004002440475699
356 0.14515204310500704
357 0.15544169185281181
358 0.14459282706814452
359 0.15099619170016665
360 0.0999650210095649
361 0.705414082220865
362 0.22786945613417733
363 0.14659723150798082
364 0.15533134378082358
365 0.1872472183597717
366 0.18639703867748347
367 0.14939773499712383
368 0.1788436793322954
369 0.11200614368438577
370 0.143957173299251
371 0.3001289220238424
372 0.16020276440528042
373 0.46329634540244746
374 0.21717535137051408
375 0.24821236198186114
376 0.22282656965831543
377 0.15650063536735223
378 0.17477122568738176
379 0.1374612349842324
380 0.10296967385230926
381 0.13233507228523406
382 0.19510201227756174
383 0.07045019663681484
384 0.15293245003916708
385 0.3620765115982673
386 0.2816708261233054
387 0.12161979468962882
388 0.14830150156475336
389 0.1349830520670821
390 0.0810070860784661
391 0.1979347494406306
392 0.2445940776071106
393 0.13628906226325924
394 0.1741259959230653
395 0.33185545809105355
396 0.28830444578193215
397 0.1243259929224346
398 0.2303485606851888
399 0.07795763048555371
400 0.20662013149876685
401 0.1704164229301479
402 0.09846396092559315
403 0.14819466061091865
404 0.10166049969162384
405 0.14587838816132215
406 0.23953050486942817
407 0.2153178325829511
408 0.2859595414717795
409 0.17690904795377632
410 0.10737634924673843
411 0.27775236247903573
412 0.13600610334898522
413 0.1466140573598289
414 0.136676141004731
415 0.09192356821923389
416 0.1723335403099323
417 0.06117775590937704
418 0.11323611935924245
419 0.15876490153692563
420 0.153977525497625
421 0.16393416492350704
422 0.15488774204481384
423 0.37248958065859605
424 0.10784036364584486
425 0.10643057530829317
426 0.13014397871594047
427 0.20769210816693331
428 0.2936840726169004
429 0.21261621022950844
430 0.264116485179973
431 0.29466342088943154
432 0.16317280836220907
433 0.1865227575203286
434 0.26057799990131864
435 0.1761691983717409
436 0.1438838389860075
437 0.08497151862785515
438 0.11675941862956027
439 0.15210086248495114
440 0.19914088776618066
441 0.2446887746858737
442 0.09523589733805256
443 0.12025679908994535
444 0.06779668449291097
445 0.0656473013385103
446 0.12323094174653235
447 0.11444718590808767
448 0.1350357980723082
449 0.12726754100731952
450 0.1867733415489698
451 0.2019663425514416
452 0.21137304114938096
453 0.20334590959219043
454 0.12971056560829386
455 0.17422540591175026
456 0.11421707783069746
457 0.05235725398594758
458 0.18601146866823365
459 0.20099737503920617
460 0.08917404685277441
461 0.16806158151519507
462 0.22860135345521831
463 0.10881065935238159
464 0.16172802433889355
465 0.12114948342046902
466 0.07803706294016777
467 0.09595241807170471
468 0.1449683283249352
469 0.07789414230655475
470 0.1487870744813661
471 0.11348849431914233
472 0.16054193942983377
473 0.2303069484092844
474 0.18923820095779742
475 0.07409667691334017
476 0.12397497402786202
477 0.13549279939773426
478 0.4406158016721968
479 0.2134644961217203
480 0.23899332620151836
481 0.5701238368066779
482 0.17536771380715793
483 0.37001194825407546
484 0.7653286797791926
485 0.6208520330827265
486 0.29986277177788095
487 0.20659025965167885
488 0.274007056162469
489 0.28842303416224035
490 0.19831358254945877
491 0.24497078919613768
492 0.25750545556617654
493 0.2736340916308133
494 0.21592830256104073
495 0.18637124729294385
496 0.1990166118246774
497 0.21001662162319296
498 0.14400182462056352
499 0.1120028754168402
500 0.13392220357846232
501 0.02686112416147271
502 0.16364732216828082
503 0.1272289253947073
504 0.1606770823237873
505 0.10652720254620339
506 0.3837778586740237
507 0.13679962633491605
508 0.17345667852570476
509 0.15145660914561493
510 0.16647673649294625
511 0.2500675650769411
512 0.20062388778569817
513 0.22183491625425544
514 0.13646336947594823
515 0.18855754105774003
516 0.16325467620891854
517 0.1392016041283846
518 0.16867362668083086
519 0.24033066174544224
520 0.18699243858252643
521 0.12485513064572748
522 0.13733582916060422
523 0.20895804507101623
524 0.24515487182724144
525 0.13220186838511472
526 0.13187970516716538
527 0.13561480292785377
528 0.14356858768580733
529 0.15422568116680596
530 0.25804812861228293
531 0.1805703987382237
532 0.591432144205389
533 0.6160631382414237
534 0.1844213316509417
535 0.4294820036247006
536 0.3578328142077269
537 0.17892151780874924
538 0.2199797542629805
539 0.14244606288512723
540 0.17293600544703885
541 0.2537584817063482
542 0.1361511224571126
543 0.23082415794482533
544 0.12717175292548852
545 0.16764194779837238
546 0.5442746120894171
547 0.4409838466101582
548 0.907761031892154
549 0.8970282464800465
550 1.0000291045983323
551 1.2158417835296689
552 1.0337236331085513
553 1.1300093896915204
554 0.2850493029939716
555 0.5090488581433442
556 0.1977848355807214
557 0.20458386602029535
558 0.2535313308980007
559 0.19129041796906765
560 1.0520974081619583
561 1.097834390593044
562 1.2855800354501208
563 0.9621076762557759
564 0.6518683628102941
565 0.4835454877165643
566 0.4850191848384887
567 0.38838995611002763
568 0.3781279173125242
569 0.3532140339256946
570 0.1793154915976726
571 0.36083400093993456
572 0.12450607343360029
573 0.18633216505487019
574 0.23575263050518339
575 0.22141329188923742
576 0.20616073529910464
577 0.20273041203166825
578 0.1588107275860349
579 0.2709746776471905
580 0.26905811484424613
581 0.2946175156745894
582 0.2642526612472461
583 0.16153211233581555
584 0.18574861310829413
585 0.2457095960426549
586 0.1272130005965212
587 0.339140469279203
588 0.18605111987108328
589 0.37567478641929714
590 0.235816392620122
591 0.23013605336034615
592 0.1659376766746345
593 0.18731128963884613
594 0.18306915171136245
595 0.10113515454463823
596 0.21578014156086345
597 0.18172028332242057
598 0.3909124591181473
599 0.15700036071630974
600 0.09921880733892793
601 0.14403357591449173
602 0.2905356088424296
603 0.3911475472479829
604 0.2549667564921324
605 0.18255062347585743
606 0.238767182338167
607 0.20896762218869322
608 0.1349712669767496
609 0.2546406361005551
610 0.161041792493807
611 0.2918320868594106
612 0.327014506404643
613 0.2268515166484392
614 0.2847208047561892
615 0.2874539618425014
616 0.10472261080520041
617 0.6927026303615489
618 0.1384816942055849
619 0.1340024076523862
620 0.17616994287465187
621 0.11472672010937127
622 0.2308499332929782
623 0.20868863110363306
624 0.25698759924628634
625 0.18300027610427314
626 0.13976755924423273
627 0.1879404127989591
628 0.22869759896380273
629 0.12139641299666329
630 0.1643148036806666
631 0.13911296118670985
632 0.32563021978446816
633 0.299577362798577
634 0.24047166258837402
635 0.21220532549359916
636 0.2580790190371597
637 0.279726176316816
638 0.4479291849322078
639 0.08912976907810874
640 1.1712273996562783
641 0.9195117586425237
642 1.5652784127799109
643 0.8553603956185664
644 0.8551120035522675
645 0.9661102808376736
646 0.25410668293481936
647 0.7715198405987729
648 0.24474038774411014
649 0.16342641283099496
650 0.5386427550856936
651 0.7871216926893414
652 1.01829768824248
653 0.9115830282345283
654 0.40027812158019294
655 1.2119863385679022
656 0.9132249650624037
657 0.8347265720523651
658 0.8803619335028579
659 0.8311697868067085
660 0.6913169981752426
661 0.7944497400509327
662 0.7178639788994803
663 0.6017943456001619
664 0.7458387919302661
665 0.5487985414986548
666 0.4067877451985461
667 0.6191471051001123
668 0.3090957995690851
669 0.3297372008123423
670 0.5617680404722252
671 0.6330081413497535
672 0.2087601135590776
673 0.7863492121336765
674 0.940994393984594
675 0.7908295685048069
676 0.6641946162966705
677 0.8011187996745761
678 1.374934481399817
679 0.6768962273657115
680 0.7227560346092867
681 1.0925128183910768
682 1.2138944777124439
683 0.6856085717312117
684 0.7407012393144404
685 0.7523675530379133
686 0.9318097873632443
687 1.0115765169792863
688 0.5717973895370349
689 1.144691996181539
690 0.798662497136527
691 0.8501552388028497
692 0.5936426462595675
693 0.8625219477051169
694 0.6223356016883737
695 0.6551300143168547
696 1.1752102086292413
697 0.8201158098593331
698 1.4372224388330288
699 0.2082744430651793
700 0.5562007506275617
701 0.3414561391583315
702 0.3496896678537699
703 1.0000862680477387
704 0.8525846106018458
705 0.6219256532478568
706 0.8724910811468194
707 0.6504861501978041
708 0.7884280564085269
709 0.8248647014586283
710 0.8160489842031019
711 0.9321103521169066
712 0.9360627312900421
713 0.7490238718617426
714 0.3438297752960755
715 0.17660587402353434
716 0.23000848591397433
717 0.22358645394645554
718 0.2630710249994361
719 0.1772700969972251
720 0.11539009846223403
721 0.22687574245574654
722 0.23652914600204022
723 0.27673617101668846
724 0.2591679831038995
725 0.16177065324738832
726 0.3260050505388339
727 0.20508648538525265
728 0.8401082603017398
729 1.105416935117197
730 0.98345060457512
731 1.6348797094470624
732 0.9959125281434296
733 0.7989324893427179
734 1.21852664373521
735 0.87603609294768
736 1.1036649770819156
737 0.8194304772987322
738 1.0292136961371074
739 1.0248366835849239
740 1.0268544370293773
741 0.9797207281574529
742 1.0355935900575477
743 0.7346711201928582
744 0.5189266142173818
745 0.3100203209209864
746 1.019206201326091
747 0.9699601215532992
748 1.1784111298442526
749 2.022561973645372
750 0.4652358692375676
751 0.2585032506174594
752 0.2214726437586164
753 0.22007465699492723
754 0.2054004094652542
755 0.48544615884792397
756 0.854267661236342
757 0.12397417643442993
758 0.16826558008585568
759 0.2405182067763264
760 0.19583599237644309
761 0.38617465530357625
762 0.2602083900003507
763 0.32721173627369315
764 2.25298305485827
765 2.475729009136953
766 2.423345253280942
767 1.5701060702672929
768 2.1184342626366153
769 2.294968487037507
770 1.5824089497653144
771 1.2342324885245088
772 0.9689708040593927
773 0.8707732785611463
774 1.060147111607502
775 1.4970474520200272
776 1.3775759964174186
777 1.2732114759736444
778 1.7569047364128028
779 1.8328857665766964
780 1.9371194183068012
781 1.7210030488347563
782 2.3788554178493735
783 2.053111085270297
784 2.0284289586778526
785 0.7095615020512068
786 0.42058846850128284
787 0.7503514639648228
788 0.8090868625623957
789 0.6229570677367336
790 1.203413094962386
791 1.2532281989260035
792 0.32526556019027814
793 0.7797009526870533
794 0.3465464796721702
795 0.6149469460273722
796 0.656859479740258
797 0.8446767816642761
798 1.5017410521534655
799 0.40173060107471126
800 0.559089168393846
801 0.3852019552626373
802 0.5108741892844026
803 0.3410344880559015
804 2.1059166489838312
805 2.2256627247485037
806 2.06681642489756
807 2.1325942912724427
808 2.1876033103552364
809 1.1623062953345138
810 1.4314636160457024
811 0.6776050292782188
812 0.8888976296696668
813 0.662980667026546
814 0.38788799010499353
815 0.23969168222355647
816 0.19896460629955043
817 0.22411723285790594
818 0.23169383380077885
819 0.13524306156662452
820 0.26263446829960757
821 0.14202522552811464
822 0.253421049490301
823 0.3181070393870531
824 0.20308567830551855
825 0.1186737146911224
826 0.17109092736264736
827 0.14344407961234906
828 0.2045614509124307
829 0.23700277537916098
830 0.18907225049123355
831 0.2911636337816808
832 0.25666154559574583
833 0.18072369814956457
834 0.2967718631898664
835 0.1489869982604149
836 0.18683402538629876
837 0.19374677117817907
838 0.1868446961340977
839 0.2842220212784882
840 0.22160214422455513
841 0.23518512091095703
842 0.22644671257227633
843 0.1852432212791618
844 0.5317880915858968
845 0.5431824876064577
846 0.41384184914659705
847 0.6089825941692604
848 0.24976773131657787
849 0.21642628068496658
850 0.11431313070949911
851 0.27825768830752784
852 0.25293718046239677
853 0.2342527741226756
854 0.19216061106927676
855 0.22873976962347028
856 0.24383484997761887
857 0.17676577772438118
858 0.2805506325014441
859 0.4608358743278558
860 0.3978530071656576
861 0.5289795787900997
862 0.2257915120835839
863 0.33514690733825875
864 0.20117797017641312
865 0.13265563014065085
866 0.2725540814485676
867 0.2885482324174869
868 0.38816304552595016
869 0.5583359266130072
870 0.5112663093808288
871 0.4067458590645464
872 0.3486617220936098
873 0.17519334289560873
874 0.24792402836661936
875 0.20829119491621254
876 0.3187484888288973
877 0.4130793929976436
878 0.4354706861618046
879 0.27081042726817167
880 0.23395768722517368
881 0.29446534170019745
882 0.20291010437444346
883 0.32714451582801407
884 0.6134349592420525
885 0.2605572073218385
886 0.4848957104031747
887 0.3242957208474043
888 0.45607942863653883
889 0.28660261370034346
890 0.2845209850737972
891 0.20471586915941148
892 0.33182249555948684
893 0.33449346966816323
894 0.25298457667434393
895 0.40742767517920264
896 0.23481358306913963
897 0.33706280752226614
898 0.55359664234078
899 0.3055622803323861
900 0.31869109358062964
901 0.3512083803279939
902 0.7097522818381838
903 0.4279181037293248
904 0.6096535274645438
905 0.44442715480383554
906 0.17827441619398393
907 0.2313015681789671
908 0.20911832436402758
909 0.2819454566710177
910 0.20253818177993257
911 0.1347416599395941
912 0.15678916140854318
913 0.22267437045267327
914 0.4195726536919647
915 0.34176497383339216
916 0.26401623773420835
917 0.4371640143864049
918 0.33510444439571774
919 0.3869338812092504
920 0.34160783286816104
921 0.3036088974082081
922 0.3923247445663008
923 0.16766431358269085
924 0.2592382210484487
925 0.16170432943358726
926 0.12413390488347639
927 0.39409278944162657
928 0.3551966067355654
929 0.34484689623522125
930 0.11959112823282528
931 0.26811407515273766
932 0.13486112655256696
933 0.2413790216166383
934 0.3407670007634951
935 0.34145777222934814
936 0.35216682487841194
937 0.4784971036001064
938 0.5248425016308302
939 0.4898296468649492
940 0.2581262549076157
941 0.522153555965472
942 0.40873799856086074
943 0.4391576551707584
944 0.6028348806821769
945 0.6142558266803955
946 0.25978136333365626
947 0.4014685878072758
948 0.26480840292272073
949 0.22698363512929193
950 0.30418872450887435
951 0.3976709914976714
952 0.6614822054497579
953 0.41657754203279584
954 1.5026354430358047
955 0.42908652136203784
956 1.0928724005926351
957 0.7759325714598144
958 1.2625050782318543
959 0.5169311713610621
960 1.0487254864247928
961 0.567027948014827
962 0.8420158545144826
963 0.21195932571713763
964 0.4402904648188721
965 0.33554838771283635
966 0.21438360707281684
967 0.5482110674805702
968 0.14519114676985773
969 0.23600304517019338
970 0.27143201941400596
971 0.23503255237633117
972 0.41220662609571873
973 0.1642824865423969
974 0.3088911667094927
975 0.4391780653302778
976 0.15570438920527083
977 0.15812081075534457
978 0.2636898905508286
979 0.32230888909086997
980 0.39017981796606316
981 0.29546902489500415
982 0.27846597584198707
983 0.10474420311763416
984 0.1757635430131035
985 0.13868574931754332
986 0.13085948760838217
987 0.18647799600644127
988 0.27732721369377283
989 0.1604459058578755
990 0.26068897065181207
991 0.22465129880282436
992 0.17054487125419932
993 0.16023476217553134
994 0.20282086164654467
995 0.2110537361820517
996 0.17943492180800014
997 0.19485858134717637
998 0.36156436711703727
999 0.5427748337845419
1000 0.4186208364329831
1001 0.3213113062853665
1002 0.23678956373643206
1003 0.30885500749120415
1004 0.44410669572485006
1005 0.12791119824779607
1006 0.18422060161229717
1007 0.1944091661461254
1008 0.2923529895423609
1009 0.17979761110511308
1010 0.2108047305041507
1011 0.2274120597528331
1012 0.23008052108856686
1013 0.15315634546433488
1014 0.16429245226408867
1015 0.1566394871757706
1016 0.22414245277839417
1017 0.1354828438739844
1018 0.2414675293316563
1019 0.5682893966498894
1020 0.16176694824421195
1021 0.22904569354070758
1022 0.18708416360019742
1023 0.22071149589430566
1024 0.21448421039518578
1025 0.10555148608637882
1026 0.15526263737103269
1027 0.13398651873909473
1028 0.1563123337864549
1029 0.1182387802599682
1030 0.18839301106520728
1031 0.28777513081682954
1032 0.1571382614329891
1033 0.18900528638970576
1034 0.10065354793620976
1035 0.1370181078308506
1036 0.12141481442892273
1037 0.17048620909199833
1038 0.13660150829251821
1039 0.11159480123809241
1040 0.09992155156482821
1041 0.10174438817068365
1042 0.15921994163435976
1043 0.17200793316248514
1044 0.36603643468146074
1045 0.21573210861159942
1046 0.2635871906073728
1047 0.17043838046305632
1048 0.591023071249178
1049 0.2979246447557201
1050 0.39191304445855435
1051 0.1586702646109563
1052 0.18043676727737457
1053 0.24513985721015719
1054 0.18410206313388233
1055 0.17967173338769382
1056 0.1339412423715281
1057 0.07506356065612489
1058 0.11989096136651725
1059 0.16873404490756153
1060 0.12214704781034728
1061 0.11876960351947731
1062 0.10613601247812662
1063 0.17379954525447316
1064 0.12012903860917581
1065 0.10545361168614201
1066 0.1498860421950237
1067 0.1286898150745327
1068 0.17855548211895522
1069 0.15751616669029828
1070 0.214489818543163
1071 0.12682977972676182
1072 0.10509061365456215
1073 0.15568282743198977
1074 0.12318113894234389
1075 0.04924488476567735
1076 0.09616515355539676
1077 0.16970623257218623
1078 0.21364439187813555
1079 0.09817790148124779
1080 0.18455175733383555
1081 0.131122160317725
1082 0.6981451773244262
1083 0.3016224428557255
1084 0.4612044959954509
1085 0.30971423318524827
1086 1.192193063955243
1087 0.24383543448275863
1088 0.1155108244775067
1089 0.45398899017143723
1090 0.15569018387773725
1091 0.08555368647322001
1092 0.24971401374526334
1093 0.13865908942070027
1094 0.1474938909862002
1095 0.09162278550132225
1096 0.09260090181968744
1097 0.23154275325894097
1098 0.4153623651667879
1099 0.17381957130936093
1100 0.12693109543347722
1101 0.2747149241826137
1102 0.22550840146598622
1103 0.2109631625567474
1104 0.24602778544150167
1105 0.1786572100076269
1106 0.1669134809852914
1107 0.12157323628530606
1108 0.12548716850601496
1109 0.9554875135101633
1110 1.1059265137217122
1111 1.1599137148187522
1112 1.5907699063569058
1113 0.42148706812864867
1114 0.2722894005911155
1115 0.30333899358348476
1116 0.11368497023210834
1117 0.7520554692895972
1118 1.3060496239411474
1119 1.146336644878248
1120 1.9111696983224513
1121 0.8473713092544772
1122 0.14633989306274392
1123 0.11950869073750786
1124 0.2271442539717365
1125 0.17740017792870566
1126 0.6240781105550295
1127 0.15631470239377332
1128 0.4199220433563987
1129 0.2205735493984166
1130 0.33167497788138567
1131 0.7027695521887373
1132 0.4082819094148109
1133 0.5603658539103148
1134 0.4434079422453935
1135 1.1431782907052135
1136 0.16824031765591554
1137 0.308786798429155
1138 0.19514877782666376
1139 0.4302185013679185
1140 0.1282880339349674
1141 0.46473258311785304
1142 1.40397969064313
1143 1.0546019990666573
1144 0.9829667948374162
1145 0.22115621943938224
1146 0.16370987541941528
1147 0.12297793457999381
1148 0.2558643106026865
1149 0.1467274714966726
1150 0.31344641481050756
1151 0.1927831734372673
1152 0.09500403561559838
1153 0.18354454128700937
1154 0.1111363050047984
1155 0.1744337605833923
1156 0.07000363310395147
1157 0.17820086737006047
1158 0.19161587774237493
1159 0.20150651788114674
1160 0.18741101807985877
1161 0.0624105468929346
1162 0.49943458781791383
1163 0.5607105743430636
1164 0.31826199668503374
1165 0.2658322468146774
1166 0.3263150951509382
1167 0.18442571093553856
1168 1.038533487229051
1169 0.19253690737771567
1170 0.13393474028784175
1171 0.10707081911613281
1172 0.2191743056107558
1173 0.2548711523120487
1174 0.3966651502845193
1175 0.26278371101114917
1176 0.4195071294424125
1177 0.2165286252151645
1178 0.2562358139987453
1179 0.375101334263315
1180 0.2667822839926374
1181 0.2639249146676682
1182 0.23697187901368433
1183 0.38688608958144455
1184 0.4723210340210546
1185 0.16337404096489982
1186 0.1761239867635984
1187 0.2147331473819034
1188 0.1072654036173786
1189 0.12896937521570703
1190 0.12476699765094389
1191 0.1323007391998996
1192 0.14615103474651658
1193 0.13439579516624256
1194 0.15342823980461812
1195 0.10918985671874858
1196 0.29759104341843895
1197 0.22757289984984003
1198 0.1744600630192812
1199 0.22909149219552521
1200 0.26669976118751937
1201 0.1438689409720152
1202 0.10022769047009822
1203 0.22410123151971953
1204 0.21413336044879133
1205 0.17381956397821435
1206 0.1497551211058836
1207 0.24467298786085317
1208 0.31289264160817937
1209 0.1454366042947703
1210 0.07885675382422372
1211 0.18420846842146366
1212 0.19433851737439622
1213 0.10145995072456881
1214 0.15258511144644138
1215 0.1205413572912126
1216 0.18144275213014072
1217 0.1788343956767103
1218 0.16159753293337026
1219 0.10339116496690023
1220 0.12369300495738975
1221 0.17226906198489497
1222 0.16670651346312065
1223 0.11947698619893435
1224 0.09787414618838969
1225 0.3250223736312351
1226 0.17120900728034494
1227 0.07979944502236508
1228 0.18824027368099142
1229 0.09028010157481713
1230 0.1427047174173316
1231 0.13131670108085441
1232 0.0852303466089702
1233 0.18681425765299525
1234 0.14140791875224157
1235 0.0700648452838366
1236 0.07161258384607133
1237 0.18991017625874762
1238 0.05876181705714447
1239 0.20662645923540998
