0 0.3033643168856459
1 0.4108768431919337
2 0.2473687442623509
3 0.3060538173346853
4 0.2635605327061053
5 0.3929058165036883
6 0.24545780088195862
7 0.4696869708350522
8 0.21818400132632
9 0.299109499177953
10 0.5314465212462678
11 0.61486451658492
12 0.6918598457769218
13 0.5812921193566458
14 0.7566184529124225
15 0.6119336313779882
16 1.104193340302663
17 0.8167436296876924
18 1.1776720392278415
19 0.9358093610657696
20 1.1257068112382353
21 1.5151676217058223
22 1.4318608179751224
23 1.239169259765141
24 0.7385023241682959
25 0.8679782837210566
26 1.0529871313290164
27 0.835050522608981
28 0.9333241154599277
29 0.7631436633739913
30 0.743881584498434
31 0.7553241599957052
32 1.691617965718942
33 1.3123911909015915
34 0.5255046236340079
35 0.49433153554799664
36 0.4733488784683566
37 0.44432838366974936
38 0.5366333454565566
39 0.6520485518318035
40 0.30813398363628164
41 0.6987408144000072
42 0.5547671117518989
43 0.7399139867672746
44 0.7279046698732452
45 1.2479686802537233
46 1.2670935663698502
47 1.412560734025567
48 0.8436055210438898
49 1.1419423456336366
50 1.0871186730659663
51 0.6428696576719064
52 0.7015865306219053
53 0.8817244799277713
54 0.8026027208935478
55 0.9131414579326325
56 0.7575557479113995
57 0.5489899272836702
58 0.750798254845679
59 0.5697586466447431
60 0.6889966845124764
61 0.49373900512849034
62 0.5521571589148008
63 0.29972520844054834
64 0.44446640025786643
65 0.3018107175343505
66 0.367450562622351
67 0.3166318133571611
68 0.2671900580217298
69 0.1388697715692008
70 0.7106241789060195
71 0.6038565031191461
72 0.5405871964123654
73 0.6217407728225316
74 0.5326310655099584
75 0.792604864679594
76 0.7231159699917294
77 0.7240566089646593
78 0.9810900069538945
79 0.861114121541243
80 0.6428479111231881
81 0.276729900714453
82 0.20297401569061885
83 0.2608731098640077
84 0.13781148114683206
85 0.1678690981955134
86 0.224643255495393
87 0.3277806364806889
88 0.24711148266682237
89 0.22234652339791552
90 0.3993868530438375
91 0.38175640404355304
92 0.2546084028569601
93 0.4666123105936969
94 0.366443913379317
95 0.34132873985235546
96 0.240032066104386
97 0.1753782909860049
98 0.3320087111744808
99 0.2678583863337777
100 0.2727291049972292
101 0.3564765770663218
102 0.22472684345365687
103 0.22465994873296757
104 0.3113832648723498
105 0.19289795813625707
106 0.1393718439376952
107 0.4628985665259904
108 0.24397113464864278
109 0.2389624743136444
110 0.3168813292498331
111 0.22163401962625803
112 0.22116264416525275
113 0.2064891206506475
114 0.2782775579704841
115 1.1024038771970588
116 0.9235172592792573
117 1.0070958873834397
118 1.0861238691612125
119 0.8126250479155925
120 1.1136605769843297
121 1.1378056613016478
122 1.0232494954698188
123 1.435680241701939
124 1.0336421850584554
125 1.2945669908874289
126 0.7075984426284694
127 1.241007202502213
128 0.7697856598794018
129 1.06332589480388
130 0.7988801050240464
131 0.8778541164797098
132 0.7588692052620272
133 1.1519639669656618
134 1.6747844495158273
135 1.0212527132043563
136 1.3690533634979174
137 1.6941493912451162
138 1.5646661786232052
139 2.006706860861741
140 1.6005986762149997
141 0.722071945627847
142 0.8102291118925943
143 0.9340340389501907
144 0.7230033580724555
145 0.7006660869891338
146 0.8449357185115786
147 0.5832401813541601
148 0.5816342031553074
149 0.6388632703416232
150 0.6847345171994951
151 0.4844708621646581
152 0.6767576414711307
153 0.7169178798209532
154 0.5870309717812559
155 0.6428639090375695
156 0.5711506619154693
157 1.0312703335182403
158 0.8408560643766443
159 1.0295688752081287
160 1.3688685874247986
161 0.9036838851884659
162 1.4604035940121234
163 0.7534133460966301
164 0.7455811357332995
165 0.6896611642687597
166 0.6997614515721173
167 1.2998123084201203
168 1.246379199400125
169 1.0093304359713056
170 1.3951839654513956
171 1.2846562658033829
172 1.4699050998199135
173 1.5160194030812357
174 1.021347839268427
175 1.147317161615579
176 1.4868694914111276
177 1.4205208591626315
178 1.7160899150897655
179 2.1463232127726215
180 0.817271283610613
181 0.9164524671007843
182 0.6847987611896469
183 1.0484164239129063
184 0.9047658150697853
185 0.9087462576215254
186 0.9007650452382333
187 1.1271265666946726
188 1.1999312118504823
189 1.0676411426105588
190 0.9309045170143169
191 0.8013292119477384
192 1.0996196234785627
193 0.8831551129613183
194 0.8493724210059641
195 0.9836601570494943
196 0.9301806406910829
197 1.0975132250456126
198 1.2195945858658195
199 1.407272954951131
200 1.4918769641380683
201 1.2138657684074028
202 1.7476589350909846
203 1.717166688439635
204 2.12518502748792
205 1.7398254775300899
206 1.1320962830620152
207 1.201326530295691
208 0.949034655889461
209 0.9635538877037921
210 1.0825383299963536
211 1.144384027968181
212 1.3539543617545933
213 1.4883627290298143
214 1.7417909334683908
215 1.0718612220693018
216 0.9863722557007416
217 1.2462753543525422
218 0.9859165828148451
219 1.0612078862846717
220 0.9427061488890421
221 1.7063149237137603
222 2.330296678699826
223 1.5561731564321524
224 1.8769196550827254
225 2.4762552078221205
226 2.5176642333836345
227 2.3949494749720515
228 1.2442307675638509
229 0.9921545366601265
230 1.097180456944438
231 2.501165590567203
232 1.8889001853435545
233 1.1726089558784212
234 1.0427704075048905
235 1.1084064750958549
236 1.4108472255388453
237 0.8079369167443052
238 1.0268234451297646
239 1.0751087453972126
240 0.8443648579270318
241 0.784905858605761
242 1.0895117137239563
243 1.340137340245283
244 1.4937205985153064
245 1.3807939636666717
246 1.1402525458269546
247 1.731671091553367
248 1.6883037331803172
249 1.875036671672706
250 1.6065185161330917
251 1.59001435442294
252 1.3762201656910587
253 0.9077507177195683
254 0.944459063147829
255 0.8942119677521949
256 1.5928881624458389
257 1.975973258833279
258 1.5839839600150896
259 1.878673383932885
260 2.1465782675532545
261 1.03376691994469
262 0.8164283507741766
263 0.7751806106999
264 0.6628228799549871
265 0.5029299170172365
266 1.0907272595229816
267 1.1635152228771395
268 1.022081817788817
269 1.4286442947264937
270 0.8858627758323963
271 1.104338096344737
272 1.1627652158914212
273 1.0704263709212687
274 0.7339150700009297
275 0.887431282228546
276 0.824308617343712
277 0.8515732735065403
278 1.0043573122127536
279 0.8770174255198776
280 0.5584797736692422
281 1.0149057735169538
282 1.3262732873835394
283 1.2606216781916901
284 1.288352036183984
285 0.9162015871245116
286 0.4553264515299953
287 0.5812722785219454
288 0.7094828797274475
289 0.6854382250384988
290 0.7212898478046685
291 0.7233353968546123
292 0.7888966401420769
293 1.778321773041818
294 1.3151701631077275
295 1.3571261819897276
296 0.8671828752069337
297 1.3072177461477938
298 1.0058128639121042
299 0.9928189955889939
300 1.3267627282797438
301 0.5114882975285936
302 0.5325217734782163
303 0.6799222368192817
304 0.3801188900753175
305 0.8376656099173057
306 0.6513816318738372
307 1.0217385856340013
308 0.8124039440326485
309 0.7689732102627169
310 0.94122549261086
311 0.909874409175271
312 0.7467565998408607
313 0.624235093657354
314 0.916935222721208
315 0.6421478986993963
316 0.8944461765897381
317 0.7882112323932573
318 0.804397217712925
319 0.8466432084097071
320 0.6382850012524751
321 0.7271052415668974
322 0.7180710539733391
323 0.8543567738955928
324 0.5399624142775012
325 0.4242531751267567
326 0.3421874000685674
327 0.47930521291362665
328 0.4049125693210758
329 0.6163811740292726
330 0.5867090936987815
331 0.5664954696092026
332 0.675956041666808
333 0.5639080748057097
334 0.5423291629094353
335 0.2755664051415834
336 0.27665245355577117
337 0.34355364012434836
338 0.2689070645749375
339 0.36511178947561096
340 0.5559811492271236
341 0.1708568452457856
342 0.6012114958081676
343 0.39441195159988085
344 0.5716471659777644
345 0.5083460462942639
346 0.5055101571727819
347 0.3933744069333657
348 0.43244018083095653
349 0.5417386390821431
350 0.4856654883277993
351 0.37692111158623126
352 0.4148784373008836
353 0.1975878308785104
354 0.31203259132274885
355 0.3196199764850882
356 0.3295902926477815
357 0.21644627636194652
358 0.443521423602101
359 0.2707578273976352
360 0.46673247476499147
361 0.39123297663019113
362 1.806917520584037
363 2.056934702316834
364 1.666012193546843
365 2.2406616352784408
366 1.7892776700940214
367 2.1207037340651063
368 2.582650430187579
369 2.583549072930722
370 2.643786382730111
371 2.1941084049992385
372 2.173244527208716
373 2.443613780869553
374 2.472762122306329
375 2.3756419654852694
376 1.8835388571173741
377 2.504240160820551
378 0.39772439231898904
379 0.4906590714887128
380 0.33836936542629176
381 0.6477046199915113
382 0.5943779630672362
383 0.38531987691752523
384 0.2510412297619192
385 0.2799229422955769
386 0.24123304647138105
387 0.2324666119383469
388 0.28041800597001626
389 0.26911162238300934
390 0.3948465576729718
391 0.2913197272870227
392 0.28865373206635425
393 0.5737441324868953
394 0.3707671934250504
395 0.2544523612378473
396 0.35246640172891625
397 0.32355341015007444
398 0.45542737716367965
399 0.23999079573392706
400 0.15424069918588507
401 0.4134768003914725
402 0.43082837088930864
403 0.5006010120455252
404 0.32820723622666426
405 0.36636231368642186
406 0.284802451914893
407 0.4135260353214265
408 0.35592691999168286
409 0.34018476282232635
410 0.33430532939335567
411 0.20072047915789937
412 0.3564572535727175
413 0.17422956674132584
414 0.30371133280946117
415 0.33667823184299084
416 0.35040050674638534
417 0.15790436156750953
418 0.24766605955598894
419 0.23227979811970095
420 0.4420134231059396
421 0.20494535650752005
422 0.2287364234115044
423 0.41296603804715715
424 0.2515156519814021
425 0.29652135019226156
426 0.2606740031872731
427 0.36369097128708106
428 0.26216572213945805
429 0.38469693912230274
430 0.35738794379830124
431 0.26223606076235656
432 0.26935580997874886
433 0.21112698521260576
434 0.2522134071795053
435 0.3167638662143039
436 0.270701880791199
437 0.3435554482952201
438 0.2931546886863853
439 0.142132224233108
440 0.32815105235375835
441 0.21863749342470437
442 0.3171696314383968
443 0.4289150173097545
444 0.2662663172521731
445 0.4015979161386958
446 0.39611668948133766
447 0.15904306656560374
448 0.2201783115967362
449 0.224185797771066
450 0.20171939449966209
451 0.3197970399882559
452 0.3981647315179274
453 0.2621186930257151
454 0.24341363336906974
455 0.29877135062195775
456 0.35855069729661754
457 0.26187697199245813
458 0.44029713041173474
459 0.28124549055201553
460 0.3183427210346391
461 0.3458478073580687
462 0.2737021516553957
463 0.28531277075374195
464 0.2527439064555666
465 0.6666017971914608
466 0.6635971723685591
467 0.43798231157284667
468 0.8369243590630668
469 0.36211322397199913
470 0.501520820197247
471 0.9573168373112337
472 1.113995760079582
473 0.9928882833717545
474 0.8968788575876194
475 0.6667026789500614
476 0.40148132808331316
477 0.6775326974663379
478 0.653147131690811
479 0.485241265179636
480 0.3521929267144319
481 0.3807029983745117
482 0.49853074563296296
483 0.6901621196546559
484 0.7422190606010624
485 0.32754363452632196
486 0.2415533578513859
487 0.3333791087117843
488 0.28896150780218555
489 0.1458442160631066
490 0.21598262342078103
491 0.2671427935633052
492 0.2199341909548305
493 0.6825035777622426
494 0.16108212423492446
495 0.2782277904454815
496 0.38415594926585106
497 0.38374561423061476
498 0.407021159331843
499 0.22660506495497787
500 0.38678784028963165
501 0.5231911418822697
502 0.46400882655549136
503 0.26002444732571883
504 0.28640258662330575
505 0.47898968996920344
506 0.4607651642499302
507 0.4128299506675002
508 0.48310587792618415
509 0.5196133371978163
510 0.4653041811159031
511 0.5208121258195771
512 0.4550783168575123
513 0.4571673973821827
514 0.43136641515388763
515 0.3763850983726582
516 0.24713695330592506
517 0.39878807312821635
518 0.2539524367145723
519 0.4566660108953968
520 0.3290094897491872
521 0.30885167128568713
522 0.5724874121151177
523 0.20226489212776483
524 0.2005697232988776
525 0.20911421051550255
526 0.24521508846539236
527 0.27369453396740384
528 0.23466193287550818
529 0.2702252726161335
530 0.5314949744630361
531 0.422608095241049
532 0.3417603004161055
533 0.44668553427998803
534 0.22167652683151595
535 0.46602697087498557
536 0.23750652817374251
537 0.47413722260490027
538 0.3825006864930778
539 0.4561151678519175
540 0.4237878398703953
541 0.3369032560563536
542 0.36837469813195367
543 0.3679379431951952
544 0.20522073186102727
545 0.20404860523872195
546 0.15930796345599407
547 1.0348707093375273
548 0.8472705198894706
549 1.2941061817531276
550 1.0662252200726494
551 0.8918167518754311
552 1.0834911577836002
553 0.30169710607730604
554 0.38458887209545156
555 0.3344886670862841
556 0.21090097202287353
557 0.38393095322848153
558 0.5216096456721127
559 0.40870350966019187
560 0.7504268825621585
561 0.7376226277554329
562 0.740637249628951
563 0.7293169342384842
564 0.615170483896587
565 0.6066273875953339
566 1.4570264121677217
567 1.053123822195821
568 1.006710771610186
569 1.0961445097449127
570 0.8116338895484542
571 0.4076518131273829
572 0.2713225086162652
573 0.18223359862022775
574 0.2959479390653118
575 0.52206524814957
576 0.2710332583275351
577 0.30858345486723454
578 0.2723450803174984
579 0.27978738361181354
580 0.6264434677859548
581 0.5050402967415333
582 0.5243449466842169
583 0.5905025602880298
584 0.46187061054255574
585 0.2855788826591973
586 0.2997799187604955
587 0.5027699682871278
588 0.3252376383654111
589 0.6984420499169908
590 0.8913967269315451
591 0.7513047763025158
592 1.1768588724851172
593 1.0025621051476072
594 0.9850576393011885
595 1.0680929321515529
596 1.1100812417048367
597 1.2393427262655368
598 0.8046852209252058
599 1.4216771673210649
600 1.00355293978253
601 0.4771371900652804
602 0.3436565761505268
603 0.32051225638936454
604 0.33431284797175864
605 0.6465456106104663
606 0.5309788564679615
607 0.46906861882229034
608 0.4623591711812904
609 0.33728418923804415
610 0.48991713958953303
611 0.5029025646591782
612 0.7319062679421616
613 0.6539987729997574
614 0.3994401754886874
615 0.7115478388045989
616 0.5177957496700054
617 0.3616273720561597
618 0.38631898105683127
619 0.6674177636322863
620 0.7221190808597346
621 0.4603720950983752
622 0.38873223567609727
623 0.4746471585371128
624 0.3379666768243448
625 0.30503247608366546
626 0.37237060582548553
627 0.20619373923804074
628 0.2419643543577912
629 0.21078254768529006
630 0.2537149089735932
631 0.33858916681224266
632 0.25716341002366805
633 0.3086214002549881
634 0.4645119582699535
635 0.7165062886126481
636 0.4858970324875165
637 0.438814939349051
638 0.7931962793176037
639 0.3736892345963152
640 0.6699650429228408
641 0.540100154717534
642 0.3337230820323475
643 0.4585380917566835
644 0.47187084553772934
645 0.48145573879944964
646 0.42161302931995503
647 0.5254319382087441
648 0.310095906047342
649 0.6556914214049285
650 0.5806592083978555
651 0.45541140840627814
652 0.32751964936659894
653 0.30516917712942093
654 0.2144732435703689
655 0.43189044481847605
656 0.28321818360495377
657 0.32116252715818494
658 0.25192355772471686
659 0.2855339991934161
660 0.25884596402589216
661 0.287771552160483
662 0.3146613056374995
663 0.3885684312881143
664 0.334282462040419
665 0.38199955249739337
666 0.363774321615023
667 0.30013792242449633
668 0.3247454562992231
669 0.3860817356169254
670 0.277989754176439
671 0.21794132209097936
672 0.22629229373418097
673 0.22154751566060496
674 0.22321632614652032
675 0.15840496144542027
676 0.2755744569228773
677 0.1607175818208491
