0 0.2755340554591063
1 0.2604292782350369
2 0.25970863463451294
3 0.2275597076740237
4 0.2380673127614193
5 0.2522126650184278
6 0.35012114454679916
7 0.2178069217927335
8 0.2260353108785413
9 0.1350238155192147
10 0.17673381301832022
11 0.298276831045754
12 0.30959906973002677
13 0.14831420329463102
14 0.1732118109734213
15 0.0919362635162564
16 0.12170155376200628
17 0.3079507752811403
18 0.2578963177866902
19 0.09618257989956651
20 0.13231200332914156
21 0.24795296924206742
22 0.1860791362626757
23 0.2732038204421288
24 0.1711873424157609
25 0.11497415939390856
26 0.13635083516356258
27 0.1355203885699571
28 0.2611835379558642
29 0.3878808105234775
30 0.3578387793590934
31 0.2323060979141228
32 0.40211980675246906
33 0.1596252960242761
34 0.37149222321519304
35 0.22431217902740247
36 0.2523457339043777
37 0.3320452610406319
38 0.30105938621073713
39 0.2478967596727107
40 0.2986014498686699
41 0.2645675251489095
42 0.24493884926352957
43 0.3508314971134595
44 0.25485631276307086
45 0.1618749092921151
46 0.26123177693953914
47 0.2008245582212387
48 0.1848272879268832
49 0.1406966031652378
50 0.19435934083700773
51 0.20816543638057378
52 0.2682867024055506
53 0.2173760554266072
54 0.314090934841229
55 0.18722529431990753
56 0.32542598513927423
57 0.3777278172345451
58 0.25772738820788693
59 0.22815548546014505
60 0.30686193451031507
61 0.24586082894802164
62 0.17858066862450228
63 0.25637756294526526
64 0.20085620573531077
65 0.28973310249024725
66 0.2346622990060812
67 0.3939963166326788
68 0.21566811974169633
69 0.2811069714083728
70 0.39616221037491683
71 0.3202288582766869
72 0.21392708506611802
73 0.23844537521416204
74 0.15369764431327892
75 0.3072736419735894
76 0.14133574529627524
77 0.14469898270590745
78 0.12768084313046413
79 0.19938980695076844
80 0.1783146983463797
81 0.19321817245677642
82 0.21197405464971253
83 0.2809523315059763
84 0.14222221246569094
85 0.1299937814473106
86 0.12218091179091575
87 0.20980065875250511
88 0.3100454750691822
89 0.22404641750081994
90 0.3122560538304533
91 0.1374364210104439
92 0.17096262095454623
93 0.27411985625538615
94 0.29774714732766855
95 0.26274991983680884
96 0.32819687557726196
97 0.22053232860946143
98 0.18395656487431009
99 0.21164031171081268
100 0.3478698636226989
101 0.21901860463743691
102 0.14207641439781213
103 0.13356924339062098
104 0.13623558557061224
105 0.4075218328983169
106 0.21182444109543558
107 0.20461704735803957
108 0.27482390427291925
109 0.26384321165668534
110 0.24010845044441048
111 0.38614846802183395
112 0.3167293034359244
113 0.3305204311955544
114 0.34500246087636055
115 0.1637508032435037
116 0.24538977639766857
117 0.264904726050085
118 0.20992389449548404
119 0.16605966995285862
120 0.17716157252689513
121 0.4492631236644256
122 0.24751304757003176
123 0.19244642861325054
124 0.35187040958218846
125 0.6016016413909262
126 0.2019234650415353
127 0.11781740821630188
128 0.26873815081533964
129 0.3217289198556676
130 0.18824542906715164
131 0.5333281946938094
132 0.1684145696773
133 0.1742045082509401
134 0.23700712750336506
135 0.2659502364680214
136 0.23698414736789947
137 0.2501934699018845
138 0.23874270033890502
139 0.22481187553192356
140 0.15029352740110516
141 0.2517955005790976
142 0.4138864111371131
143 0.2520124167899487
144 0.19595870172553567
145 0.24141559097907744
146 0.14867396124621163
147 0.2795881332770229
148 0.285351718681432
149 0.13214901155354225
150 0.17313703503224018
151 0.164638856433732
152 0.18650112998651375
153 0.20396679231734105
154 0.17002367717436628
155 0.16485694024649097
156 0.18076059074339912
157 0.20947691040061006
158 0.155273700183178
159 0.20736887557250197
160 0.3968127610489522
161 0.25730379719901186
162 0.21585415005171493
163 0.1725162378266939
164 0.3266087015993153
165 0.45243130886984667
166 0.24187945651622897
167 0.3777936106375309
168 0.33420942123764186
169 0.24511258803253036
170 0.25800837084199385
171 0.40462759604211973
172 0.3457150684050241
173 0.5516147926774189
174 0.37792802612983073
175 0.3730619340790717
176 0.517569959596836
177 0.4344334438425431
178 0.3222458768969587
179 0.680636048718796
180 0.36654871149697776
181 0.6136381811472972
182 0.3615751866636937
183 0.19270099020111225
184 0.3030978037857337
185 0.26599416962437983
186 0.287034244066081
187 0.16645326949002648
188 0.3907863719938362
189 0.2918834475733606
190 0.42727496671885046
191 0.21399756652487445
192 0.4234942180146257
193 0.5347457873643652
194 0.2949300727198467
195 0.6893871473884841
196 0.6534038365700054
197 0.3476450143336284
198 0.6479114484925351
199 0.5707750230611439
200 0.3359005653109347
201 0.4560031259487295
202 0.2964301078307533
203 0.8325218349131527
204 0.33443841552066833
205 0.39211033664828016
206 0.4938959132122659
207 0.3813855227973352
208 0.6812184253417948
209 0.4738700487686246
210 0.3895880076981936
211 0.5155642636535749
212 0.16296025127971475
213 0.23724264792892505
214 0.2922428788115087
215 0.45459335610451734
216 0.3653114088195062
217 0.16644731730585346
218 0.3473274864405368
219 0.36246122466340547
220 0.17791153197979548
221 0.47621576695938617
222 0.3490508367680978
223 0.44959384363578025
224 0.5033894465505371
225 0.532760826999094
226 0.22573811634508203
227 0.24229747674505853
228 0.35275867974787845
229 0.3684017505486858
230 0.4186497437010186
231 0.40159897575191517
232 0.3317417229620846
233 0.2943639116694219
234 0.2774861171732833
235 0.4750562018491455
236 0.4737247510661101
237 0.538180151078018
238 0.3514366801531302
239 0.6175065605679497
240 0.36495226141211423
241 0.4430177480631098
242 0.5334933976761136
243 0.5187890024653885
244 0.698136015693783
245 0.20761141757961804
246 0.14336708488490174
247 0.27922878667179474
248 0.3107248777193158
249 0.3994333456854321
250 0.17667232017604056
251 0.29402983391338483
252 0.16277206147484521
253 0.18883760432726776
254 0.34495580269651693
255 0.7957970827631573
256 0.6317222516679477
257 0.38004096140247284
258 0.4773616294550991
259 0.3415085227776233
260 0.4005745395157737
261 0.4720907353025938
262 0.638366519674305
263 0.877192096253286
264 0.30912632945601093
265 0.41696443247125653
266 0.7580193001773842
267 0.7672538874032672
268 0.9726650849346175
269 0.7598291800937241
270 0.3446329610196437
271 0.7206992381303071
272 0.3242452217327866
273 0.8441646593403802
274 0.43413057366298313
275 0.8628829915712033
276 0.3222601987217518
277 0.3360499152719464
278 0.22043729450718813
279 0.4822108464233895
280 0.22222773658999345
281 0.5051958272023218
282 0.46358432240773395
283 0.3772299950233904
284 0.6715706439573261
285 0.5548331129107278
286 0.49351117932014477
287 1.089647687544859
288 1.0265295141042727
289 1.0806744174774234
290 0.7615750176710374
291 0.5644958435920928
292 0.8356778972076877
293 0.47705083395023495
294 0.4953108413951284
295 0.9592043089947127
296 0.4050556402719755
297 0.5242387653264768
298 0.43711506703369285
299 0.4394530531862547
300 0.37539282526499773
301 0.2902042727474644
302 0.7617320345262754
303 0.5891489363383702
304 0.5764110366438122
305 0.3076767460693885
306 0.8119984916634061
307 0.5983793528027671
308 1.6049283138670285
309 1.338859300827291
310 1.7509354169422862
311 0.8899885242978721
312 1.2518568312492575
313 0.4091992744507278
314 0.31762298036977105
315 0.477280643114857
316 0.530412306362909
317 0.42830199969271354
318 1.984845021673205
319 1.571351825280887
320 1.4562501692362355
321 1.7206691037531523
322 1.2008960364886718
323 2.3939015015921057
324 1.9095823206615643
325 1.5428094753507438
326 1.9208823212057469
327 1.4501705175632522
328 0.5982652339918924
329 0.48724999778385547
330 0.8388839546954682
331 0.8382958767811106
332 0.8680775017402342
333 0.6017572674503433
334 0.32521611193310296
335 0.5279134351970814
336 0.5659273096347974
337 0.23707530848051528
338 2.3381479989185743
339 1.0080319652515901
340 1.6002244664385146
341 1.0406412556929467
342 1.213925271065335
343 2.0160998030219885
344 0.38018080249557107
345 0.5328842755976855
346 0.47978614675293896
347 0.4040576834145073
348 0.6832933024122025
349 1.6844913281863714
350 1.8075788667918382
351 2.622343579231321
352 2.059903048625332
353 1.820327190394033
354 1.174654195418763
355 1.3574882943881375
356 1.4218056209594332
357 1.6518814275812643
358 1.5656159789519846
359 1.203260834291837
360 2.531836257096396
361 2.677449646395606
362 2.603632395934998
363 2.7481550940186366
364 0.3380423392298556
365 0.4469100281193106
366 0.3806923067342108
367 0.3527364500081432
368 0.49220706355265065
369 0.41946854754419355
370 0.5613058640272386
371 0.6703564258514159
372 0.9144301090632139
373 0.6654617450048226
374 0.63042931460579
375 1.111310661273721
376 0.9382942907914797
377 0.8182190569553717
378 0.9142459529673095
379 1.250187806102915
380 0.8506433878763704
381 1.248654808670326
382 1.8130207632774673
383 2.015175345665159
384 2.182616894504405
385 1.3044726180535149
386 0.9586507743171142
387 0.8092209009819415
388 2.4372847983539527
389 1.3052886064910405
390 0.33947273559374674
391 0.4083912140758198
392 0.3485659950000883
393 0.2330608004732716
394 0.5237594093925819
395 0.6184072660315227
396 0.5265340912236695
397 0.4023753961618056
398 0.7409205679393283
399 0.7706615229073275
400 0.5195571725357953
401 0.7764517149964728
402 0.8884003375799339
403 1.2224038449499957
404 0.9167789081882006
405 0.6175225919458305
406 0.6320072893960734
407 1.1267367541516147
408 1.250555667880049
409 0.5812779679440941
410 0.5661590877831599
411 0.8806593150962125
412 0.5675632618259159
413 0.45882206081139476
414 0.989579971421675
415 0.828798660815088
416 0.7905379494059077
417 1.1941115079357194
418 0.853680817077944
419 0.619229090601871
420 0.4341325910493534
421 0.3410927188760918
422 0.5051831011845795
423 0.41904987286057366
424 0.9876393851309624
425 1.0329349158884655
426 1.036384690386633
427 1.1183683796566062
428 0.6895312289118756
429 0.6353969765686862
430 0.4817087221959621
431 0.40935655666469384
432 0.5266384085634348
433 0.4668625559055206
434 0.9101245810835124
435 0.5427554734418266
436 0.5156339733451103
437 0.6591194306177293
438 0.3355645194290762
439 0.23322656006803194
440 0.4931701726829908
441 0.8351116128619366
442 0.27562125980918367
443 0.5359134109860231
444 0.6007176472460256
445 0.5410048080740801
446 0.9279933944219306
447 0.6175444578049483
448 0.7713503897891327
449 0.42069866347330465
450 0.5177450106634252
451 0.7853267833692432
452 0.17909581559367943
453 0.5042551239953679
454 0.2977239714852582
455 0.723566033772457
456 0.3413331064592451
457 0.6679174141780289
458 0.568719170212777
459 0.6528952217628221
460 0.47193086133825296
461 0.4967975121568824
462 1.6174613925373653
463 1.9450887550305922
464 1.7283084671945836
465 1.7729981011061415
466 1.435219387165246
467 1.431093361724277
468 1.5899481296552191
469 1.86038152733035
470 0.9509917025943211
471 1.3099664269478737
472 1.6860010502647307
473 1.6266912880568194
474 1.6990937231189824
475 0.22499302240726005
476 0.2545201702773209
477 0.14637459261926458
478 0.23046795049569924
479 0.23581465814200692
480 0.2929091555212724
481 0.2394784024253171
482 0.3211340951834529
483 0.23882932502179313
484 0.26739959906258404
485 0.5825860533166803
486 0.480527272235531
487 0.26334903211241123
488 0.587508696048895
489 0.245380266243
490 0.879061495529998
491 0.9619638005649316
492 1.2510221219589164
493 0.9334469485964096
494 1.2885637200212494
495 1.186254279620404
496 0.508391981689084
497 0.45387989806428586
498 0.24403064568655097
499 0.36095244500964124
500 0.23807160263212368
501 0.66003463608757
502 0.46636994730199754
503 0.42374556750639725
504 0.32638809882242004
505 0.3754790690987171
506 0.35403093042053796
507 1.1174181877943286
508 0.795544867080396
509 0.8081228567715482
510 0.7825543061219302
511 0.5322957922195657
512 0.45638474420948394
513 0.6994400972410257
514 0.4043778221040688
515 0.44461216155510197
516 0.5268350726759364
517 0.3049512371090258
518 0.3572107598662807
519 0.36449765376115717
520 0.37906260094341415
521 0.5531517345309434
522 0.38176625802793
523 0.3330423141516802
524 0.30077136989615627
525 0.272335624917489
526 0.3046587907808298
527 0.36526873442001234
528 0.3043428015678211
529 0.3429720533424256
530 0.32251617978453073
531 0.2412403201559406
532 0.21221946280091247
533 0.2589606633269981
534 0.25164781988028523
535 0.2858123737379829
536 0.230642512777862
537 0.30844842352694957
538 0.5259367550398599
539 0.15280930270360893
540 0.24293005271683155
541 0.16068991502026259
542 0.30302241222442755
543 0.2653176674485625
544 0.22367782204966935
545 0.23385207400309033
546 0.2549564084181655
547 0.29303919430817127
548 0.2511262919186943
549 0.2956259318920663
550 0.27295000126225455
551 0.38105661270468155
552 0.26663061464713017
553 0.3014289234172131
554 0.19775143227190287
555 0.09365386720601095
556 0.15097505104884434
557 0.1720858685285226
558 0.14181683824049207
559 0.09291575860251546
560 0.19303235919016554
561 0.2349267723135635
562 0.2531734023752392
563 0.19135058522173734
564 0.2280857530531118
565 0.24686228550759867
566 0.11821394545984289
567 0.21409396948401732
568 0.09291022777759357
569 0.18542466991215262
570 0.02963436708685037
571 0.21211136864209434
572 0.25843334204778157
573 0.2756321195439831
574 0.25086860335852085
575 0.1561757387332443
576 0.24105791945786845
577 0.6731023088092739
578 0.20966005310339353
579 0.5848180309396679
580 0.24119551824180258
581 0.5433178678011654
582 0.21822284919008955
583 0.17164121844051028
584 0.18210716375889974
585 0.16122423806898306
586 0.07304112774381506
587 0.11963870445016944
588 0.24954393292131138
589 0.2389588115706784
590 0.1953166049952522
591 0.21084068933175
592 0.23054524448349073
593 0.18652623535422375
594 0.24395771940064354
595 0.25925875679653965
596 0.1893897349021929
597 0.18829116500071252
598 0.3128173673600898
599 0.19768119891010622
600 0.21983640533304222
601 0.10931487224362633
602 0.13298634713064106
603 0.1636189364557978
604 0.15797611180401436
605 0.165427913175583
606 0.13728911424335147
607 0.1682736273412933
608 0.07879346752528213
609 0.45952429323069166
610 0.19947132358986813
611 0.3209892033750139
612 0.3662808697201894
613 0.34157995687116044
614 0.2675753334360107
615 0.19451946294912092
616 0.16340735547163304
617 0.1764255289495611
618 0.17062481876702382
619 0.41331224366238617
620 0.46934951074038456
621 0.6104010047325358
622 0.44693635213621674
623 0.2629074176723802
624 0.21783564841345893
625 0.16690503837670026
626 0.17179633114343767
627 0.15082383673764976
628 0.40612211555251443
629 0.337732643910142
630 0.46901970484687633
631 0.49762174106965856
632 0.4432992353564841
633 0.22576810609781078
634 0.16442653530354498
635 0.14348121558798566
636 0.17778006499509935
637 0.14678682565272969
638 0.32251616469874056
639 0.3630172751081737
640 0.34194278488571433
641 0.2655792375145761
642 0.2365812668287769
643 0.26110178694447306
644 0.20943549290448854
645 0.07817828206534996
646 0.22014724821724688
647 0.2067646824564503
648 0.3720952124461251
649 0.27111040424425564
650 0.33316883992910484
651 0.25482004700326866
652 0.3555715149940297
653 0.26912829035134694
654 0.446558121002972
655 0.601770055697118
656 0.5438282671349448
657 0.38098033445753776
658 0.21637671796586613
659 0.36147288891841806
660 0.22768051430635752
661 0.5633965721418995
662 0.15716369429623364
663 0.17437928219006577
664 0.13932201493693602
665 0.24006395270190925
666 0.18498100446755517
667 0.156060751672575
668 0.14268683753282121
669 0.22737558230326005
670 0.20268443729952518
671 0.13076289926399623
672 0.148653103336205
673 0.19784043343304447
674 0.17900489824112836
675 0.17337674190908348
676 0.10455861174379474
677 0.13070270240538678
678 0.1768424690582765
679 0.13822556804775574
680 0.11409721300705772
681 0.07551236182926015
682 0.10072833918860483
683 0.11918443499068845
684 0.2172298008898041
685 0.15398135132215957
686 0.15632085742777518
687 0.2271981267025185
688 0.24280448384443504
689 0.21312185834254582
690 0.18617220870030504
691 0.15013368246912312
692 0.10009333558107053
693 0.1289280715498545
694 0.16930886680430887
695 0.2195773122844713
696 0.16857800169317433
697 0.2250169138170457
698 0.12599863385127616
699 0.07008429471155125
700 0.18674694606566597
701 0.2708693490323523
702 0.23805127445740237
703 0.12157993051921996
704 0.17366319898171523
705 0.10765101660748896
706 0.17950125705564227
707 0.12530014680662918
708 0.17837301205603445
709 0.1824115072828139
710 0.2764460764858736
711 0.3431758586903749
712 0.36706858305867407
713 0.28271601738713836
714 0.14721273316687045
715 0.1811345099860778
716 0.16937354114039796
717 0.33259470595409946
718 0.2626574208060331
719 0.20061260462115643
720 0.20905803672452702
721 0.2181711662945498
722 0.30592525606505044
723 0.367783413385967
724 0.34240484333041393
725 0.1993395502645699
726 0.22503147852499095
727 0.42479604989007225
728 0.5227139786023272
729 0.2576510903699242
730 0.3022971858188008
731 0.3483123986344798
732 0.23930145838068123
733 0.2708847421512228
734 0.33731656514023256
735 0.18321995947565456
736 0.36007724790646833
737 0.2565760512810438
738 0.21332353721310932
739 0.22190291166268303
740 0.19160802828468362
741 0.19713738708189468
742 0.1657186582591832
743 0.24304532238174056
744 0.2348465143880853
745 0.3085514666667368
746 0.3062509353732015
747 0.21523077245859207
748 0.2776815743308606
749 0.1875866916199668
750 0.3344896366674506
751 0.318969146826832
752 0.3216639403797782
753 0.21855689701105346
754 0.20812782094504656
755 0.1178584954120798
756 0.2705927797300832
757 0.3403850927815041
758 0.36137204133577394
759 0.21723970262022535
760 0.6450959750263768
761 0.40066964140575334
762 0.19135190492264137
763 0.11000961095289567
764 0.3699715880337622
765 0.17550029301222686
766 0.1507306079135592
767 0.18866982875231503
768 0.10634043952015583
769 0.16721393144445673
770 0.18234944755877355
771 0.30800159987028475
772 0.2166086900062112
773 0.0970460291064626
774 0.24726391327782216
775 0.1461095610509816
776 0.16876549752838899
777 0.29314802277289764
778 0.09368983835238591
779 0.31523676345644136
780 0.4257374000680306
781 0.29112021045020253
782 0.42671537550380567
783 0.3509231246868538
784 0.3278216100436925
785 0.37862463770875177
786 0.49968343800066584
787 0.4555602494760389
788 0.3031779420463918
789 0.44532190363013
790 0.41510000109597395
791 0.5302442255083791
792 0.2655265130669678
793 0.34235065083446353
794 0.25963963696088344
795 0.23974754261293282
796 0.2748949884440471
797 0.2686344797463187
798 0.20332243958051682
799 0.2264578274821322
800 0.28907512408973696
801 0.19299662990918365
802 0.3065207172878864
803 0.2145051785325445
804 0.5103382355592898
805 0.24170438020131518
806 0.3101014430376065
807 0.513038321373928
808 0.34931045393068244
809 0.32508145864471666
810 0.2134135585084439
811 0.29247739952084284
812 0.2737047508181703
813 0.2839177015298764
814 0.2745672088526887
815 0.30752517838619164
816 0.3027363531139703
817 0.31343641366531316
818 0.30554066399121793
819 0.3822001431244546
820 0.22961639677994888
821 0.36608467210398715
822 0.4253496841059826
823 0.29507400149143437
824 0.38717603556703356
825 0.283131054908816
826 0.2939186069976122
827 0.4109989029119237
828 0.4240443600633936
829 0.3440592128088179
830 0.3593227592549302
831 0.38672276396467653
832 0.2536013603484012
833 0.27482267702111196
834 0.3891489616296733
835 0.20131214399991862
836 0.22609130568790053
837 0.21729202296553557
838 0.2214961785676987
839 0.1980086128443868
840 0.310770339977137
841 0.1584198160425905
842 0.1931991822181662
843 0.21132278144031574
844 0.3734631974205208
845 0.4316394463906476
846 0.4864349928667725
847 0.2631117823292388
848 0.2788296915862091
849 0.3710871201239613
850 0.3444363014801741
851 0.38968644803945157
852 0.1639125778589299
853 0.2988417932961831
854 0.688690258099211
855 0.5080225002768302
856 0.39988369792606354
857 0.916722001465452
858 0.42698567716937263
859 0.26192624053675423
860 0.259873104303175
861 0.23318374891323598
862 0.20317921272523817
863 0.0967155210733569
864 0.173100999662232
865 0.20710769029260256
866 0.27438885384922973
867 0.3024041843239745
868 0.36774236306742836
869 0.2636025691888917
870 0.40285138663711006
871 0.29727744871921813
872 0.31089306600218264
873 0.36795432016259255
874 0.46437682982520706
875 0.42882889803078383
876 0.4394970071345647
877 0.4908140266511908
878 0.4415496212069714
879 1.0306356906911778
880 0.5090261923578518
881 0.4544154477577506
882 0.5548836703664748
883 0.4568806174322648
884 0.3216916900770921
885 0.4340998184125975
886 0.3521915894256499
887 0.45304465099250296
888 0.2526148910238446
889 0.44847483988811876
890 0.24292640946628788
891 0.1250913974863698
892 0.3734589718557873
893 0.29045657254867974
894 0.27415559903673115
895 0.18670252552534405
896 0.4174217925069095
897 0.265879481153969
898 0.3344520128186757
899 0.2878734839485301
900 0.1779602114677309
901 0.4014698188622159
902 0.5163317836958882
903 0.2988978045138594
904 0.15509708191650073
905 0.25144287894495254
906 0.3641842991889466
907 0.3036047317044286
908 0.5804010312436769
909 0.32704894060011663
910 0.5650959218519864
911 0.33472710629142055
912 0.45043035760228023
913 0.3940415626116093
914 0.4190454220265144
915 0.37773828022263845
916 0.3264130613399666
917 0.3220991563829242
918 0.4419722120272802
919 0.4165293693605507
920 0.4514697885879086
921 0.28999324400505594
922 0.2587858794318182
923 0.3711998960136656
924 0.3268338370859312
925 0.3951590903017823
926 0.43503202469530433
927 0.20385000970023884
928 0.32441414320317935
929 0.3385120512259724
930 0.343853870973782
931 0.31745433921679633
932 0.4072135669964779
933 0.37801956570764805
934 0.32113974832573766
935 0.17627346786039388
936 0.314180359963224
937 0.28720229946772835
938 0.38142182044772033
939 0.2682597981516018
940 0.1760332279194936
941 0.20285567334693108
942 0.2411825971029798
943 0.1462309632241453
944 0.2568600608535522
945 0.20705129223317376
946 0.2564035262798281
947 0.2766351228329267
948 0.2405501344811714
949 0.2407077110032239
950 0.20809690949102116
951 0.29681576139710597
952 0.3147858685704942
953 0.30955709360502703
954 0.3474693108671113
955 0.3626389201665928
956 0.21565071634887295
957 0.32600662635756145
958 0.2587431627582333
959 0.2673001773265672
960 0.28337454787858873
961 0.3209486293125651
962 0.34670115360941883
963 0.2872696751188147
964 0.25739656528145227
965 0.20655899775863168
966 0.29609929610592856
967 0.29251204121514635
968 0.14374794097567548
969 0.24585823328321693
970 0.17121754046217424
971 0.24565756879639805
972 0.22921484178925408
973 0.43711866992257353
974 0.17836044545281385
975 0.35351043953530376
976 0.28719020155687575
977 0.277845623270535
978 0.39032309985926794
979 0.1641084079116433
980 0.18280024164802816
981 0.21376144361230312
982 0.15589160101651478
983 0.17063728045768028
984 0.277074054471382
985 0.16425972044744544
986 0.19649726001168433
987 0.22027901691725307
988 0.18903860009153983
