0 0.6837375255842253
1 0.8041917871853309
2 0.622480519815402
3 0.7142510129706097
4 0.6918022916779953
5 0.535620458996817
6 0.6609758621332482
7 0.6143009561106659
8 0.8282902921627024
9 0.6285517446735018
10 0.5914023832552363
11 0.5325233176401136
12 0.68863328377952
13 0.8923022524604602
14 0.8151864030362803
15 1.0419032357401186
16 0.6950692339685421
17 0.8699320236402445
18 0.6681089303080003
19 0.83409430623551
20 0.881639074955634
21 0.7562159319259429
22 0.65518610373639
23 0.7487752809884776
24 0.8905027745961562
25 0.8385794752439351
26 0.9688864448368598
27 0.895184232525162
28 0.5674531412584505
29 0.6484305185071595
30 0.7345567546467047
31 0.7307628052823536
32 0.9275067828717269
33 1.0098780581043998
34 0.8468279977784974
35 1.0210033834609362
36 0.8581969861120904
37 0.7291975913611342
38 0.9329541476623526
39 0.8326370966779633
40 0.8249601840396656
41 0.5545997389358379
42 0.8919332238780964
43 1.3580322277995207
44 1.1975336340978686
45 0.9877476455456349
46 0.9808397381597238
47 1.2205684883605528
48 0.7853239825130072
49 1.2819333304696354
50 0.9495550939979247
51 0.9875085964106567
52 0.8859582468306595
53 1.0015879351042423
54 1.0524195163048164
55 1.1553730147383539
56 0.6354983148354392
57 0.7873788162789358
58 0.6826926038340164
59 0.7145339092992697
60 0.5617034426960165
61 0.9974007456587052
62 1.129876328326967
63 1.232985732566525
64 1.0051475752132109
65 1.5819410436978747
66 1.0496558471919482
67 1.0812028009582737
68 1.0315422172745334
69 1.3308722657418177
70 0.8096989083989539
71 0.9247321160114048
72 0.9427949055604253
73 0.8836386034358772
74 1.7189948563385609
75 1.3791587013909903
76 1.595963938211308
77 1.3766509446642508
78 1.5881119590406343
79 1.0518546408946559
80 1.104270676629781
81 0.9811914377210242
82 1.181631521758212
83 1.1673811002447088
84 1.2007318517145278
85 0.7226557355390664
86 1.025771363149635
87 1.1709870768543063
88 0.9016746107484679
89 1.186444693219935
90 1.4473386503185188
91 1.2804504241393784
92 1.079656073657301
93 1.441773530160054
94 1.2244170056705728
95 1.4822397564257372
96 1.4437107479122413
97 1.7877870459825198
98 0.7573440785371257
99 0.5707823625643083
100 0.7790332193297546
101 0.5958635995311659
102 1.6064719955932494
103 1.875235874268099
104 1.6938531626583462
105 1.536891075924867
106 1.654492655830337
107 1.2275875438845452
108 1.831668036704312
109 1.6954923449483443
110 1.9833657944164962
111 1.8727605891445405
112 2.010789812384945
113 2.330992646060354
114 2.2985363600019983
115 1.1966769113758633
116 1.2063593424832555
117 1.2588959892896834
118 1.469188065771431
119 0.9728929680347715
120 1.5348198138410323
121 1.9641832538524895
122 1.8769384489600762
123 1.8536668579830282
124 1.3256875111707198
125 1.3037279354142604
126 1.417981233527812
127 1.3994999889300446
128 1.4770174705975252
129 0.8989482339383885
130 0.8592521406102013
131 0.9405800148386636
132 0.8441014681299008
133 0.9001098743958821
134 0.6191346118394684
135 2.2468237175408308
136 1.9169500136338136
137 2.279311381733142
138 2.1752201942789497
139 2.1894791711434074
140 2.197132460542429
141 2.2086147243319743
142 2.0963973396915163
143 1.9212536416971302
144 2.098209465287425
145 2.2973161919494673
146 2.218048491789987
147 2.1257710958576936
148 2.3684180777085135
149 2.6555024060698624
150 2.4610064496060398
151 2.3571133058201537
152 2.5007306854844957
153 2.340791495740959
154 2.2929265487034036
155 1.9262634202663516
156 2.051061470752251
157 2.008535248507655
158 2.3952935586712707
159 2.679364545260043
160 2.625534657070439
161 2.6429959416610798
162 2.6159953377635894
163 2.4902963108168192
164 2.46337289076447
165 2.5178672078192923
166 2.37064888415525
167 2.326210446424375
168 2.5593071815850723
169 2.0722068718617304
170 2.61356066169127
171 2.5565069567962935
172 2.6240602579166596
173 2.5764563432662997
174 2.484151164141873
175 2.3227764596686025
176 2.2949909629643597
177 2.1029119232006828
178 1.8672712329492014
179 1.7739497441968721
180 1.9130131293855859
181 1.8564320808354493
182 1.8401171189534924
183 2.4431955009879953
184 2.405868293850197
185 2.379054841753409
186 2.155478776203614
187 2.6578994136875744
188 2.4164608884924696
189 1.6597198211919117
190 2.4870883697292108
191 2.3253916363837583
192 2.503438208538042
193 2.0907401034054307
194 2.6291154848451015
195 2.304018778150021
196 2.2703376540582583
197 1.7211156888629793
198 1.4688653868619124
199 1.2863361943925873
200 1.6089281743529178
201 1.6887803825262997
202 2.361384963126977
203 2.4333724090313096
204 2.6283459412141044
205 1.7200954908581543
206 1.8067673419796841
207 1.8157298694668627
208 1.6670260128258145
209 1.7012942678312295
210 1.5905883058245862
211 1.1472719132967493
212 1.2645678777602363
213 1.1098325820968222
214 0.9027909722947279
215 0.9270313278800932
216 0.7044983028975786
217 0.7664447559610124
218 1.0236418654925585
219 0.7516028696463767
220 2.6600643025417003
221 2.617270266789217
222 2.6176206043545807
223 2.7636766294556203
224 2.8123866498292958
225 2.029800288223027
226 1.9449265863726182
227 1.9192715890072514
228 1.8710036445088911
229 1.6293573777064396
230 2.0051776791991722
231 2.632043496645366
232 2.5590952958371624
233 2.1299211559909854
234 2.6048572020597023
235 2.5747560123657465
236 2.5549085326609084
237 2.658941259836585
238 2.5607890617613966
239 2.4533745822580935
240 1.817237446424314
241 1.6863701499911727
242 1.8189500906694211
243 1.6367327341123987
244 1.5317508940957092
245 1.4949808204490334
246 2.6793693278666164
247 2.628197578200548
248 1.940775018911662
249 2.395307639379227
250 2.2647275480190405
251 2.780032135005156
252 2.4420182937669064
253 2.574267260771495
254 1.5988889054553603
255 1.3122522838358552
256 1.5605020670613956
257 1.4748811453476485
258 1.4704155402080108
259 1.7492872642307304
260 1.9352443086883668
261 2.141110482885159
262 2.0784640449565224
263 1.9236751987903271
264 1.82297735031653
265 1.6985615661640057
266 1.9287781052215998
267 1.613922835937223
268 2.0815185669267153
269 1.5314006135637652
270 0.7763806472378959
271 1.2474150984350625
272 1.465880797902884
273 0.9161251941946765
274 0.7840159854212341
275 1.6697004513574432
276 2.1197474187010963
277 1.9720438833178031
278 2.028310366555481
279 1.9378185071831449
280 2.5876394013386204
281 2.4429138506310526
282 2.6235276143114628
283 2.733307495967141
284 2.3859018047966822
285 1.068135097521357
286 1.474395668940404
287 1.1987991203297628
288 1.1615676105792505
289 2.0039331299431646
290 1.9478874908829784
291 2.2482223297167154
292 2.0054085082356314
293 2.640445017510281
294 2.1892545978956077
295 2.362908112293419
296 2.4032867869267487
297 1.9384995041922342
298 1.8605437523652393
299 1.9809706286313826
300 1.8471898162399119
301 1.9994003257806554
302 2.1106468445021163
303 2.066425194783586
304 1.9324451572997174
305 1.6227447524444178
306 1.768617868557779
307 1.540587753336737
308 1.1872969859899647
309 1.3345331923537147
310 0.5873241602926278
311 0.8887208553653699
312 1.0825220734282106
313 1.230286579916732
314 1.0795072698704853
315 1.8284494747371487
316 1.769207677043605
317 1.9560006029476833
318 1.979831996683015
319 2.0877098894387314
320 2.793863208477185
321 2.3371113973912743
322 2.73907947187893
323 2.5196059866597373
324 2.3824506269247685
325 0.8460420973286196
326 0.7482172133038621
327 0.7588894505680801
328 1.047004892598743
329 1.6339763522540962
330 1.458716551740109
331 1.5081316313385094
332 1.8185926866863635
333 1.835143672111403
334 2.397366199437808
335 1.766361347136937
336 2.7941624655916084
337 2.3586461240043084
338 1.3974764443491865
339 1.0927414572193408
340 1.450955662964288
341 1.2928942252758002
342 1.2708152556450965
343 1.2687970402099356
344 1.358998546971369
345 1.0830651478538045
346 1.0586359358568576
347 2.072203471623469
348 2.0839798677224195
349 2.046308644908496
350 1.728446277745828
351 2.0291114456347312
352 2.3334172069920474
353 1.5423800460144057
354 1.9918142684908775
355 2.5397510821199694
356 1.8664359815211293
357 1.8657932637394938
358 1.740672753863629
359 1.3201826078253553
360 1.028273567152361
361 1.3634877864662194
362 1.1922309315815458
363 1.4995683234566286
364 1.6375018757706756
365 0.9442916411703834
366 1.1873674276351844
367 0.8630561408315003
368 0.7442744160990151
369 0.9310547915801207
370 1.1569366610115823
371 1.5758940964757064
372 1.4568267923281573
373 1.5551531174704871
374 1.957903342567025
375 2.0975516814671264
376 2.2649434602282335
377 2.49240076713061
378 2.0263474866131403
379 2.0014689681650077
380 2.3054962675327957
381 2.4609837460538957
382 2.581567558436746
383 2.214626821146816
384 2.164946280921684
385 2.171886747127339
386 1.5689434895517453
387 1.515761046801573
388 1.4737475001188
389 1.4889194214239327
390 2.067457178771625
391 2.047537585736082
392 2.1774748569737983
393 1.855610449633983
394 1.8576052680505377
395 2.289619059051061
396 2.0015660355629366
397 1.0287914502084425
398 2.108486954550383
399 1.6632766110691057
400 1.7615640873461298
401 1.4215429738863001
402 1.9146244145474667
403 2.195985825770911
404 1.9150489957514245
405 1.7764473774477794
406 1.8198560846882517
407 1.923487394101508
408 2.402657059779832
409 1.649907865468597
410 1.5464890680029595
411 1.6767731941430974
412 2.3622194814044577
413 1.947223637200871
414 1.6532849729331534
415 1.8675189369061553
416 2.0932794333149047
417 1.975835394841904
418 1.44485916298702
419 0.935318039349315
420 0.8915810755718595
421 1.450784254115609
422 1.46185632154772
423 1.4907844252751707
424 1.5390814222895863
425 1.8483803554641032
426 1.4791481520212584
427 1.416403208216166
428 2.2608223051374683
429 1.245612947201503
430 1.4493151396324748
431 1.3562725681408563
432 1.6748072789060828
433 2.0002774867646047
434 2.1628626056029363
435 1.841592055817983
436 2.054323898119972
437 1.8791731349846572
438 2.1494453482263536
439 1.6254473232654867
440 1.8729854968470898
441 1.7587379073660445
442 1.9308856207953098
443 1.0772119926956294
444 1.7111034048426135
445 1.4204793929010344
446 1.8000153436207929
447 1.474388879192612
448 1.6443104533676416
449 1.851725079249103
450 1.8088294716463933
451 1.8458067580450164
452 0.9525358811697865
453 1.1704106405869452
454 1.0617104273725895
455 1.1815560648570762
456 1.1728625906877963
457 0.9687528917322226
458 0.982818817036432
459 0.630804178921332
460 0.9562086958910474
461 1.0345114223402887
462 1.7932082989182978
463 1.799964870447672
464 1.431424708243219
465 1.6222124991528046
466 1.5767073118168118
467 1.8085971661288769
468 1.54882298077878
469 1.6119019703871844
470 1.5747097060898403
471 1.5633381006243174
472 1.6378005564825004
473 1.9114534179707168
474 1.9281839893270987
475 1.7920820578266672
476 1.3888130506588454
477 1.9533818100885307
478 1.114946162523926
479 1.2138567224315295
480 1.0063571445823025
481 1.0276890599492785
482 1.603703591975047
483 1.3673479678217535
484 1.395684981052443
485 1.3231073764206778
486 1.797991139505304
487 1.8818103013233398
488 1.7892982677111178
489 1.8890910560193408
490 1.8641714286453364
491 1.3597467507887564
492 0.9369563049500818
493 1.2860714191955611
494 1.0737064020916203
495 1.1626386544589158
496 1.4986375310123974
497 1.3007482482109411
498 1.6984400762822771
499 1.3168657826463177
500 1.4566022708280024
501 1.6347812551226661
502 1.5834794296534476
503 1.4810588903461084
504 1.4802345302059625
505 0.8928973952401784
506 1.3611578546576149
507 1.0409687238038026
508 0.8940030486016077
509 1.3949901965130067
510 0.9686584660852207
511 0.844119257396576
512 0.870906697557203
513 2.2158755654519124
514 1.633332952326803
515 1.3859418900640705
516 1.3363435369606482
517 1.0261826600594008
518 0.9194929698220173
519 0.8987124122170974
520 1.0284960986364446
521 1.207001164072264
522 0.9237686591155132
523 1.1893681155461213
524 1.3154038025236348
525 1.4327842231417098
526 1.505685852622118
527 1.193160299846483
528 1.4935492036697302
529 0.7368701676438072
530 1.0767250252796217
531 1.1697859829821824
532 0.8317710495133495
533 0.9206228266969467
534 1.413908808127701
535 0.7245666326414192
536 0.9096472192297049
537 0.5689728241839143
538 0.7880399758972371
539 1.0044522019230055
540 1.2276874591739926
541 1.4384336283218633
542 0.9747946905794869
543 1.0234511894913392
544 1.1330350112722587
545 0.812605228877104
546 0.7365143968324974
547 0.5878547686074707
548 0.4222600091484543
549 0.9340808608833615
550 1.2715612852574831
551 0.8698706814572283
552 0.8718335375944839
553 0.880555702023132
554 0.720428025939571
555 0.6664485752173013
556 0.8429545533683762
557 0.7469613560426717
558 0.7308205537538706
559 0.9387686960871562
560 0.911655942699816
561 0.6889775188757729
562 0.8560497536650666
563 1.4385461904507588
564 0.9836061023680509
565 0.7957570306548214
566 0.8729494759720279
567 0.9310568053791544
568 0.781622716512385
569 0.7086334529190177
570 0.7394535574877752
571 0.8756626730319216
572 0.9678122878272427
573 1.4124790040284236
574 0.9605981528140316
575 1.0163039514028251
576 0.9383280926135364
577 0.8725666601416242
578 0.9782691112891942
579 0.7894895324871236
580 0.7756838485522093
581 0.4697724921176989
582 0.7467432388328443
583 0.5783302856165597
584 0.6370094902677212
585 0.5649392612417168
586 0.8834878118475018
587 0.48091893461917024
588 0.3271123606437738
589 0.7555343904144722
590 0.43869624749652475
591 1.578143482969433
592 1.5156981873148325
593 1.4024325229824488
594 0.971680969331317
595 1.7569993669098005
596 2.118477397843524
597 2.0673146467134806
598 1.9190414308675217
599 2.105827012868636
600 2.1450784944879486
601 2.0140398431894333
602 2.523393804333185
603 2.312750634926283
604 2.598641302789407
605 2.6091661751484514
606 2.6760635547891694
607 2.6806665063193003
608 2.3603379835490466
609 2.4920898035029597
610 2.517053930244818
611 2.6941422553253713
612 2.685339524987724
613 2.6181125425422733
614 2.7876628697833796
615 2.58339931401727
616 1.893129689742171
617 2.0924848672780714
618 2.1417771827825773
619 2.534419259890118
620 2.544875677652654
621 2.2895724179249037
622 2.1921065989726314
623 2.464017763428931
624 2.5819848565588206
625 2.0355446979387573
626 1.3958982607252053
627 1.7933192996560707
628 2.4277547284083516
629 1.964626549903826
630 1.8979993690548673
631 2.0998020629987564
632 2.1187048555831134
633 2.0543062134003405
634 1.6161255365512621
635 1.823668942964648
636 1.822063022710556
637 1.761181029085665
638 1.9826250653742559
639 1.3267165060874506
640 1.372278428685716
641 1.2580533454434497
642 1.388192951329689
643 0.7381341513514553
644 1.2226186890638002
645 1.5538016245782487
646 1.3243082987732557
647 1.5909184004613373
648 1.2354483782390917
649 1.459770644836361
650 1.3937572505871645
651 1.2318395062991958
652 2.3149653748647756
653 2.1485951666555425
654 1.6866675000453548
655 1.9826955422356707
656 0.699016580308906
657 1.3999447334771564
658 0.8837616005001936
659 0.8557847460957425
660 1.4288230971859899
661 1.420208694070309
662 1.4181492857982185
663 0.8340050248420745
664 1.349253293814257
665 1.390538279879741
666 1.0166028886243201
667 1.2447567938472797
668 1.1275114456374888
669 1.4422256838780982
670 0.8910048471802954
671 2.068913177904537
672 2.4492537349073715
673 2.4596529468461967
674 2.4326119678207636
675 0.45173717326334856
676 0.5724683482206174
677 0.5464801410591771
678 0.5308428772970657
679 1.8784519595681446
680 1.7916800274093139
681 2.0472788156102424
682 1.6582407289111962
683 1.1641841603616554
684 1.4728923553959097
685 1.662859840714265
686 1.4454479864611403
687 1.1200236862970179
688 1.377215169408045
689 1.2121511682881252
690 1.0349883463792373
691 1.1579952068696713
692 0.9137939037328257
693 0.5667687784959952
694 1.1505626138652976
695 2.4678330628551026
696 2.4770132139064485
697 2.4879325186231847
698 2.589919086772694
699 2.3860228541241835
700 2.4722042170233722
701 1.7402008022234192
702 1.6868476875640623
703 2.0558427232494974
704 2.0552469702041813
705 1.371988021015222
706 0.898545232654175
707 0.9163726560519756
708 1.566071073462002
709 1.00415149774099
710 0.7272774185089449
711 0.8588000684367315
712 1.0734816333696167
713 1.2349386886359757
714 1.2169976916719107
715 1.1405626753317557
716 1.159556581435923
717 1.325784427838299
718 1.1237103404745725
719 1.602037671304939
720 1.2618606702675135
721 1.4033933134670695
722 2.389506779888878
723 1.739844569823355
724 1.4881324949263743
725 1.9757281308237302
726 1.8385803212522667
727 1.261554445596415
728 1.2054854355930993
729 1.6451038181811128
730 2.0148446839039043
731 0.682285736029046
732 0.532020751756866
733 0.593660171683045
734 0.5710482743166707
735 0.41837174169521735
736 0.5519479152364895
737 0.5637266593565922
738 0.5848302954678606
739 2.3395546139276284
740 2.569499809648409
741 2.7687252723903066
742 2.4875163039262715
743 2.502604743913894
744 2.2884429319723605
745 0.4202084972742759
746 0.43078657215699173
747 0.7854376422582782
748 0.4035475990002646
749 1.188040267434725
750 0.939516476956215
751 0.7227273918640589
752 0.9142549327862772
753 1.2813446039301981
754 1.8218538078178899
755 1.5170263084463569
756 1.3876139264301335
757 1.0396185631666515
758 1.0593670611374435
759 1.4946872532251199
760 2.111815668483561
761 2.007456896149021
762 2.1790504881063715
763 2.0168473279532764
764 0.8316308991254355
765 0.5400326954696097
766 0.8558829638748808
767 0.6674857335602028
768 1.0480948185552355
769 1.8210817660251113
770 1.6428964226942357
771 1.641338272511261
772 1.4880723958388955
773 1.9126857819509917
774 1.9240604769251117
775 2.278258693787881
776 1.8863760857386263
777 0.8384873440718512
778 0.739530644666966
779 0.7390240733379018
780 0.9577828073028019
781 0.6649603242422117
782 0.8428773331154349
783 0.9471360115125315
784 1.1310055796298584
785 1.0127113571575586
786 1.1486332776286905
787 1.1703741956724345
788 0.8627854349880302
789 1.0546635931674797
790 0.9913817203166675
791 1.1754045695957593
792 1.10126251354388
793 1.0105955887533145
794 0.8551341741867737
795 1.7934122420858913
796 1.692235549970502
797 0.9594903371100727
798 1.2614321262729438
799 1.3657394414490713
800 0.9652455400921778
801 0.6504790290727201
802 1.6665215812267944
803 1.5095850707389507
804 1.5172516271645098
805 1.3968615520769594
806 1.6704152862953232
807 1.0851743764122521
808 1.2629206606346899
809 1.9988943412666114
810 0.85770540125866
811 0.6840126510706956
812 0.970015201517652
813 1.4784362583250767
814 0.8606073801587372
815 1.0880167469767401
816 1.220470866049681
817 1.05016539821543
818 1.273760090857358
819 1.2408650194470854
820 1.3061409168768505
821 1.0860679860206004
822 1.295580106542341
823 1.1189540624730803
824 1.1248753299472545
825 1.4336414428356612
826 1.296643165363644
827 2.0090128223099075
828 1.7327084614428319
829 1.3259472547655342
830 1.7584647592078717
831 1.938732317521716
832 1.9070395645637663
833 1.4085376002148209
834 0.6697112001828656
835 0.34245726311282154
836 0.3333924311518538
837 0.573086305457635
838 0.6251023814489933
839 0.1961239778607449
840 0.3847523240318919
841 0.25464695606739807
842 0.32115784485801413
843 0.2747656335980042
844 0.17829610514303826
845 0.2162372237322761
846 0.4056586308300908
847 0.3370604929970478
848 0.4046692120890649
849 0.42785113765923316
850 0.4355706758600334
851 0.25536239312492826
852 0.5364068228050565
853 0.33503031501682834
854 0.6204912597674823
855 0.5059257555150205
856 0.38630857073532965
857 0.3636454802945204
858 0.3359659844438875
859 0.8338775933975576
860 1.0088446677213818
861 0.5621316585383189
862 0.8426271208422527
863 0.8521685320537591
864 0.3492992212062272
865 0.5107896075511265
866 0.1102425489053011
867 0.34283956103975416
868 0.17790588355248765
869 0.2821293536686583
870 0.2764643152467743
871 0.1582213608916788
872 0.08133127475592188
873 0.12583393955133007
874 0.6523837485560635
875 0.5186809516734826
876 0.44065986734088836
877 0.9029306170996545
878 1.1313678233297222
879 1.5887136395814607
880 1.576187418807017
881 1.6486104003419497
882 1.1996633277484232
883 1.7354994287921157
884 1.3413979100932563
885 1.5914089427995823
886 1.5905803785712322
887 0.21246263355525907
888 0.2760054452891182
889 0.4405600239147289
890 0.20117233849316823
891 0.7120483050564657
892 1.1521528003731292
893 0.6792057517568686
894 1.2547991177812352
895 0.574963695480533
896 0.13050242233738796
897 0.204187273813292
898 0.162399000943541
899 0.1889074085025858
900 0.2370069985421931
901 1.3544410240454816
902 0.9208230938175475
903 1.8002510400599083
904 1.0591633020614095
905 0.4202942563127703
906 0.40364232157260804
907 0.2954220867641551
908 0.3285531301355765
909 0.5106845253730243
910 0.4124611849174731
911 0.44635491433536406
912 0.698183665302925
913 0.9292761201269629
914 1.5969787205290056
915 1.1803431721261572
916 0.5645997037567383
917 0.6154090420079834
918 0.49644703761844544
919 0.2670738385842285
920 0.26351008457701197
921 0.2351167469138227
922 0.2992036120869115
923 0.20402387129408522
924 0.19940157002467046
925 0.713078668882871
926 0.5320755237995256
927 0.6338308852351405
928 0.66655101271749
929 0.5451831804206139
930 0.22314783865019933
931 0.32495373544138506
932 0.2906857643674583
933 0.10477347792445589
934 0.25610637865941793
935 0.1662493387047504
936 0.8781202973933584
937 0.8767056502233435
938 1.0900307973801435
939 0.5017374713021253
940 0.4274694809346482
941 0.39722411707628325
942 0.28140526759498374
943 0.3915223828781491
944 0.3014527117689205
945 0.14838804848544232
946 0.2088530002237487
947 0.1853610977175802
948 0.20971076038669545
949 0.42207510273694615
950 0.40931615224188456
951 0.49190016706684214
952 0.376665403209969
953 0.3365143350426564
954 0.776832947167756
955 1.1119090970278123
956 1.131614992183478
957 0.9184849019861961
958 0.7317753640427509
959 0.37477469774965744
960 0.20554866590623544
961 0.2619915019812422
962 0.375238912936286
963 0.31235708902919235
964 0.3307246196340077
965 0.3147053883764117
966 0.10249169596331523
967 0.3009967195365154
968 0.07187020998535645
969 0.2942781785830862
970 0.2886878765482971
971 0.2906726820897394
972 0.7098048619732618
973 0.7660094731438762
974 0.8907438214208361
975 0.6859271428510236
976 0.42822256925973834
977 0.674540033782235
978 0.3404523068553508
979 0.6587118119426056
980 1.1230315449580663
981 1.0310653168452066
982 0.4535633983997611
983 0.33617943753497703
984 0.9069761904618677
985 0.7071407898821825
986 0.7218739397091387
987 0.6795050290744327
988 0.7113633417739262
989 0.7394596731014638
990 0.5310356141449555
991 0.2698938459811287
992 0.28115400413449854
993 0.4964674936935657
994 0.5849350280700103
995 0.662599466597523
996 0.31816178067695877
997 0.38132521340687037
998 0.4189869475935465
999 0.37104648939314216
1000 0.7441618077628465
1001 0.5719814768657289
1002 0.5616058201952789
1003 0.5835342094925136
1004 0.5323335319748148
1005 1.308864284949035
1006 0.960033710229869
1007 0.4246770000928818
1008 0.1316163743304033
1009 0.283906939829682
1010 0.2829334339982705
1011 0.2593593127908356
1012 0.8663954429535159
1013 1.3056731386907683
1014 0.5308939699595897
1015 0.326973721213919
1016 0.528223898867279
1017 0.44739973861140264
1018 0.4215396845589336
1019 0.6142114438994547
1020 0.7196002203685947
1021 0.5771372546643447
1022 0.3646980016122921
1023 0.22098627251779235
1024 0.29122129393125606
1025 0.48399982595517965
1026 0.4428254491744505
1027 0.24184816430125444
1028 0.6144525804044338
1029 0.4060005700123762
1030 0.22467884780541264
1031 0.2983935072662042
1032 0.4313730144319129
1033 0.3359473657955534
1034 0.42556186717258815
1035 0.7107774148134478
1036 0.9914098507373355
1037 0.7603262639204853
1038 0.9044328650084973
1039 0.9396829529705082
1040 1.5271093083627785
1041 0.6953147342131483
1042 1.0396436007839511
1043 1.7912681866992368
1044 0.5223919774127301
1045 0.41768609390590083
1046 0.7702721804500816
1047 0.928426935923016
1048 0.975799826602644
1049 0.5559425698146713
1050 0.6451300599266816
1051 0.5774310733407302
1052 0.6570134114194299
1053 1.1689333204084658
1054 1.0576480452810197
1055 0.6329551678147669
1056 0.6650433867346283
1057 1.249982248550383
1058 1.1943305904502246
1059 1.3910808352722235
1060 1.2466326052446008
1061 0.6271900671117707
1062 0.4848748292946592
1063 0.47611017328897287
1064 0.8615050154174211
1065 0.7802706040223877
1066 0.45589682453841823
1067 0.4905565701890635
1068 0.5543302101063501
1069 1.8070273865196929
1070 0.8898344675609395
1071 0.8117875088299922
1072 0.8000293021072102
1073 1.5046944961653224
1074 1.4433150715919902
1075 1.648225838336697
1076 1.7914324450293861
1077 1.2527896194981751
1078 1.1119409726189566
1079 1.638851169913855
1080 1.3455221439003817
1081 1.3493262444538268
1082 1.2820286996071406
1083 1.7336246454748974
1084 1.7465547939120842
1085 1.1153074375067495
1086 0.9282256740841232
1087 1.0520594609171654
1088 1.7054115338950133
1089 0.46300802853064804
1090 0.6609216484767074
1091 0.7046735235743087
1092 0.6859743118028816
1093 0.9153453825339926
1094 1.334809866945083
1095 1.8709210410663308
1096 0.9733115843602661
1097 0.8106098202351986
1098 1.6644989025883854
1099 0.8202478527784569
1100 1.4241604862622153
1101 1.3255398121744117
1102 1.1555109039189282
1103 1.575533857284436
1104 1.809081059265744
1105 1.6005549754016442
1106 1.4767712342207489
1107 1.8309031591459366
1108 1.745110633081936
1109 1.9381068268449917
1110 1.5961023000324086
1111 2.1528912501732607
1112 1.1293144170072946
1113 1.7689863736453617
1114 2.076761287133867
1115 2.2346661615274925
1116 1.9214917785541514
1117 1.9652883019149014
1118 2.325591290167327
1119 1.7479731815860156
1120 2.1873337552256524
1121 2.199893057397846
1122 2.397080088134349
1123 1.8343932379623442
1124 1.7385409619783103
1125 1.6610637082662603
1126 1.7673992311443505
1127 1.7768634234726113
1128 0.6476653079695545
1129 0.6401024066027482
1130 1.314125288097056
1131 0.4937820742467633
1132 1.083743101145882
1133 0.740003641198647
1134 1.009576245655516
1135 2.0619692788609862
1136 2.1889745475986575
1137 2.0269104455397127
1138 2.19295774385579
1139 2.0538093152382007
1140 1.9390567088093036
1141 2.462498741506373
1142 1.9090172097305422
1143 1.9566397545764282
1144 1.7950581772415446
1145 1.934462517371378
1146 0.7121151665727885
1147 0.4974049322292382
1148 0.5769932155909367
1149 0.6889780537759123
1150 2.5087357537818296
1151 2.32397615506706
1152 2.4439005341915756
1153 2.74413924139431
1154 2.5489861926758506
1155 2.8033655008118847
1156 1.212971285846201
1157 1.4129711811142234
1158 0.6765680613138368
1159 1.0781767182051358
1160 2.279836173049681
1161 2.2861282578624293
1162 1.8033799938662642
1163 2.3023854364493905
1164 2.3609564105848477
1165 0.5484009745992574
1166 0.4775548945343192
1167 0.67247839616422
1168 0.5013947802244381
1169 1.1860754467947197
1170 1.3888780251857433
1171 1.281616835746104
1172 1.6903497025441112
1173 1.2135326796251722
1174 0.9920896158066088
1175 1.602448777637587
1176 1.4851337977858479
1177 1.9454937012799824
1178 1.431729415993877
1179 0.9325816212732752
1180 1.24220375957407
1181 0.996540143538901
1182 1.5430583741293762
1183 1.2652993181596048
1184 0.6458268620798212
1185 0.6028956181385458
1186 0.6614240806943144
1187 0.9866153386915536
1188 1.1922646945726796
1189 1.8244693849011369
1190 1.3046873585099676
1191 1.2683920434098548
1192 1.1762360405292505
1193 1.4730571399511543
1194 1.878373604981969
1195 1.768390432009555
1196 0.9866510042365557
1197 0.928893735756745
1198 1.076304069608739
1199 0.7824222923850628
1200 0.37879773927797294
1201 0.7069908542274168
1202 1.2135461096409286
1203 1.186268239164043
1204 1.2356421935445563
1205 1.4269852371691205
1206 0.8805339152766123
1207 1.0655335408534523
1208 1.1216515747964801
1209 0.9761145067878538
1210 1.0391095667576868
1211 0.5249502008451206
1212 0.3673402029700711
1213 0.8882516153934719
1214 0.36198417910922304
1215 1.139577866936425
1216 1.0327263441344168
1217 1.3316495376119848
1218 0.9859419758438102
1219 1.5128364125893068
1220 1.0311542413955896
1221 0.6790898465254738
1222 0.635413973247255
1223 0.548551313887171
1224 0.6777094214416212
1225 0.7044802112855032
1226 0.6308977487392244
1227 0.5937990161292169
1228 0.6513200673043575
1229 0.4260082251877789
1230 0.322081063354276
1231 0.30422858704289674
1232 0.41295398017364293
1233 0.638599329095312
1234 0.609756334076801
1235 0.624512669391607
1236 0.6138432030623591
1237 0.5036260589519638
1238 0.8169006683807576
1239 0.6751612761789577
1240 0.4859833375750582
1241 0.6046139058878269
1242 0.6946674956101883
1243 0.4532822554118733
1244 0.6912078485845342
1245 0.5940120615659721
1246 0.7108498720122738
1247 0.6987386426561097
1248 0.618845993748572
1249 0.6418016887854694
1250 0.5874151409917117
1251 0.4934270035800908
1252 0.6055463027473899
1253 0.6577964186767444
1254 0.6073782413378381
1255 0.48520946048667474
1256 0.7669793556305377
1257 0.7081675300942135
1258 0.5192024593943173
1259 0.7052611755767841
1260 0.83280625216522
1261 1.23556264530166
1262 1.0246599293508778
1263 1.0130886108814543
1264 0.7078143909155604
1265 0.90008558993134
1266 0.6909475889181582
1267 0.8374756773872976
1268 0.6578829744158899
1269 0.5964427535549197
1270 0.8076947130009412
1271 0.8509357793333923
1272 0.8350061196602281
1273 0.8180069279527575
1274 1.0939451388417358
1275 1.086808388025692
1276 0.7843193470406464
1277 1.1269008298255794
1278 0.8575902566146981
1279 1.0033843448841981
1280 1.2059719575371948
1281 0.7435451719045072
1282 0.7698396952920831
1283 0.9948333507013423
1284 1.0805668252410963
1285 0.9131857350489236
1286 0.8657842026187771
1287 1.0167001955887454
1288 0.9888376919932675
1289 1.0644941548178255
1290 1.1305641132893016
1291 1.1760384027896644
1292 1.0641037101167399
1293 0.580969517992636
1294 0.40363314638783926
1295 0.38915745456088896
1296 0.35869532472794957
1297 1.0129519557013786
1298 0.7838135395359265
1299 1.0284356920054587
1300 1.037672331001235
1301 1.1652020149648166
1302 1.06414773882801
1303 1.1947421499890178
1304 0.85093125453335
1305 1.0874749279092373
1306 0.8671956903663143
1307 0.6113126178768779
1308 0.6790491476822511
1309 0.41373151748403536
1310 0.6329231090795
1311 1.146356727658179
1312 0.9095104865666661
1313 0.9881032434215147
1314 0.7121870578640803
1315 0.7707515815813414
1316 0.7455349902082022
1317 0.5850348207841077
1318 0.6664295204851944
1319 0.3783140457480395
1320 0.7605805758940233
1321 0.7853148367119671
1322 0.6956918262542204
1323 0.9455894896532822
1324 0.5376859082130281
1325 0.5159818866925416
1326 0.3811285731909917
1327 0.5167893643106711
1328 0.4501857360375391
1329 0.3909741467131805
1330 0.48452702675766934
1331 0.45089793191096583
1332 0.7076447488595282
1333 0.2735374023504499
1334 0.4357487590195589
1335 1.0797512966897267
1336 0.7291682377980795
1337 1.235364478652563
1338 1.1071753935816175
1339 0.3580494538376172
1340 0.483999125659552
1341 0.5117593562497353
1342 0.5120741280325697
1343 0.5347826359466292
1344 0.47242050423001286
1345 0.4175743514561395
1346 0.8008862085601834
1347 0.47081227253902846
1348 0.38048656859339947
1349 1.0590742285799353
1350 0.9963860916619338
1351 0.643935988327435
1352 0.9791288822267226
1353 0.7827487085989036
1354 1.234591051150879
1355 0.30965569040680047
1356 0.2969296993282018
1357 0.5945332611298361
1358 0.264404579108673
1359 0.3039124174886698
1360 0.3456957167110198
1361 0.2664030021945649
1362 0.39730373645785966
1363 0.2222726444767733
1364 0.3074993407404979
1365 0.20957795913060265
1366 0.18838151382690183
1367 0.5030897752666751
1368 0.47753586240698254
1369 0.43536856515096356
1370 0.46460823566254555
1371 0.2589257447489809
1372 0.25332632660796855
1373 0.26296730867831347
1374 0.29473693421260355
1375 0.282496459128021
1376 0.38869527021218997
1377 0.334920445484757
1378 0.2048442805407209
1379 0.5133455677189185
1380 0.28146098344210063
1381 0.2170999123525674
1382 0.3525940032218337
1383 0.245258087122023
1384 0.33998263296981546
1385 0.44010113322649436
1386 0.34078409381941216
1387 0.38161283133944335
1388 0.35566380082513804
1389 0.24262393696930018
1390 0.269119201225405
1391 0.3612668384880934
1392 0.31023117055415367
1393 1.3059672908664612
1394 0.5285980407648349
1395 0.3133618863198145
1396 0.31493348295542756
1397 0.739735944533849
1398 0.48373125195943856
1399 0.6706807634230163
1400 0.4776864935619346
1401 0.4859667597541294
1402 0.37667328528076605
1403 0.40800670604794675
1404 0.3577483398892571
1405 0.6411206576146515
1406 0.731740833685263
1407 0.6888104180523756
1408 0.7297402728990318
1409 0.9216472618091758
1410 0.2694482994858473
1411 0.45745016027311736
1412 0.5114364378149223
1413 0.45865469728426345
1414 0.3435052581529725
1415 0.43123395113936414
1416 0.5512240947536058
1417 0.5416182087011182
1418 0.4595270072411862
1419 0.7826731489082175
1420 0.5765115253181186
1421 0.41470813368331516
1422 0.33380118368683614
1423 0.3174275972673628
1424 1.1408495603164712
1425 1.7615295061520118
1426 2.1311916512641194
1427 0.566735460994239
1428 0.8588183989881298
1429 0.30013791666236755
1430 0.5591243625974498
1431 0.708827902905404
1432 0.8056855273585333
1433 0.41476963498771047
1434 0.4102878061108975
1435 0.687057311640275
1436 1.1845735728364128
1437 1.6430116139595836
1438 0.3643114217750812
1439 0.32349632589332
1440 0.45646081295814567
1441 0.5503862473213819
1442 0.46744135866214626
1443 0.573120660338432
1444 0.6964711008678217
1445 0.7416341229695603
1446 0.6284740347913159
1447 0.6855177801560383
1448 0.8987599910711704
1449 1.2315549679581577
1450 1.593461129115199
1451 1.307566087553075
1452 1.7991742986106556
1453 0.7126321754490864
1454 1.2563944775391653
1455 0.9628596943750414
1456 0.7014532146894685
1457 0.79367004308595
1458 1.711702267650883
1459 1.6555587292437333
1460 1.8441084540364874
1461 1.9481333379385983
1462 1.1367239763608468
1463 1.1525972163033327
1464 1.4021782219539187
1465 1.2013910654846998
1466 0.8545970822551126
1467 0.5104086848721701
1468 0.6772406626089613
1469 0.6490261113319015
1470 1.5828436543105897
1471 1.8191257803878866
1472 1.646923986130691
1473 1.637748843997332
1474 1.7697673352834637
1475 2.059563118069334
1476 2.25637715455368
1477 2.0397072078049927
1478 1.72479094719028
1479 1.6174305336682053
1480 2.085385804761538
1481 2.082978890898186
1482 2.0516513732054515
1483 1.9811661773930922
1484 0.6394043500492077
1485 1.0503012612083698
1486 0.7418141394201085
1487 0.7073493610389023
1488 0.9810531999796561
1489 1.906666271503467
1490 1.1796754852041058
1491 1.7850261986996885
1492 2.1208733100154014
1493 2.0820692702344226
1494 1.9178787795139072
1495 1.984932707908506
1496 2.024842407595422
1497 1.8005747726391337
1498 1.4918872934922698
1499 1.7010573131163245
1500 1.4120063241474445
1501 1.4857268525210061
1502 0.9335388476668407
1503 1.2991263775028554
1504 1.3421069954567726
1505 0.7887332819510173
1506 1.5240444021375135
1507 1.4105363790374275
1508 1.9370845271910797
1509 1.6375395196935587
1510 0.6887765516819324
1511 0.8584676425245414
1512 0.8995750698687981
1513 0.673345791129015
1514 0.5463657109560776
1515 1.1219758749559758
1516 0.30215750958587106
1517 0.5024752353602263
1518 1.0051138967557345
1519 0.5173469449682903
1520 0.4839653801140454
1521 0.6912002369944474
1522 1.3020259758162238
1523 0.49783742043096135
1524 0.38160640149856195
1525 0.785300249451973
1526 0.5232378011161674
1527 0.5532633966750315
1528 0.9509566536286911
1529 0.7994204997210621
1530 1.1216155180271676
1531 1.2136173995417783
1532 1.3917178962278098
1533 1.2881731412802369
1534 0.7294715613029032
1535 1.3414896511741254
1536 1.3907960894814373
1537 1.1100319084984729
1538 0.698366178311056
1539 0.7448344433082155
1540 1.1475970352721636
1541 0.6287832382308192
1542 0.3116037650562453
1543 0.3619656506274669
1544 0.31553389950371263
1545 0.38326385287172465
1546 1.5010148816000366
1547 1.027432750393675
1548 1.4012242990632937
1549 1.6510405490785305
1550 0.9265271933867434
1551 0.9006686805739843
1552 0.9032017677731197
1553 2.061699701242113
1554 0.7593925452407273
1555 0.8987732831749953
1556 1.2259403975753111
1557 1.068998236695177
1558 0.8055154255255201
1559 1.2017322411344489
1560 0.9941856641702934
1561 0.8915697438604155
1562 1.1969415249611228
1563 1.1794795950173775
1564 0.34879594288625476
1565 0.8953572717822161
1566 1.0836879318356474
1567 0.693645713175847
1568 0.7020944661216431
1569 2.2815002615570887
1570 1.394065877796087
1571 1.8369926298449342
1572 1.5536110093875242
1573 1.079440272574889
1574 0.7657431657226768
1575 1.7372756837812462
1576 0.9506719162170737
1577 2.5312159809643227
1578 2.382530152942689
1579 2.612263156297896
1580 2.5917159948598423
1581 1.0264541912504914
1582 0.9315922085573065
1583 0.905851047987496
1584 0.9598373086307653
1585 1.1310984551377024
1586 2.4832561562533986
1587 2.374570362962016
1588 2.7248527948766346
1589 1.2810015533937014
1590 1.642434262152482
1591 1.8303286053859122
1592 2.669990372004223
1593 2.8396874293629697
1594 2.6802674287784622
1595 2.802255938169428
1596 2.1622504431410263
1597 2.274270434015315
1598 1.759343247402231
1599 2.545213800778796
1600 1.8135914985600117
1601 1.6128547252190182
1602 1.3544296761070969
1603 1.2934098577066577
1604 1.4507966456873747
1605 1.140909907254327
1606 1.1993721280127623
1607 0.9211636406469046
1608 0.9331041180883151
1609 0.9070459982741608
1610 0.8085676617014018
1611 2.208820512556511
1612 2.200196311964358
1613 2.1607478177347277
1614 2.4647054267942305
1615 2.2272157438709668
1616 2.6561392538483717
1617 0.9166908307767726
1618 1.1508112550185463
1619 1.1745734304474817
1620 1.301888301780982
1621 1.261326176470809
1622 1.236985399161091
1623 1.0073371522961063
1624 1.2110150728483788
1625 1.064299319864246
1626 1.053355653937766
1627 1.1577298308058577
1628 0.9547294476836112
1629 1.453810434129652
1630 1.1431618145731912
1631 1.2182193083644428
1632 1.8009497071078404
1633 1.380109915964029
1634 1.0354696474854679
1635 1.3016659258166556
1636 1.2809161325827176
1637 1.3130004581565988
1638 1.4301884801719484
1639 1.2361122081911935
1640 1.198242054047153
1641 1.077011327786773
1642 1.0117290507558245
1643 0.7914939295028802
1644 0.8940124088707322
1645 0.8744986164937504
1646 2.0093650224134003
1647 1.517833022718711
1648 1.6077237541891978
1649 1.8843295993565108
1650 1.9251121864234368
1651 1.6603164242850033
1652 1.4782467219068465
1653 1.5382952409956565
1654 1.589010877681098
1655 1.5167032469007418
1656 1.0240186095039778
1657 1.1377009872731971
1658 1.0006698241040834
1659 1.2296563046639384
1660 1.472574217027094
1661 1.215668524154317
1662 1.0147220147870317
1663 0.6272141462218367
1664 0.6356212347408414
1665 0.8353288072917764
1666 0.8985634410621071
1667 0.5332940754138416
1668 0.9788487455517125
1669 0.7996489799892378
1670 1.6671653573391931
1671 0.8435021813776993
1672 2.134828628941705
1673 2.2056860706130523
1674 1.9835696259156093
1675 2.073471192477008
1676 2.072469073791669
1677 2.0165020891669148
1678 2.0230311381186934
1679 2.257560540687101
