0 0.12327665791704852
1 0.12791063312953832
2 0.08063243071214293
3 0.13186262969635862
4 0.06903080027071873
5 0.22355245812696573
6 0.14859533753374743
7 0.16991189175036334
8 0.16263958687207794
9 0.1369324810416021
10 0.11381941784317454
11 0.17103907152711267
12 0.16513219741800483
13 0.1692114833331726
14 0.2273016630919439
15 0.24197018612037025
16 0.1539716695769464
17 0.0924804558409543
18 0.0951629163755446
19 0.13280415844991694
20 0.09884189342224811
21 0.14314871492853892
22 0.2048725107720793
23 0.12640007793666316
24 0.10744093652580781
25 0.30213296643753795
26 0.22598571945831852
27 0.15393836908533423
28 0.21409547103373427
29 0.3322409004384631
30 0.16338282363887158
31 0.11729546482549874
32 0.15301463859021622
33 0.24148882846959197
34 0.11241458156472542
35 0.23256671086146283
36 0.1967885891050129
37 0.18927565913317054
38 0.21257001320822405
39 0.23361563769115307
40 0.1698548519552912
41 0.2365788355018398
42 0.24165977569388514
43 0.17716423099819775
44 0.15887852685280543
45 0.18253715139460838
46 0.1820866089554366
47 0.267998890645917
48 0.5886404886573524
49 0.26323684553777604
50 0.6674494492504
51 0.26417177961375
52 0.2407934225315656
53 0.2752140135785641
54 0.4435173685699543
55 0.2164038818901998
56 0.3367034548811315
57 0.3495577369844721
58 0.7580429480138027
59 0.32492988165230013
60 0.4849652255595227
61 0.5531724351456632
62 0.7083361390450056
63 0.484667556071334
64 0.3749318736909008
65 0.2815324041017368
66 0.24157846409691522
67 0.39559383299995093
68 0.2326447559083204
69 0.41037020146531195
70 0.42896716688503117
71 0.3445981487823849
72 0.19376295340399752
73 0.3238064776276108
74 0.3045465707834129
75 0.4890825507499094
76 0.31315920607940806
77 0.46956947680083505
78 0.17217143425290476
79 0.17404528221749704
80 0.3733265625844746
81 0.15858138464493002
82 0.1722425882964122
83 0.14104515330651923
84 0.21850107702380236
85 0.21030983928164226
86 0.214146339690797
87 0.2784967305228033
88 0.22857256415233132
89 0.23179454375519115
90 0.1324369408856852
91 0.2793232979576019
92 0.22239133500524844
93 0.26692353949477643
94 0.31617629999066027
95 0.28480501008760645
96 0.2738951284053901
97 0.32032537809761474
98 0.41064227478263593
99 0.3942018309205835
100 0.4926759141463791
101 0.2575602641554079
102 0.33243854897467506
103 0.8385778381496314
104 0.24232302517184795
105 0.4431025375764519
106 0.5433240501885587
107 0.7858120954519052
108 0.42135299309910107
109 0.6610474176454244
110 0.5294885063605868
111 0.31086242067530756
112 0.2921666113536008
113 0.27638377163278727
114 0.35362634175762653
115 0.3397488193374785
116 0.17446525285273787
117 0.25774608358145007
118 0.38775119450636636
119 0.2592461401033188
120 0.2130009802183745
121 0.3683191795203601
122 0.3858809992986953
123 0.5430109886471421
124 0.48042230632151667
125 0.3836927576492107
126 0.4184634751922056
127 0.32654933863329316
128 0.36286360203767176
129 0.4836302273957237
130 0.4946264167968999
131 0.45991361861859437
132 0.38594801063497
133 0.2308569930965825
134 0.26009983603725695
135 0.28396500317804324
136 0.25480846753035474
137 0.22419952428108977
138 0.24963713232495352
139 0.139599333467066
140 1.20560512856198
141 0.21673572258066842
142 0.2085730153718429
143 0.6078812458680594
144 0.38702538244426
145 0.3898029901240454
146 0.4219019698576987
147 0.4323355279725074
148 0.7388375791441434
149 0.47869495936851697
150 0.4420625851703082
151 0.26333875350174246
152 0.3010422427873487
153 0.26928292535322756
154 0.40372440518551733
155 0.3498747156463873
156 0.3945390382007463
157 0.1835958084040127
158 0.25717386094874783
159 0.19003561672433344
160 0.2448600244011585
161 0.3761525699464786
162 0.24443081704819566
163 0.16073475279535782
164 0.27810081936883474
165 0.46059157577129434
166 0.29493672316029557
167 0.5659039259741951
168 0.6883567042226357
169 0.5094342619998282
170 0.4134834261479464
171 0.5518716153094294
172 0.5830556885195217
173 0.5165983607069677
174 0.39202021135735454
175 0.8808026410740626
176 0.9810899595260973
177 1.2463757027036069
178 0.9515177415451478
179 0.4056803127493147
180 0.3537801487857857
181 0.3608069286025043
182 0.322131201334812
183 0.5552693980215246
184 0.720064322279256
185 0.48145232660100057
186 0.789422135942857
187 1.1291487528200113
188 0.6611000221346467
189 0.44648114762816227
190 0.539025550018354
191 0.5042304569905568
192 0.6971102828670872
193 0.4930723951938264
194 0.5624099082032007
195 0.6734624545594725
196 0.8287479175146886
197 0.7174535397004657
198 0.9257274389406784
199 0.8366905061764968
200 0.7812508631921019
201 0.6853413463100394
202 1.0630776256248622
203 1.0613581579243607
204 0.6511884891575079
205 1.2009473424824684
206 0.5416743203928986
207 0.4763448087595941
208 0.5083299014432678
209 0.6269366575267323
210 0.7295163502728707
211 0.7663414984608234
212 0.8138458058103791
213 0.9454608914456819
214 1.2020336354761347
215 0.4023771090024835
216 0.3080177276904091
217 0.3787881369996957
218 0.9595916987932458
219 1.059192895433858
220 0.8725257433244038
221 0.8431485121671766
222 0.34203666601576843
223 0.265581913629373
224 0.6232149766503372
225 0.34094228017736533
226 0.5980528088948729
227 0.778392133656522
228 0.7669651982166699
229 0.6205725852807088
230 0.5257670273759828
231 0.7270169358268086
232 0.7472159488291465
233 0.5704761585213991
234 0.7223488113201739
235 0.9339498267780345
236 0.7628705254751772
237 0.929006336335908
238 0.739707032116216
239 0.4725980939640863
240 1.0587162950041633
241 0.7659132919586608
242 0.6417600582350473
243 0.9957144034207424
244 1.180073950868187
245 1.2946877190666644
246 1.3054291929391693
247 0.3827561823367136
248 0.5966121290405564
249 0.45338745475150655
250 0.17057385013603527
251 0.445185626160583
252 0.554072101772435
253 0.8439960304416603
254 0.7965039952842126
255 0.6685076007968014
256 0.46233628508483643
257 0.6599487766957486
258 0.47444279648483967
259 0.6456382116368227
260 0.7870464663574512
261 0.6272396963262032
262 0.9864997295059564
263 1.0161913647870957
264 0.4803085012931997
265 0.6356033675217511
266 1.127663701467315
267 0.945211683826528
268 1.08001060071414
269 0.8147617453348187
270 1.188559803517748
271 1.2333324045055216
272 1.5347985347976718
273 1.3753070734501347
274 0.4981118559607756
275 0.8132742404616966
276 0.6185071462531246
277 0.7381895694867373
278 0.7810708632149072
279 0.5479866594078435
280 0.7497093419299782
281 0.46263345947760703
282 0.516877879552479
283 0.7536387111690827
284 1.505564490965377
285 1.362012727167859
286 1.0682372801596989
287 1.1723997327891233
288 1.2350240653186813
289 1.0213584943586538
290 0.8970775483432638
291 1.4279557607504896
292 1.3788120223830258
293 1.5255483413507474
294 1.4606433467499516
295 1.5200186202108141
296 1.6228898984034346
297 1.6402813159503018
298 0.6459679664197093
299 0.3155955491422925
300 0.9219240096233033
301 0.7161933872841104
302 1.550195322385495
303 0.9293470084534246
304 1.1446909422706972
305 1.4229026703889374
306 1.9959360552286487
307 2.090459398263547
308 1.7212058776482335
309 1.9947125837887634
310 1.6413263000762808
311 1.4270565914408875
312 1.4648163501749893
313 1.4252462091111862
314 1.047800454199509
315 0.9107171166331425
316 1.164088111611283
317 1.3083453371588791
318 0.6304287016719605
319 0.83939742458143
320 0.7851812286692283
321 0.9447027489633069
322 2.0190226416904586
323 1.6926803101957852
324 1.8821214168836868
325 1.552148783632234
326 2.2770648742996453
327 1.0433278396247196
328 0.9537185158025588
329 1.5413127523211543
330 0.9519277241117187
331 0.8664793442527988
332 1.2453863294933685
333 1.42096813279656
334 1.4961297612795559
335 0.7895267318316483
336 0.7979424935284608
337 0.9424301664835664
338 0.7747666582058168
339 0.861600036643646
340 1.2178382294304653
341 1.239984031414798
342 1.3278876877734735
343 0.9725498375196626
344 1.4540263333447618
345 0.5878421374073401
346 0.5060239913703837
347 0.6376144295182586
348 0.878720146459764
349 2.219401026924019
350 2.6145777429483497
351 1.9466414980504463
352 2.5159495883206526
353 0.6616191489730269
354 0.29925465745893937
355 0.6581556219519973
356 0.39913240593301935
357 2.2119890767872796
358 2.24686689305483
359 2.1356550018978044
360 2.0119242228568535
361 2.2792581625377473
362 0.606148656304526
363 0.558522149525126
364 0.6817865587523919
365 0.6559279666585083
366 1.565203972715501
367 1.8325605328048833
368 2.0730193532786214
369 2.0561841500716094
370 1.545354313965774
371 1.6514287808479666
372 1.4731999674104752
373 1.3920686736286458
374 1.4015942513749127
375 2.557401929915124
376 2.164465087778214
377 1.8139007578353774
378 1.5806383574077718
379 1.6020926195607204
380 1.7926850494995437
381 0.14984688281744507
382 0.2461155563318812
383 0.22792884363598004
384 0.15992196845105647
385 0.34515350357167407
386 0.10982500571985213
387 0.2937160097255379
388 0.19921890033952683
389 0.19294628977577255
390 0.22918430454621744
391 0.3376027081749149
392 0.4144213939099005
393 0.1260272469600937
394 0.22446146080948337
395 0.15498697420087906
396 0.28766339140775765
397 0.2229459814786062
398 0.26615019654425365
399 0.19150106414960388
400 0.24725737918555526
401 0.28329546163029584
402 0.13990569274025988
403 0.1673187042415713
404 0.1715168072536239
405 0.18612632706097335
406 0.150714834764969
407 0.13653039459349792
408 0.04292507579214471
409 0.44571406225289234
410 0.17813619397433733
411 0.1594449188022829
412 0.2242387294808052
413 0.11748022411015438
414 0.1097761747558427
415 0.2229026846963936
416 0.19343122996435402
417 0.12948865915063817
418 0.16087985271288713
419 0.112680787334492
420 0.12798446404211436
421 0.090054002789853
422 0.07163098026832831
423 0.08734530814391273
424 0.12138026216873295
425 0.113153190201047
426 0.14805188165667033
427 0.11246538576226867
428 0.20868753185334887
429 0.1278828980853642
430 0.19332945448162953
431 0.09086228234035199
432 0.19274432128885313
433 0.21587725819328438
434 0.2608771554534983
435 0.30724258075354904
436 0.1163684024097395
437 0.20955776606543508
438 0.17253732373848713
439 0.32629590889981075
440 0.09504629849051754
441 0.349577327410518
442 0.24827502441918603
443 0.2172896331109218
444 0.10966151874409197
445 0.12795326109878052
446 0.23400344995704203
447 0.3206932454953771
448 0.19494879472869936
449 0.23936164996975196
450 0.12179499623626881
451 0.18731391089485688
452 0.12975317998639066
453 0.16196771327649684
454 0.2440143687229302
455 0.2958700728167178
456 0.14306775625301238
457 0.25716209999317646
458 0.1764434040002422
459 0.19331586943422308
460 0.2996182664542304
461 0.11327415893041495
462 0.26632639266986047
463 0.0918409807572766
464 0.1519353527427697
465 0.10017887791315816
466 0.09054699186071616
467 0.3279612122778639
468 0.2205153950620326
469 0.25683466710109715
470 0.2843367496523167
471 0.26263166557161904
472 0.2894171910840688
473 0.12361474942096443
474 0.10226846312156614
475 0.16090736857201315
476 0.3159751161872733
477 0.43366383971060296
478 0.805161383740161
479 0.2890316255341694
480 0.33772431218068655
481 0.17354191618927045
482 0.27406660958409124
483 0.14041081174821873
484 0.2860010183715609
485 0.1574377156886738
486 0.19519897501032019
487 1.1839600953439944
488 1.452959028711871
489 1.2448559322313122
490 0.1465961660967121
491 0.1439585124486078
492 0.13786564625678888
493 0.17447163686018013
494 0.18679776241711324
495 0.16227953584674706
496 0.22118247300172306
497 0.15031186911503175
498 0.20124714334682997
499 0.12695512518989985
500 0.270190536576017
501 0.2681606483223206
502 0.2697344353047133
503 0.32259560108095375
504 0.2573831520588561
505 0.32015150039268736
506 0.2369617738814475
507 0.37060308269596154
508 0.24510194014440312
509 0.21341983881545634
510 0.1681542359216502
511 0.1882580644574111
512 0.17602044404156186
513 0.279412712923135
514 0.21192692824019724
515 0.16840084944589098
516 0.2142326938722805
517 0.23155105619629984
518 0.17273380433525082
519 0.17582027888743512
520 0.16126216111024758
521 0.20973830774043783
522 0.19340517720234524
523 0.4222052266552303
524 0.16780011756693722
525 0.23328892948733365
526 0.2921079373443322
527 0.4026034772167899
528 0.4033336297269916
529 0.26687644508573505
530 0.17193847576375196
531 0.20819827063576743
532 0.34637903164372585
533 0.458071182542652
534 0.3423101999092213
535 0.4011836587307577
536 0.23693391803662
537 0.4515078494982609
538 0.4970673076824408
539 0.33568168650206764
540 0.4257437634436926
541 0.3592351079661964
542 0.3130577561526757
543 0.49854273475452193
544 0.34608418628508375
545 0.3218418785205473
546 0.533592844985179
547 0.25556128069513784
548 0.4013689627904379
549 0.8140620317496109
550 0.22685860776966738
551 0.31432572420399346
552 0.2641768233670517
553 0.23934975603649758
554 0.12029701580513072
555 0.15291891834192578
556 0.12778485539071652
557 0.16594385447585736
558 0.17382714040407854
559 0.21662844060124864
560 0.171747384965663
561 0.20094091389031832
562 0.14185927451739583
563 0.12633678144961438
564 0.3068119911451531
565 0.5169766513578413
566 0.5273588844990336
567 0.5177185600176746
568 0.44969433111306134
569 0.3130703953514918
570 0.20536433864585174
571 0.043437734981312495
572 0.1697184544471805
573 0.13042222364262865
574 0.1569808490398984
575 0.15273111709179804
576 0.0863749644393436
577 0.0786428183513978
578 0.13967056142802714
579 0.1734762972969575
580 0.15173831661397683
581 0.11427906494301163
582 0.10986773870184502
583 0.20539455452662703
584 0.15382463738931906
585 0.156827394243333
586 0.1521741230468592
587 0.14826809216025427
588 0.24193915194490676
589 0.12584346177155084
590 0.15976827003408917
591 0.18913788026928213
592 0.12891844914237516
593 0.12313311003500531
594 0.17361535196391903
595 0.10575150351171973
596 0.19211774947026483
597 0.11970784948040465
598 0.13654694343427626
599 0.21838432798075413
600 0.12429897342373256
601 0.1954649766368434
602 0.264253071147209
603 0.10778459245542543
604 0.17393660525493473
605 0.1581638164288165
606 0.13362546908654835
607 0.13164434128516106
608 0.17361775028374438
609 0.22935738547660395
610 0.298409684159085
611 0.29234514617375357
612 0.1490187462955579
613 0.09474496420905554
614 0.17578643237535996
615 0.17978481701796079
616 0.270989882063088
617 0.1558332742072586
618 0.10833565000160905
619 0.20975631900764263
620 0.10693219873442375
621 0.05848035093994593
622 0.1530448305286209
623 0.20186682074308224
624 0.21814428622788254
625 0.19359803577304596
626 0.2606870979089585
627 0.12022602376508068
628 0.17970891808249806
629 0.23185439042928319
630 0.4160126110399539
631 0.20205282050296008
632 0.17675660447639124
633 0.19027860842903413
634 0.15162330459410112
635 0.18143488734464078
636 0.15237683960821066
637 0.19074623351166897
638 0.12237602003553846
639 0.17617127182183462
640 0.20625537188978846
641 0.0978699228312516
642 0.2335819351623487
643 0.17671240477244443
644 0.24353603682664665
645 0.1979790159108341
646 0.14216150446345366
647 0.2953807201645224
648 0.15323788215745815
649 0.2228900186372943
650 0.18311817158420196
651 0.1929757127497444
652 0.2063731593151645
653 0.22771198412627114
654 0.29756416283390674
655 0.26974184807466717
656 0.1517007059312777
657 0.20232504505124427
658 0.1950469463424389
659 0.20663284320919906
660 0.19878913180180824
661 0.2036256631450986
662 0.2086108951883192
663 0.30444941584287183
664 0.2769477577943976
665 0.2869311836973583
666 0.1855352292758791
667 0.2635008185679695
668 0.19668398501776146
669 0.20173216689353796
670 0.25858086609668124
671 0.17529555772692898
672 0.31119659878764305
673 0.21063109175833428
674 0.2208220663765903
675 0.3165960036865636
676 0.24592535263925377
677 0.25978778847795164
678 0.3899576359562362
679 0.3182606565451975
680 0.39864020676576933
681 0.10434530828448191
682 0.17772524046520907
683 0.1260959202236654
684 0.14831818090685045
685 0.09439164776479854
686 0.14175595677123376
687 0.1916729749829741
688 0.35841841678867453
689 0.16160512206222022
690 0.21746439419001057
691 0.1232532470544753
692 0.23300168645459451
693 0.20861927702474112
694 0.12715738550200148
695 0.05888221782898527
696 0.12981740683479256
697 0.21039892880864455
698 0.11378954823556704
699 0.1962387761197255
700 0.18678154208942277
701 0.05771702602390485
702 0.2797487720626068
703 0.2443888580461664
704 0.1131943505197249
705 0.20115586404711047
706 0.13751526621924615
707 0.09942785621802433
708 0.2255849985578608
709 0.24168667701744118
710 0.3807334559378276
711 0.09879727537863875
712 0.07704145595372126
713 0.23720946825053146
714 0.10978840842213022
715 0.3083432965794459
716 0.3582766046179915
717 0.1485354154885509
718 0.2685900495810034
719 0.12444940844872276
720 0.13447853916277241
721 0.1535898159190893
722 0.16113747338567608
723 0.21873389179159758
724 0.1435116159064338
725 0.1729980635550084
726 0.3134816471918073
727 0.22931080858440286
728 0.11586686017986818
729 0.166838717439861
730 0.2467581427596084
731 0.18153952453822209
732 0.10803153531578606
733 0.0924543412821372
734 0.11605288966537802
735 0.12010983452662466
736 0.1966326399650115
737 0.12211937416999938
738 0.16005020995993344
739 0.1920455706276982
740 0.13514374812190605
741 0.22471739065118046
742 0.5053444756697917
743 0.13807329241799438
744 0.19747156778645492
745 0.11672843104788433
746 0.0779381868532212
747 0.08784415871922788
748 0.0872340701188835
749 0.04737975756119002
750 0.1299847252641358
751 0.18024527048374595
752 0.18450316378055234
753 0.12015457298293503
754 0.18548317246864
755 0.10815990176633852
756 0.3951545378097668
757 0.1960164611546228
758 0.31232853967831276
759 0.19542971422688077
760 0.2338746588679074
761 0.3019567581781607
762 0.17662550540841987
763 0.20265849919983042
764 0.2729625698491139
765 0.19468166244401253
766 0.27520622112600346
767 0.2367130251718645
768 0.1646689860552895
769 0.2174371151064013
770 0.4607434337213404
771 0.2338455703586596
772 0.2888081657869875
773 0.10380756262375668
774 0.21292666253205736
775 0.08508149248499233
776 0.19990870446133668
777 0.2636262948913439
778 0.3146014457450751
779 0.20685738752755045
780 0.24007451530816595
781 0.2680132990983549
782 0.2959524341401186
783 0.18596900520173676
784 0.39164850186100697
785 0.5092135159727732
786 0.389258179386775
787 0.21922019061204792
788 0.3566542332326954
789 0.18449554569032633
790 0.5537190627618241
791 0.20428541834483877
792 0.36536853635643973
793 0.5273939907878799
794 0.4107135303203976
795 0.301196348104496
796 0.2678724319130319
797 0.18358405544955786
798 0.17112740076463567
799 0.1623898204246279
800 0.2666515603221862
801 0.27853876500127256
802 0.2714769811656685
803 0.31625044684936415
804 0.5472681380962318
805 0.3078233849332238
806 0.2413153752290119
807 0.2352045884626897
808 0.25340517800038864
809 0.21791753486704973
810 0.19771003705294907
811 0.18958419317414393
812 0.16892561131228723
813 0.12813531862973176
814 0.22872000762012917
815 0.1978488156776465
816 0.1730093708097964
817 0.36466830643452897
818 0.24878392760497323
819 0.2808889322141856
820 0.2575501000290754
821 0.3485049711238995
822 0.2996879344234281
823 0.22408141287823316
824 0.2337233083312569
825 0.31635950242169325
826 0.22413201392966137
827 0.5006008172628749
828 0.3539902637118046
829 0.28298094320516115
830 0.16099419747943677
831 0.18347094525427562
832 0.22188980087773602
833 0.26833271492505995
834 0.1297436479107085
835 0.16987271991793368
836 0.2905458093701255
837 0.21319591496835424
838 0.18225584272040699
839 0.17274295837759068
840 0.16655515235377147
841 0.2629160439643
842 0.19968989073215349
843 0.14496970803414566
844 0.3335999075342668
845 0.24157336117016776
846 0.24605411804155358
847 0.33333065812138574
848 0.3281187440357181
849 0.4225221738293191
850 0.2219127533163371
851 0.5845040657274876
852 0.19075023706088118
853 0.42417908752288225
854 0.29862631442770765
855 0.6126738850791045
856 0.5016237023550874
857 0.46356417329518984
858 0.5134811950676906
859 0.465244706744469
860 0.22407496888841003
861 0.5732134747158693
862 0.14993528988228
863 0.3982070932345514
864 0.25363962593893963
865 0.22064947754244604
866 0.4729698704175352
867 0.41295141928120227
868 0.3174109471062466
869 0.5310102830841981
870 0.9024363455956217
871 0.9081413344805205
872 0.5107473013146915
873 0.4599670234194274
874 0.5955164246220169
875 0.6851466689256878
876 1.0711507359290948
877 0.3845405796779392
878 0.3176256120191099
879 0.684517617626698
880 0.4449200215387057
881 0.46355833499495736
882 0.5613660471542162
883 0.48936151335339706
884 0.3178503295922325
885 0.43817681860270286
886 0.4728432847035817
887 0.2710486739200344
888 0.47787384434649144
889 0.4453129452154211
890 0.32727588647041894
891 0.4216084530448905
892 0.21657390340285165
893 0.9387057925578767
894 0.767307484983113
895 0.7166606001550897
896 0.9151434710694248
897 1.5516525755439825
898 0.5790891921657311
899 0.45135684340104054
900 1.0970531846206437
901 0.551127608415779
902 0.7809052001322258
903 1.052322735713305
904 1.2978379066877646
905 1.5889283011167628
906 1.8597417355776673
907 1.1687611879663862
908 1.2859471320085158
909 1.0429736075343534
910 2.0760031083803274
911 0.8380503486885966
912 0.5521157811746731
913 0.4778143396627116
914 0.40266749965165183
915 0.7670397517709014
916 0.402033047210783
917 0.3775961006462847
918 0.386717497718976
919 0.40642641907979216
920 0.20231188413275647
921 0.5906563671377169
922 0.5713958845476955
923 0.49758309417038404
924 0.4049906992701048
925 0.5509826022970108
926 2.009950862384363
927 1.7582586322531355
928 1.8461161172553031
929 2.0731044670016043
930 0.8227815904421811
931 0.842249863777011
932 0.80188475453761
933 0.7007991964172671
934 0.4842533119675044
935 0.44234089274380095
936 0.4369124565515803
937 0.578423843036278
938 0.8689267076233875
