0 0.24728855804655545
1 0.24131147879749368
2 0.18420475788103408
3 0.3980857396681113
4 0.322569616551159
5 0.3902471342214707
6 0.29946587051179513
7 0.5642865798452641
8 0.34372868598943607
9 0.38537878297411954
10 0.43465105526728093
11 0.41863762403573945
12 0.330032341644278
13 0.2732694200992885
14 0.27263447569742205
15 0.2708544806927473
16 0.18794502263444424
17 0.3065929631596024
18 0.4145245181408339
19 0.2977588765608805
20 0.17868577428844448
21 0.37144895833138597
22 0.610027527427272
23 0.43681403069079094
24 0.30525023614093616
25 0.20529626321283143
26 0.37080318328980433
27 0.24641138038616306
28 0.37816628216698567
29 0.5391190050090751
30 1.0020318436266153
31 0.6457339581092179
32 1.180183051042118
33 0.754059532156302
34 1.3550948310266193
35 1.014659089598028
36 1.3460439439189336
37 1.3179629185076618
38 1.0810571166086216
39 1.04281146585458
40 0.5869930881377201
41 0.441545387070722
42 1.7969582333732164
43 1.526764129154277
44 0.9844632440121773
45 0.6894920059922726
46 1.3448405023143222
47 0.9411942678764396
48 0.635685147416104
49 0.39060172630257184
50 0.5366709089908872
51 0.33187104063670725
52 0.3519183016101695
53 0.25187735296178476
54 1.5349564201242145
55 0.6137377341839673
56 0.7591954538037716
57 0.6249775370704209
58 0.4549829450451908
59 0.5416987251335246
60 0.5192741705669155
61 0.30988340554777716
62 0.3367727451235479
63 0.29716676243669526
64 0.46822292639513113
65 0.29636423763259734
66 0.2614858338616768
67 0.6103157160831039
68 0.22517142772661655
69 0.15914857472574795
70 0.30760339957781996
71 0.48637668103422804
72 0.5450582172684305
73 0.5172581126822492
74 0.7190319931066904
75 0.7492234359093356
76 0.4836893688879267
77 0.3581428195083777
78 0.5479856209806608
79 0.31080437619619994
80 0.3049877847166428
81 0.43503766796530086
82 0.41354775938501775
83 0.3141603028366705
84 0.33455468394055
85 0.42747377047247687
86 0.6923099362462519
87 0.6436864673960211
88 0.8189019367775332
89 1.190919450096836
90 0.9651255297759567
91 0.756850770617467
92 0.7813680671835663
93 0.6700354986478305
94 0.3081505817522204
95 0.5022849745828584
96 0.524139286942475
97 0.6764971914835882
98 0.6838079956809201
99 0.945334432858761
100 1.277578222358407
101 1.0858703298054215
102 0.8241158240516906
103 0.703247000362599
104 0.8627668074806345
105 0.5857874807356586
106 0.6546364132167877
107 0.6134480000484597
108 0.21408207945925373
109 0.619077287915508
110 0.7507442269978887
111 0.2203815050116109
112 0.6116890775538033
113 0.3141821574088657
114 0.5585635131472841
115 0.3676890839585648
116 0.3088120157205547
117 0.3750565957073877
118 0.32661957650889595
119 0.2512246295924394
120 0.2809922569415183
121 0.898764521158621
122 0.8085974106004382
123 0.7716894508668852
124 0.9457632656466549
125 1.1602682829836848
126 1.5382460332069496
127 1.5609414263184282
128 1.6363155124604793
129 1.7606080167074318
130 0.43916560769466556
131 0.723920340054471
132 0.706119092315494
133 0.8298129141508044
134 0.5366467844852174
135 0.5322793725693588
136 0.8866898152961579
137 0.6591513347079754
138 1.2731420741178447
139 1.4153437648491742
140 1.2233591833253
141 1.917437570854473
142 1.9857469763807776
143 1.5188152466355933
144 1.5951496366272981
145 1.3766121171084205
146 1.3600981055560895
147 1.4779361457900215
148 1.589401946620438
149 1.6081750059479019
150 1.6585741262995632
151 1.5088215797684992
152 0.3348042790374989
153 0.4371333648462305
154 0.3482396553464159
155 0.47446488995677627
156 0.7150402318279041
157 0.7318710215134878
158 1.0111303531820148
159 1.076943288148323
160 0.8864924261871462
161 1.3128806025772506
162 1.4141006690729434
163 0.8394759986883084
164 0.931311652351521
165 0.9587891739780781
166 1.8247901561674715
167 2.260911395643295
168 1.1747099237036471
169 1.4971787833272756
170 1.1886864053498414
171 1.6281600175912923
172 1.6224088784608086
173 1.589848717530723
174 1.2557756658866248
175 0.8481670773515572
176 1.1867287214044009
177 1.1105172241884766
178 1.4916617534017607
179 1.5872068128245536
180 1.4330583323403439
181 1.3733829601535463
182 1.550961757557077
183 1.194899798259227
184 1.5650879673388107
185 1.3739967292219082
186 1.2573131141627178
187 1.7157262060626548
188 1.4329319168493502
189 1.6508762721858043
190 1.7906027672220763
191 1.8816831187295682
192 2.126055657903627
193 1.899177075931096
194 2.6810318732369787
195 2.420011286635983
196 2.660950947697076
197 1.8569101844681897
198 1.5033272976472558
199 1.8109077371465354
200 1.6088203042279545
201 1.713759101925326
202 1.6685421647739425
203 2.1527779749860074
204 1.8438626700380918
205 1.8621021474236694
206 0.9361856131214812
207 1.358791197725514
208 1.0944719856540868
209 1.2754232711271438
210 1.6119258422436322
211 1.2480431583674643
212 1.3281348467043004
213 0.5058997003159073
214 0.4758487449071247
215 0.42376585968081637
216 0.5412477022455643
217 2.600588709242542
218 1.5790498841558627
219 2.000123154675996
220 1.2897480156985028
221 1.511403648202829
222 1.7087293126797318
223 1.7728163716833758
224 1.5038997923948296
225 2.7379390553252088
226 1.6354387470602054
227 1.3373068888256492
228 1.0074383696206746
229 1.6082865519318785
230 1.238807026248594
231 1.2336270206600195
232 0.42538269033612186
233 0.9600694007201365
234 0.8043686346699592
235 1.4579554795881746
236 2.4802294087210868
237 2.484577074693939
238 2.3440314963830944
239 2.3338904396295175
240 1.770614178017409
241 1.5730499478583682
242 1.5308107848534371
243 1.562330112295807
244 1.269932643295029
245 1.1685457362516805
246 0.844357319603892
247 1.5360154520200415
248 1.7446513689036534
249 1.627288938975468
250 1.4099900084997157
251 1.6531136681241068
252 1.966156998024624
253 1.7388075139953971
254 1.90779148509277
255 1.6757369276618748
256 1.3910389655433593
257 1.0324165859011338
258 1.0507240832027427
259 0.8973721230975023
260 1.0727741536792865
261 0.874812783898168
262 1.2131312808763737
263 1.7445004445247914
264 1.7060775723964552
265 2.105105364583947
266 0.7733856053256671
267 0.9850842824241794
268 1.3317845240992492
269 1.203207924874265
270 1.1597013008980837
271 0.7728824455359073
272 1.3263921409915485
273 0.7946238754346804
274 0.988644333191971
275 1.6832714249648246
276 1.5469606372392093
277 0.6850566309707768
278 0.6409398345840434
279 0.5962456600733242
280 1.451786637157428
281 0.7685295279998816
282 1.1654503462228836
283 1.3067119224103034
284 0.6539336002562364
285 0.2709350681743401
286 0.3263277049124006
287 0.4141064914021917
288 0.34848095887035013
289 0.4605285140779809
290 0.17573006973369137
291 0.7604680216648374
292 0.8870191807107017
293 0.3269612733476023
294 0.49723029989757694
295 0.6497549794373445
296 0.6921084217102016
297 0.642063351655463
298 0.5583046532388262
299 0.9737262465945253
300 0.5575523766411608
301 0.4502370697760235
302 0.3672458163448086
303 0.574978315576759
304 0.8293090610030383
305 0.5477382521509765
306 0.3318290589260787
307 0.6547254297105454
308 0.5580143605386501
309 0.33444358987066725
310 0.2914986958530385
311 0.262590430616046
312 0.19380400006731993
313 0.2483682644162668
314 0.3257849443080586
315 0.6572725816545002
316 0.33414726109283566
317 0.2677598451533146
318 0.25314659562639946
319 0.30349506826340716
320 0.2500373608021405
321 0.3017541172032764
322 0.27913006505630794
323 0.29397436108108366
324 0.4068486178869797
325 0.4135849769522349
326 0.2069832462420852
327 0.29198606445361763
328 0.6319402909633192
329 0.573950820870916
330 0.4158767405297774
331 0.29836739795556544
332 0.3216667426209273
333 0.5774014121997413
334 0.6190060891006975
335 0.535254791259718
336 0.4139189836252323
337 0.5849993556969343
338 0.3461551925442447
339 0.3217692591015515
340 0.2589833540321783
341 0.21650189422567084
342 0.2971697321416937
343 0.31027619089621183
344 0.3263167921596667
345 0.6107457011109353
346 1.3791986278189665
347 0.6091274057362247
348 0.340927856819086
349 0.6387313927868707
350 0.5863693067290325
351 0.6420553586884568
352 1.4201682942324139
353 0.8273046758291446
354 0.9997387643797306
355 1.2441135816432851
356 0.24103471846218952
357 0.259277182543242
358 0.366089057780709
359 0.3676876250340861
360 1.3930925807742218
361 1.361672857572152
362 1.465406738354151
363 1.4354855463120464
364 1.3638031734894982
365 0.5827127548261816
366 0.941775990027783
367 0.3849758547179336
368 0.39159378349004575
369 0.37622129993610687
370 0.3800029077184465
371 1.1128596101782358
372 0.9161344341572932
373 1.1755394617257542
374 1.2857070878290804
375 0.4864001466640895
376 0.22380553657613295
377 0.27588239592073127
378 0.29638346007006516
379 0.34622531071688556
380 0.8302846660831084
381 0.8751315207046912
382 1.2460317598109145
383 0.25570421313217007
384 0.3277094651761021
385 0.3469253445220656
386 0.3795085100253919
387 0.4465059783374096
388 0.291912570443855
389 0.32351662367731415
390 0.7037770746445886
391 0.2988325078136802
392 0.2639035521852583
393 0.3970814085195443
394 0.3479053230196565
395 0.2346910186686288
396 0.26251562580033916
397 0.39981613598461574
398 0.42171189736596515
399 0.5126476259196813
400 0.3243609230923554
401 0.1802590669653451
402 0.31633606203417286
403 0.24657720054177662
404 0.8289701820440789
405 0.5640564037966675
406 0.8217640685446816
407 0.4582901357161572
408 0.27628650416498685
409 0.2228815665023785
410 0.24131018002821308
411 0.5063622817818835
412 0.36667499297116
413 0.3504941663119103
414 0.36857201979977916
415 0.3480481715705623
416 0.42916736471494454
417 0.34744611749838444
418 0.3547784956109574
419 0.34077817967187735
420 0.3467745112778936
421 0.5401792011885387
422 0.5501947558472738
423 0.4144389469693682
424 0.7211832870487901
425 0.4888610454399941
426 0.2968691256082905
427 0.13776541673224718
428 0.289885611547234
429 0.26764464233302465
430 0.21270916416086416
431 0.2361800063304922
432 0.27048293312753446
433 0.16196234149614122
434 0.2410776624658149
435 0.27940932526829176
436 0.4664452801665473
437 0.13600418187434932
438 0.3341754499283819
439 0.3793868773025255
440 0.38778616017938233
441 0.36419076764151154
442 0.2733067986620853
443 0.31166844378528785
444 0.37408304863103103
445 0.21566326894301566
446 0.29605970601618037
447 0.3480349748427411
448 0.39615875889899255
449 0.3094655413142343
450 0.27839626027131115
451 0.2485584599482924
452 0.29680360425013
453 0.3355248513847058
454 0.325904315857233
455 0.3039038228500712
456 0.34864873314309863
457 0.44700110990172115
458 0.5912327175836251
459 0.5093527794038133
460 0.34695554196382655
461 0.4391539232698546
462 0.47954583510371285
463 0.6171198012369227
464 0.7087372266384699
465 0.7058979262246535
466 0.4565062401381671
467 0.6793286040834856
468 1.3398757415569136
469 1.2307404070582209
470 1.2395796279456495
471 0.28752271908471694
472 0.32590519789814487
473 0.3281535173509392
474 0.44434795014681194
475 0.38124474692143573
476 0.530543679439337
477 0.3885678271162484
478 0.4780976564917678
479 1.3228487040914132
480 1.3299410415884299
481 1.173862821209275
482 1.2558978244385492
483 1.0230634013919269
484 0.5420372132349447
485 0.5561822871685924
486 0.47455946810014354
487 1.0540922308793625
488 0.9383559297252636
489 1.1010270337088306
490 0.9720409819111155
491 1.3055772134181731
492 1.2636820994726299
493 1.1783320643629467
494 1.321850989604107
495 0.8883404374202879
496 1.1675980735977731
497 1.143142738418542
498 1.3665437985541102
499 0.4297659498785459
500 0.7191131176978585
501 0.39698832450455723
502 0.41285846609191945
503 0.3323752452803688
504 0.6029936857541409
505 0.2038233206076685
506 0.2932819777612174
507 0.3423938624161207
508 0.9868479545181197
509 1.5763244360067348
510 1.1471185664719075
511 0.8778865799795894
512 1.5594622728955385
513 1.3638494576124978
514 1.330998929290106
515 0.425671791283447
516 0.18407974410204472
517 0.8817099958039529
518 0.328897376003861
519 0.4904834181960088
520 0.5566905939592117
521 1.4642120481919583
522 1.2001921635400155
523 1.1849480575883646
524 1.3992937766078883
525 0.42607086483479156
526 0.33079550389067436
527 0.23007037543280642
528 0.29395215893943377
529 0.3992334022233264
530 0.285950260110587
531 0.40591958614743606
532 0.25960922878068016
533 0.9796190536324333
534 1.5493253814634174
535 1.1336069183702444
536 1.264098283904586
537 1.2272373504342093
538 1.2397637247250906
539 1.2193530617618813
540 1.1736341384875901
541 1.2520910782747512
542 0.8486662386677546
543 1.3046483869330734
544 1.4755988384231005
545 1.4504416900563686
546 1.4561758737492498
547 1.103702346929858
548 1.8708522707113087
549 1.5354214361343077
550 1.6314511286395232
551 1.9312435231230176
552 0.3238332910087328
553 0.24247709168085207
554 0.3031847086168957
555 0.3950681825886413
556 1.9033074262767042
557 1.5328145347912647
558 0.782328388012661
559 1.0975676352634225
560 0.30312030181188815
561 0.17966038518252025
562 0.2902839042651408
563 0.28189050533690124
564 0.3071214605686093
565 2.29604047195092
566 2.0294241578514733
567 1.7164160905560533
568 2.2395554207132053
569 0.8982290458640954
570 0.7444225218841061
571 0.49667483574504767
572 0.7853426157949512
573 1.6485232116831328
574 1.7693203656812833
575 1.6587638370494364
576 1.8105269961830608
577 0.4819937127622947
578 0.3540473117906154
579 0.25719378269293675
580 0.6785452174248172
581 0.9303812187475122
582 0.8576663700224336
583 1.0390856987652
584 1.2889122982265098
585 1.1708091190910073
586 2.0945137725180865
587 1.5636568891351272
588 1.3692864889679461
589 1.3921661437642698
590 1.5441376601019323
591 1.430421109864532
592 1.2194617912811183
593 0.25635276898016884
594 0.23182975756800978
595 0.8783370012647187
596 0.5583401506668295
597 0.8674921897957067
598 0.6289596929590777
599 0.9611577886343423
600 0.8061560123324798
601 0.5026599777214695
602 0.38208344428358043
603 0.7310409255461741
604 1.0531346763317269
605 1.615641364547789
606 1.3108648990286293
607 2.074181187050908
608 1.5650288485343231
609 0.9468899435431664
610 0.9362121860562658
611 0.889104613622393
612 1.059786637059612
613 0.43490935642295886
614 0.4086925988533582
615 0.7864672659855936
616 0.2978196805188186
617 1.1176826588113302
618 1.4208605473064428
619 1.4350710838266565
620 1.780320378846968
621 1.627157110890131
622 1.772549480722869
623 1.0633102152958296
624 1.7056372292832038
625 0.6327746891293327
626 0.6900649264772595
627 1.2229121075278855
628 0.47463887149653183
629 0.4203588035235344
630 0.8226198319805726
631 0.6727249027056632
632 0.8687219527233876
633 0.3210703392644141
634 0.2981686053702996
635 0.30484312027959937
636 0.29762342596624247
637 1.4315809733549734
638 1.1939923813303497
639 2.058527939416782
640 1.2153656768691972
641 1.414275218164085
642 0.8250284795973307
643 1.2570487596616942
644 0.7096908911847233
645 0.2830712685565687
646 0.2889511286155324
647 0.5023558294153945
648 0.336560928323543
649 0.7950508317185483
650 0.5669717707250485
651 0.2812770484025088
652 0.9564718449034467
653 0.31766712885512194
654 0.7136671613489388
655 0.27029442602516573
656 0.30569385911528496
657 0.2832511737325576
658 0.21640468613558478
659 0.22612994291374866
660 0.35307795702652617
661 0.27850366784664526
662 0.26366427011243343
663 0.31202279250616194
664 0.563111871789246
665 0.3145366422314989
666 0.39661093946427334
667 0.14338730077643902
668 0.14014659506428706
669 0.2121032189275589
670 0.18632770741926094
671 0.21782056014532353
672 0.24682133482285848
673 0.2933506348348516
674 0.29546086912425534
675 0.2840033135308323
676 0.26685951244879663
677 0.23326744635069302
678 0.18111441268989287
679 0.18739728882201667
680 0.1659707801213997
681 0.23722995802459465
682 0.25640524780369
683 0.14064583291814453
684 0.17499153146191804
685 0.18371471321979005
686 0.26287456872106135
687 0.23510479163230863
688 0.1803979157068111
689 0.2809841407396128
690 0.19764309842586159
691 0.21992612836480738
692 0.19968162693855213
693 0.26952872149312895
694 0.2823018130958645
695 0.33699880561746737
696 0.21652156719244392
697 0.2618089276870379
698 0.3162746634389844
699 0.23133649200654616
700 0.23500130584680862
701 0.25201483395150837
702 0.676230437036826
703 0.4413419727744351
704 0.464814973599509
705 0.2552154105222684
706 0.2697232960250562
707 0.35514661821883897
708 0.29947336060909374
709 0.29311106286043886
710 0.3837447756367433
711 0.26099734810014297
712 0.3001322151278337
713 0.3316678239786518
714 0.3470746555195017
715 0.19832280989358678
716 0.24919991106692868
717 0.2037750345078792
718 0.21541684386586563
719 0.19993492466443835
720 0.9486801214433485
721 0.39550745641830987
722 0.36917253362175173
723 0.3784254778551828
724 0.5134690698231685
725 0.4842521604297553
726 0.4059623071214037
727 0.3146461561732106
728 0.523241992798396
729 0.45815343359662525
730 0.398814252603922
731 0.2591900431198793
732 0.2443786347099507
733 0.32963395509548377
734 0.3783852129896791
735 0.3549931153301822
736 0.2514825946528766
737 0.3268891536389124
738 0.37309331143160673
739 0.3530190473838868
740 0.3006112612295599
741 0.14692253718241785
742 0.27659117621466633
743 0.3706885337968465
744 0.3213144215809367
745 1.093300498727018
746 1.3060995050510478
747 1.1308528909124085
748 1.0274581016782234
749 1.3188739159933185
750 0.3255712680634263
751 0.3810408848034742
752 1.1692021817672016
753 0.49656334299067456
754 0.37220510421509756
755 0.41947571492862656
756 0.25510101792706974
757 0.2618883866513193
758 1.485759518505261
759 1.2823135573909719
760 1.3676952023811317
761 1.3290663752340186
762 1.307381284679773
763 0.7807214274469878
764 1.1336697095578097
765 1.2105562094112785
766 1.1060892957033561
767 0.9281171138504827
768 0.690783328825003
769 0.5016005528242122
770 1.0600904326103633
771 1.3371868339561979
772 1.7895737215167236
773 1.6230561609254097
774 1.675867669972905
775 1.1681071923887922
776 0.9977502881594257
777 1.0980148703322672
778 1.0782951542566712
779 1.0558331680857527
780 1.2664396378516671
781 1.2481836598198746
782 0.9025266742100257
783 0.3714500293338538
784 0.34950049337185807
785 0.4199592000784943
786 0.17858135912831472
787 0.8495238549396581
788 0.4650488175424453
789 0.3830593509143929
790 0.21418695872257404
791 1.296861611560315
792 1.7532049150699822
793 1.5965429388843575
794 1.18634361872904
795 1.389643518654324
796 1.572046861608157
797 1.4203472378008106
798 1.2784531814782287
799 1.068637080651711
800 1.7473350786337016
801 1.7903489715984084
802 1.2716214940833197
803 1.3730449701384515
804 1.7377364024745217
805 0.4030217830234023
806 0.5454474118210488
807 0.605619069624958
808 0.28309513831854455
809 0.5236489107160429
810 0.42240297147386946
811 0.7349187167939715
812 0.7303026946545366
813 0.6704451194296028
814 0.5863645734753999
815 0.6138929381948157
816 1.043004540783116
817 0.6053627682323559
818 0.42384844334680827
819 0.33589320909756215
820 0.20082974523042568
821 0.33958802484322054
822 0.23731378355328567
823 0.4292604936372185
824 1.1345170236214923
825 1.672925039462489
826 0.8462796030828826
827 1.3456067655571466
828 1.4987140124876652
829 0.9414670404919661
830 1.662369897099634
831 1.4113571105254468
832 1.0851353567777626
833 1.3257849358714857
834 1.032832834359402
835 0.9440404722948045
836 1.1875382312658767
837 1.4275365043003279
838 0.9548470848866035
839 1.2960555774377585
840 1.298565325722835
841 0.6776645129543921
842 0.5826346932671846
843 0.4360978802590022
844 0.47197308309820846
845 1.1449794635747375
846 1.1124533889625816
847 1.8772236932401372
848 2.322108143164348
849 2.3233836729166146
850 1.624978487046569
851 1.3785662060674237
852 2.540723953372587
853 1.7086742641936916
854 0.46592182095582824
855 0.42488510324697865
856 0.4146876557550202
857 0.2282802937256928
858 0.36447111219670025
859 1.602656513422015
860 1.4810591007402947
861 0.7826843336679009
862 0.5880632159947103
863 0.7879329113572046
864 0.32506168479296726
865 0.5689884894937296
866 0.4247292550151039
867 0.4404492230317343
868 2.2341269060475737
869 2.011609285540053
870 2.2509854505954046
871 2.4947204186514904
872 2.5644618620495256
873 0.7170997139844952
874 0.7407091632068746
875 1.1361038817627347
876 0.7195958571680454
877 1.8294979483918041
878 1.3247322667418642
879 0.9381930079368406
880 0.9511477049356729
881 0.7858500524696501
882 0.5959864326809464
883 0.5630276200305382
884 0.6222591141006295
885 1.652166317038105
886 2.273632141074149
887 2.1881876897759494
888 1.9178850748544036
889 2.405231252942337
890 2.129432137412686
891 2.4062157037072214
892 2.475641650301442
893 0.8114553262176923
894 0.5859748500984151
895 0.4848036150242113
896 0.7260754170613553
897 0.25628029259437324
898 0.3512609760319197
899 0.32115783992472274
900 0.44730070982015624
901 0.5819489241108105
902 0.3583257055445318
903 0.5282338600553746
904 0.4124357104842989
905 2.0731705804260896
906 2.2490064030477477
907 2.3601800530974852
908 2.4885911072772933
909 0.9696176861189996
910 1.3721931527292495
911 1.2804088917586882
912 1.4720635600682672
913 1.5696523923634396
914 2.1449387813252274
915 2.3537190614711245
916 2.376079390108621
917 2.776205813636216
918 2.1883568078660485
919 1.2359205480058253
920 1.031728740851324
921 1.8313279266516593
922 1.0868326501852326
923 1.9334398782859972
924 0.39678574873221245
925 0.3981844105958785
926 0.26899763975276186
927 0.36328234104066665
928 0.46516904912500967
929 0.30538756097240527
930 0.4096889925484677
931 0.4353730184695084
932 0.335062851050199
933 0.7730143094757811
934 1.375901695300231
935 0.44832405063990555
936 0.864817754837714
937 0.7754795633285807
938 0.7546170214727161
939 1.557557222117202
940 1.6102639127114469
941 1.4546076786218138
942 0.9889980855902065
943 0.6730415546504005
944 0.6726112734690817
945 0.740442517398429
946 0.44855349770479347
947 0.3909865573501061
948 0.3789640499605419
949 0.31498325116139403
950 0.3997376220178632
951 0.4016358822329008
952 1.4100429919389335
953 2.224558166972338
954 2.1565648398353883
955 2.2652549457699225
956 2.8969406386486645
957 2.362937246197795
958 2.3230177633958586
959 2.6743024055467552
960 1.884479942046096
961 1.6993049057384533
962 1.739475316894625
963 1.7482579065805695
964 1.2866516081426702
965 1.6182448814343262
966 1.5708528762388028
967 0.8794463308445517
968 0.5284809003323355
969 0.9271630822171943
970 1.3817672707501323
971 0.5643849848594094
972 0.9976948197891534
973 1.249082019213613
974 0.3792353743078844
975 0.35863229762572335
976 0.4065044073284343
977 0.35754193747674584
978 0.49141849343980376
979 0.2524287430933697
980 0.3426699323996042
981 0.25362013185529686
982 0.3373702697013706
983 0.26551483421704114
984 0.700841410235356
985 0.760925770654846
986 0.8671445799629723
987 1.0210727504277441
988 1.1990259966275034
989 1.4733845488407493
990 1.7002385784306628
991 1.1899152234201558
992 1.2929781726583203
993 0.6162061933490387
994 0.8356201409123785
995 1.2796305786715712
996 1.2590847512239987
997 0.42871371398623637
998 0.29196739115076764
999 0.3371897560055907
1000 0.29860052204595566
1001 0.43727966842342436
1002 0.2029274816789987
1003 0.2629356041787987
1004 0.2446994776730661
1005 1.5893056850875062
1006 1.226260226568653
1007 1.4793414650016339
1008 1.4573269243980587
1009 1.374743979320452
1010 1.4085545075858308
1011 0.37456207272687597
1012 0.42135118101136326
1013 0.21884679684313527
1014 1.0530318495379476
1015 0.4748749387619612
1016 0.24447207878448116
1017 0.18504193116436124
1018 0.26333306282057545
1019 0.16024854613788497
1020 0.19216549436920377
1021 0.8280727405633979
1022 0.9698522495806179
1023 0.47915381411771774
1024 0.5334216889831742
1025 0.34271326033381544
1026 0.41685131998262404
1027 0.42006526218398066
1028 0.4591440285729892
1029 0.3089700207641789
1030 0.5172912186718785
1031 0.5179654630128658
1032 0.377203135928383
1033 0.5430019437646808
1034 1.2836952246367708
1035 0.3766894512763307
1036 0.7145251334883851
1037 0.4225556735250534
1038 1.8584817882703177
1039 1.6569610574229001
1040 1.7514174145588073
1041 1.6295688591803024
1042 1.6782160441282254
1043 0.8992192754723966
1044 0.47480556642439964
1045 0.48575031559912984
1046 0.43393230904363556
1047 1.6592111470344653
1048 1.5978121212020355
1049 1.9752192765411574
1050 1.4240801112007984
1051 2.1990561967211724
1052 2.154234219592846
1053 2.2751431964634916
1054 2.0634124502856173
1055 0.18110420425411722
1056 0.23951794951844732
1057 0.15265930745810108
1058 0.25937305665679894
1059 0.289901615807353
1060 0.26613570566576106
1061 0.15365416193091472
1062 0.15050473030528427
1063 0.22756480352018038
1064 0.12813106859002324
1065 0.26660548671844264
1066 0.22745147928413534
1067 0.17312088957783486
1068 0.9988687738962412
1069 1.0275914722618538
1070 1.1840637750338905
1071 1.1949718701106056
1072 0.7839269166109795
1073 1.2241042489879748
1074 1.4332053487877292
1075 1.4186398286425919
1076 1.2959224260112794
1077 1.0166688172061233
1078 0.7845371294958274
1079 0.5281382350786783
1080 1.0591646654115485
1081 0.7944291431001018
1082 0.6514315249493206
1083 0.41400113051030296
1084 0.6853392725009102
1085 0.48630643636230897
1086 0.4257331175061142
1087 0.47703741025412544
1088 0.6473052563455081
1089 0.5263847828494277
1090 0.2552893830626342
1091 0.2905028452327337
1092 0.4366650796150444
1093 0.5643741022369939
1094 0.3618971134574421
1095 0.3250832241530398
1096 0.3519832082925036
1097 0.37541774775238884
1098 0.25537588620802815
1099 0.3089372273250979
1100 0.4238789419478656
1101 0.32253721390007956
1102 0.21636600303996098
1103 0.3599639506046012
1104 0.28847528315860205
1105 0.37554039004162554
1106 0.29227154997350857
1107 0.25102310340512646
1108 0.47812637777235045
1109 0.3320688483607745
1110 0.7653806987939505
1111 0.38237896493831225
1112 0.9032331759265149
1113 0.28021278663932014
1114 0.3936021860496453
1115 0.37663257884546486
1116 0.21201704394205165
1117 0.35305593901519206
1118 0.28622960107606643
1119 0.4832700826131605
1120 0.6358107554674419
1121 0.4949015195520781
1122 0.7776130310539289
1123 0.821436396142176
1124 0.36222163942000196
1125 0.4292402232676533
1126 0.633228419451358
1127 0.43699523570960086
1128 0.516598916681224
1129 0.11005585574782063
1130 0.12093784135572834
1131 0.16404001374917965
1132 0.18330241712782275
1133 0.3268269909595428
1134 0.6040135643727946
1135 0.5631885766041129
1136 0.436959268530269
1137 0.5533359203151794
1138 0.44482501508620553
1139 0.2697444947194756
1140 0.805155904938085
1141 0.35926435440089693
1142 0.5921741406589116
1143 0.45615475455345145
1144 0.4332887045897382
1145 0.312369884532789
1146 0.3709803507577765
1147 0.35188439561695156
1148 0.32877903530498925
1149 0.36123275615707084
1150 0.4010063334956913
1151 0.3432430670171539
1152 0.33872360011636465
1153 0.5318974081473573
1154 0.3250109446609477
1155 0.9259405349059981
1156 1.3073548315392265
1157 0.7554017810141983
1158 0.9520959853482643
1159 0.9509415537361163
1160 1.0932892488859545
1161 0.8948414044235565
1162 1.051697462146077
1163 1.1313703732393736
1164 1.2085093868107353
1165 0.9662536854825746
1166 1.4843692748359703
1167 1.267035197534791
1168 1.1878166600330125
1169 1.8321571836940678
1170 2.2161927042486154
1171 1.4998425644868192
1172 1.6066271233338565
1173 1.7148249636408304
1174 1.4647268310131292
1175 0.7108378322241511
1176 0.5341153901259034
1177 1.617994163801879
1178 1.3614147144138675
1179 0.12265092876193497
1180 0.19167754448140134
1181 0.12779375749871008
1182 0.2882940518194068
1183 0.1897981496530008
1184 0.3879999429418476
1185 0.20908472740528272
1186 0.18770956341866715
1187 0.34167287543740055
1188 0.3689530828523847
1189 0.12786340691055448
1190 0.13140076315926505
1191 0.342653179405012
1192 0.2914651767323534
1193 0.1576909100476053
1194 0.3259497629784691
1195 0.23025203620757856
1196 0.27250936249466495
1197 0.21476637127531373
1198 0.399055335468239
1199 0.13950189378561992
1200 0.45658095187674896
1201 0.18666614286139943
1202 0.18226899273843022
1203 0.25748701847074795
1204 0.4907780137122985
1205 0.3244045449032195
1206 0.31317794708130775
1207 0.2563754706800903
1208 0.4861012757324522
1209 0.3873421076108702
1210 0.6574603604345376
1211 0.2661887766206899
1212 0.3479225943995583
1213 0.24965507994281058
1214 0.4059859123390655
1215 0.33187501543535325
1216 0.14590088817406158
1217 0.21579453231147697
1218 0.15812078086830553
1219 0.29137367508996903
1220 0.3011337863066443
1221 0.327979360956352
1222 0.20413004064941617
1223 0.21179738750113955
1224 0.25562586428625905
1225 0.13859669570177738
1226 0.23916330078255674
1227 0.2542064491581255
1228 0.33236828730878465
1229 0.35775575073130955
1230 0.30717748696311775
1231 0.2868436150748991
1232 0.3019431877500742
1233 0.25487353904482085
1234 0.4712565938869563
1235 0.4408185730334427
1236 0.35986890232264745
1237 0.24879579082548725
1238 0.2656496683936105
1239 0.2983020213611258
1240 0.20661621153517262
1241 0.3516467847019563
1242 0.2929393859550214
1243 0.32722454879078156
1244 0.48788133121544053
1245 0.5225608107504882
1246 0.3258173189634241
1247 0.37042308008268465
1248 0.23742543245247477
1249 0.4537991958499532
1250 0.7097794459237755
1251 0.311983570466434
1252 0.5994271773775623
1253 0.4293601283723092
1254 1.0738274233681313
1255 1.9718582270230405
1256 1.8751964088773962
1257 1.651969243781215
1258 0.25019028323431247
1259 0.22971277003388024
1260 0.3090980562388947
1261 0.3136749448155709
1262 1.462294388074025
1263 0.7970139556705804
1264 1.0763459495749106
1265 0.9067496002416405
1266 1.1400350143503433
1267 0.854664295297799
1268 0.7256863336997086
1269 1.009905174797598
1270 1.6840817402589476
1271 0.24923704015554812
1272 0.4522101064245999
1273 0.3033126280307614
1274 0.29501003999472974
1275 0.24234495626281827
1276 0.2011767740031063
1277 0.4056213846133888
1278 0.34789728494411276
1279 0.8051470200535924
1280 0.352895797816573
1281 1.3069481703473083
1282 0.41166473663541014
1283 0.18166723284930678
1284 0.19509120381847972
1285 0.21022418926141456
1286 0.18536389775362955
1287 0.25020875859108394
1288 0.32059689186514395
1289 0.25795018164035105
1290 0.20360283896748138
1291 0.1999855103985697
1292 0.20893285012216634
1293 0.24025832848531423
1294 0.19282291099866505
1295 0.31657793274208396
1296 0.26520261765312164
1297 0.2086397271033896
1298 0.22853215740517005
1299 0.5835275575174813
1300 0.539860455104412
1301 0.5433677686430473
1302 0.6164524799131398
1303 0.526331703700536
1304 0.5589149221706368
1305 0.11835217569102896
1306 0.17854150181603778
1307 0.1834932081543725
1308 0.20227585987194055
1309 0.3227486714668174
1310 0.5518383728866947
1311 0.4968635989852535
1312 0.47285782148766986
1313 1.1875596367984071
1314 0.22195636897485477
1315 0.32055057702497813
1316 0.11336611007979314
1317 0.20779753091481462
1318 0.3113301027350328
1319 0.32158459640406056
1320 1.040045377876578
1321 0.9685082455165048
1322 1.43790134579731
1323 1.7646132889501112
1324 1.2077729147256058
1325 0.23918672743143773
1326 0.28475153678913234
1327 0.2830150431706676
1328 0.1284129610645774
1329 0.14156363379011497
1330 0.1797250773577458
1331 0.18637745429813685
1332 0.24851090954974242
1333 0.4351392450915369
1334 0.4987244475519186
1335 0.6238309804639174
1336 0.49272020437552516
1337 0.2642747855950328
1338 0.203601655014991
1339 0.20421316773738987
1340 0.38372524742713315
1341 0.2064701061458845
1342 0.28538029899718853
1343 0.09565858012727455
1344 0.18364600248358434
1345 0.2177806486575667
1346 0.3790273214555847
1347 0.20989863789778646
1348 0.2711702344934355
1349 0.2429643055395013
1350 0.17613998544733742
1351 0.29337403452426114
1352 0.3546503465336597
1353 0.2861766761227382
1354 0.31262100448918984
1355 0.29477828562921493
1356 0.2882257815015147
1357 0.2883701319553249
1358 0.2553611060860371
1359 0.2826314342874047
1360 0.23308884149965378
1361 0.21362631866461348
1362 0.27496839639240556
1363 0.20793027247329196
1364 0.16618661093084686
1365 0.16248055315594412
1366 0.21738702196033527
1367 0.262306823393009
1368 0.2140618895084202
1369 0.1679576231298803
1370 0.27444107266033135
1371 0.20336421004771937
1372 0.1721059776398604
1373 0.20970878416349822
1374 0.14392460843461674
1375 0.2572445854552876
1376 0.35044534600922844
1377 0.716700394566274
1378 0.13467826882763168
1379 0.27753581080211537
1380 0.24777506594790838
1381 0.2882459476788952
1382 0.3060676383900692
1383 0.16983137411838384
1384 0.24388149568192116
1385 0.14083424088247654
1386 0.17609275797188048
1387 0.18159052026119882
