0 0.42764610445603063
1 0.28742795649853714
2 0.23406765333069224
3 0.22210587832582057
4 0.2675600013653745
5 0.2061351798536763
6 0.27311495715422296
7 0.2985332854797508
8 0.2035715877339937
9 0.26580739925379676
10 0.44836284835368795
11 0.7347575838363944
12 0.5274263927965316
13 1.0753220131985086
14 0.30499108702083355
15 0.3184781543388169
16 0.23474751623747567
17 0.27673185290474334
18 0.24099718112121185
19 0.2538140295896639
20 0.7810876675917777
21 0.8926963363433331
22 0.6630109709140508
23 0.7827013583098147
24 1.249821561925081
25 0.2301993575530635
26 0.4223503289519842
27 0.264285468621001
28 0.18231640539961974
29 0.2538308262337978
30 0.2434737214996946
31 0.3409193625096895
32 0.7564890957059869
33 0.30029165094905275
34 0.3438067382538839
35 0.19887097520206948
36 0.5496582068364539
37 1.1555014652912599
38 0.615623426522613
39 0.3647839874586535
40 0.43640044251368776
41 0.1990196321298407
42 0.24716706727324944
43 0.1394931773318372
44 0.11840238082825197
45 1.0813183245530125
46 0.610130886276148
47 0.7745241450298722
48 0.7329514036466145
49 1.733838941730581
50 1.475184786459185
51 1.5007408784751162
52 1.1240736225689107
53 1.6294800691068647
54 0.5514380594448882
55 0.8261601859679859
56 0.5683165879463922
57 0.40433896593488383
58 0.5256907080946447
59 0.5010706937905723
60 0.6155166040898522
61 0.8644944143942315
62 0.3638912011091654
63 0.6452936326943027
64 0.5241484906683065
65 0.572619778659244
66 0.3727834907437166
67 0.3570848718526286
68 1.394323960454471
69 1.2924801860687936
70 1.7900406451708353
71 1.894712569976793
72 1.064303977760355
73 1.728558021197062
74 1.6180778597198469
75 1.743241779131091
76 1.838927614936459
77 1.6516943843099465
78 1.7586953054425338
79 1.1963624972082156
80 0.4388400694854236
81 0.35921871070588174
82 0.4202544221319513
83 0.7260213572429857
84 1.6896413121143148
85 1.446189092758273
86 0.7037240798953575
87 1.044190945843796
88 1.2031732702225648
89 0.4183626578505355
90 0.40438251175226425
91 0.44018637542712846
92 0.5121227859317279
93 0.66735051646219
94 0.4194397226793273
95 1.2421897643510924
96 1.183967049534561
97 1.0981674237511587
98 0.8052395524810845
99 0.7265591974856198
100 1.8756310484969247
101 1.7766844295267366
102 2.2466569512035317
103 1.9208030433431973
104 1.884342702390515
105 1.7696408750261756
106 1.858998352045285
107 1.6902456353864141
108 1.6935832082720788
109 1.5349873758002182
110 1.938507794338146
111 1.6668959775975276
112 0.9219160986809544
113 1.342056054516905
114 1.369301602199255
115 0.34790877052904184
116 0.4399315018586697
117 0.4487208031302192
118 0.3338965301758903
119 0.23899023505630748
120 0.3389176524250617
121 0.3462928785473846
122 1.7278303558063794
123 1.993771771079083
124 1.3721217083886037
125 1.8400720742991838
126 1.6703235617026322
127 0.9020544625515086
128 1.0963056289635131
129 0.6775519008276671
130 1.0464465492175412
131 1.3818176238348432
132 0.799478540819376
133 1.1433165325264696
134 1.0372492401340254
135 0.24594178057959348
136 0.36059546757778227
137 0.2904213618204627
138 0.29568211503375463
139 0.5035486048324754
140 0.45284204844444575
141 1.446030906621349
142 0.739848525206034
143 1.0767341566257633
144 0.6239772393212613
145 0.9875493953562509
146 0.27333095364499405
147 0.28955955150400525
148 0.8983142215855778
149 1.1882342828420955
150 0.23432602642554895
151 0.2989647883203428
152 0.3973255276042019
153 0.367308924960974
154 0.35610459929905053
155 0.6749069786180026
156 0.6183403750606056
157 0.36569432936939394
158 0.4664694515848456
159 0.3992908653671734
160 0.7870862109756425
161 0.5130271180758376
162 0.5626254409153775
163 0.5517508607835756
164 0.6529394260108556
165 0.3890956162644911
166 0.3775397736418335
167 0.45424595435084414
168 0.388653379621709
169 0.42711197555732333
170 0.2981998465391542
171 0.38652297226477755
172 0.23857844799657296
173 0.42797127224240916
174 0.4059208554461689
175 0.3600444282308428
176 0.3957199384071635
177 0.3527681749364087
178 0.23954208104382185
179 0.32847549565647943
180 0.3649192676969931
181 0.2776770136307655
182 0.9119492834977581
183 0.2893016103717266
184 0.1834999090091586
185 0.22307416976670624
186 0.22890126020407767
187 0.21602475220189615
188 0.329450370376611
189 0.18975503938989444
190 0.2745628680293127
191 0.3525145056703257
192 0.8040690051249271
193 0.5986363737342486
194 0.9513196399996695
195 0.29868114563093195
196 0.4227474800450886
197 0.5519897425975293
198 0.5427144224326302
199 0.7036024748207963
200 0.7424809029901691
201 0.3996916498965942
202 0.3299259245499292
203 0.30944354791030965
204 0.21003731751475646
205 0.32093632737248734
206 0.6265748982301185
207 0.8365366634800413
208 0.704973104776006
209 1.0212659737174
210 0.9352033819455754
211 0.8703460517096784
212 1.1517747439204795
213 1.3259240970414
214 1.1272212123883176
215 1.545390948584266
216 1.5068805277877924
217 0.5704331455700568
218 0.7762940558385747
219 0.4319065347430189
220 0.5535487637078448
221 0.28209736172014666
222 0.3446073716217304
223 0.46813391873789534
224 0.42430798744485143
225 0.44004716573355956
226 0.7395584060877494
227 1.4235754925580735
228 1.5047102830288406
229 1.3413852035338476
230 0.3000319839092981
231 0.45790300870330547
232 0.17716880908557714
233 0.37733510935139125
234 0.8878880932112847
235 0.4757113722826476
236 1.1747909433447579
237 0.9088715455110894
238 0.3928687231541792
239 0.23388709857483633
240 0.3786195866790113
241 0.4214117992991061
242 0.3776940721126042
243 0.6008895220039876
244 0.7110052352956562
245 0.6157472445813807
246 0.7162304780559514
247 0.3708229293059414
248 0.5480060586749456
249 0.44568337416228476
250 0.8417354411610345
251 0.7445784959520105
252 0.4660946224769088
253 0.7742226678856582
254 0.6074593418633405
255 0.45084067523505245
256 0.8046917664527958
257 0.3748570239499409
258 0.4989797919854817
259 0.7289620621832054
260 0.8094109608377325
261 0.9038363689786182
262 0.91148518139702
263 0.9286760206896548
264 0.5896958348942483
265 0.49705189307763936
266 1.3997687198845776
267 0.8398609733914764
268 0.5485188991426133
269 0.6027538825469041
270 0.8619768552940565
271 1.0471765364474934
272 1.225301893169475
273 0.9265557311604302
274 0.6481851190928454
275 0.6800857529851659
276 1.0401646208625133
277 0.9547182037732179
278 0.7405072327313622
279 0.985712452726213
280 0.8613275459842646
281 0.9709311943520567
282 0.79372399216962
283 0.9804519895570182
284 0.9747330018254196
285 1.2034816160508628
286 1.190137124672901
287 0.8712580672145631
288 0.943581558344081
289 1.0308520969308477
290 0.7325272166729371
291 1.1654318463000182
292 1.6097621191157407
293 1.5421442664983027
294 1.0983137801683585
295 1.336857245372629
296 1.3536712880326118
297 0.6926646856847725
298 1.256496865186131
299 0.7630862003919879
300 0.37692086315371176
301 0.8463990432878188
302 0.993077531122627
303 1.3866413444072365
304 0.757889427638576
305 1.1361203045041701
306 1.4937930970789168
307 1.0252305474469698
308 0.7854266742458417
309 0.9348016233945105
310 0.6762908309696083
311 1.378209141748126
312 1.232395809629395
313 1.6830304268230867
314 1.7870844816393494
315 1.5422411084045722
316 2.0114418217191403
317 1.9578539792646903
318 0.5008913849849954
319 1.0548999485350177
320 1.018502502024591
321 1.0834435439915735
322 0.7435556070217362
323 0.38908313197049554
324 2.336294735070648
325 1.598877154966047
326 1.6028119198259616
327 1.927259609116696
328 1.245035637796601
329 1.8659121198549795
330 1.0854315768567342
331 1.4867036451717435
332 0.4284384091303979
333 2.2809843411932573
334 2.3198747781509397
335 1.7738630749932252
336 2.474546728157507
337 2.301395585525428
338 2.558974150058814
339 1.3165518218968943
340 1.905818836156718
341 1.4498026439934804
342 1.4479372356139295
343 1.9090808532862293
344 1.6966404260550547
345 1.2853586236128323
346 1.2318360034105198
347 0.7378706850534436
348 1.0046400294094109
349 0.781592680314549
350 1.4036283481103904
351 1.3840484035150933
352 1.511447387555034
353 1.0528134743170494
354 1.0502947731956265
355 1.4882524417701577
356 1.3052028874631294
357 1.3255588364448898
358 1.6341474053198999
359 1.5328496959741102
360 1.6725365534213716
361 1.4577003862382956
362 2.080325692244298
363 1.7898851031294223
364 1.7798341315651542
365 2.0128867112226514
366 1.5087140092156632
367 1.7219202456567004
368 1.403285806566342
369 1.4463501151199738
370 1.407084193000225
371 2.5044031178122172
372 2.766617085867754
373 2.7148252437694924
374 2.6917986573129657
375 2.6024773439763935
376 2.6941154010657704
377 2.727440521612733
378 2.5396610457292352
379 2.5533474880013642
380 1.6487242288437791
381 1.9758294324712047
382 2.280750622876301
383 2.245423414363609
384 2.629601010021528
385 1.656109457003748
386 1.2172881838200076
387 1.4584272926594664
388 1.3445634684172594
389 1.3737909487879314
390 2.5683320899643083
391 2.3302847104574145
392 2.4456935621278513
393 1.8820853418507062
394 2.531288003431778
395 2.37434655509933
396 1.7591559578080695
397 1.9610069641813925
398 1.5437732859896482
399 1.8878546462067132
400 2.3221010771965243
401 2.680484705978134
402 2.679901192213123
403 2.6777842411823594
404 2.6267423979938727
405 2.356548826841884
406 2.835526081615006
407 2.7830328938326234
408 2.791666050715966
409 2.638942829553183
410 2.1765013298892146
411 1.4714748598211185
412 2.4730178804598237
413 2.193298078259521
414 2.205352896866512
415 2.3154850436280725
416 2.0764987299605595
417 1.9903608396531887
418 2.1117635003222923
419 2.1137267901831627
420 2.018674691802992
421 2.385042914835707
422 2.1612853697343346
423 2.2607917970620646
424 2.3066159693325097
425 2.447846182174553
426 1.4191096513342245
427 1.2794376164097423
428 1.1251990709892254
429 1.4379593548270109
430 1.8732275936634935
431 1.9907870144405095
432 2.1670738505215468
433 2.2600402505772528
434 2.139193310499766
435 2.147214492506551
436 2.4698020979862094
437 2.282584044684528
438 2.2103634501605587
439 2.042740240155733
440 2.147913986763881
441 2.1371865779348633
442 1.934586850364429
443 1.3735817639674666
444 1.4113083757978235
445 2.094595478857559
446 1.2088607631466548
447 1.4055193698135175
448 1.0977822959100572
449 1.617901343193933
450 1.8223972207496217
451 1.6616329133920376
452 1.577125445915898
453 1.9109125966146698
454 2.164354404469297
455 1.7664233792721178
456 1.8038325278204677
457 1.7022913198373
458 1.9105650117896005
459 2.0262834144928323
460 1.5292445908376413
461 1.9366910735337752
462 2.162130636712954
463 1.7924864007505907
464 1.5775866519971344
465 1.3270130789355923
466 1.6743391304736697
467 1.3340225326647415
468 1.5931847619587232
469 1.0075618195897813
470 0.8372158507975038
471 0.829040163459398
472 1.6935969114130731
473 1.3489589175143122
474 1.3919193316480571
475 1.3792503856120013
476 1.2219935555174046
477 1.9455813957951915
478 1.4546247623712731
479 1.4685525998805122
480 1.1880812534994971
481 1.646864426154746
482 1.3599048166219085
483 1.3532713017048765
484 1.4327274320680292
485 1.7817597715544378
486 1.6531411535174356
487 1.7883384795212496
488 1.6219044579697601
489 1.8482221511348045
490 1.6426111299270785
491 1.8756924784497202
492 1.4360405049863718
493 1.4421531201806765
494 1.4634450202161386
495 1.3267365199213894
496 1.277735908096186
497 1.2142061129003299
498 1.2857752786677121
499 1.2567478069858478
500 1.130207453594551
501 1.1591826127979403
502 1.3903921731490372
503 1.039358015378193
504 1.1239566428445487
505 1.1165271245593709
506 1.7299989101943196
507 1.3802283040529097
508 1.2949827350922576
509 1.7318004460880003
510 1.861525930888379
511 1.0455109682120414
512 0.9543813374620177
513 1.0375630109725495
514 1.0462722740540462
515 0.8035002606942221
516 0.7631453341680381
517 0.9116363198691885
518 1.1476622362190823
519 1.0446920329635119
520 0.9175818123239027
521 1.1654685087865522
522 0.9408405027597257
523 1.2156743407954584
524 1.2661835959277654
525 1.4216696189513618
526 1.2256744199735556
527 1.4188801018301385
528 0.9290975839750564
529 1.4438799133834757
530 1.2407846677382737
531 1.1156007473851217
532 1.142586975757315
533 1.4849583434457885
534 0.7682027803810231
535 0.8358290284662981
536 1.1773391750804425
537 1.0505456621827522
538 1.0675699549198434
539 1.1986126156990253
540 0.8314285151843308
541 0.9149609647192096
542 0.7280237363425504
543 0.8769863543048341
544 0.87490281902816
545 0.9377049931476669
546 0.8753517141776135
547 1.006282368799654
548 1.4061426902359389
549 0.9040938407469897
550 1.723366524519513
551 1.8459956929566137
552 1.9894871296804288
553 1.460556981425408
554 1.474339871730756
555 2.4631009288085757
556 1.929117884627706
557 2.1376924454893507
558 1.3274678429192237
559 1.497795782229543
560 2.0544419139145793
561 1.8106492332858592
562 1.7928189594144803
563 2.1560361733083275
564 2.0692517877437635
565 2.1433942982220664
566 2.1906481486654954
567 2.6535621406852625
568 2.7059273405636413
569 2.1566668523395562
570 2.6744187825149632
571 2.4449268159684805
572 1.1353532446708725
573 2.2914398969840706
574 1.2664497464267783
575 2.2607603621910632
576 1.3990350740312527
577 1.3585867368462745
578 2.0262224837717797
579 0.16114776075059334
580 0.3030758110207542
581 0.19537766263525902
582 0.2887236222682529
583 0.23133274504997883
584 0.1326021821628286
585 0.4374466131469217
586 0.5226035782739651
587 0.3758862774238293
588 0.35458344085336
589 0.32834317184414835
590 0.8047597480767016
591 0.2517316070877335
592 0.22640627707363953
593 0.23354259030838712
594 0.346261067540027
595 0.590620123884607
596 0.4354266737322776
597 0.3450683431610511
598 0.41751041920660015
599 0.21240991411577959
600 0.2977935072241897
601 0.26439234742919315
602 0.34223364902154946
603 0.16212476261587405
604 0.30301555853364825
605 0.5830688048201724
606 0.3864197346983719
607 0.2972089034956713
608 0.3195784944437198
609 0.27633630659889535
610 0.5034186742284481
611 0.31837491202479756
612 0.4856939280353274
613 0.3653452406269514
614 0.921386683888746
615 0.47469379787281746
616 1.2125016896603156
617 0.34645661315117826
618 0.8017607280270189
619 0.434805200010178
620 0.5960091661001734
621 0.5938503457299678
622 0.8127638897782341
623 0.5861241798979893
624 0.19893707405899066
625 0.46641699988178675
626 0.4942521599185258
627 0.25471931481902244
628 0.28018706284075523
629 0.4236291519126841
630 0.24754836965579585
631 1.666670005988753
632 1.74624877475845
633 1.0962624065537092
634 1.1234815589751115
635 0.48090692397770335
636 0.4255944570961731
637 0.5098857430651423
638 0.43593538691975986
639 0.5393855873774006
640 0.7749065119125285
641 1.0703815949153328
642 1.4203196175703736
643 1.3061470939597817
644 0.7156846146718542
645 0.9486314072795641
646 0.700291953198575
647 0.4877625878809766
648 1.1369279477632785
649 0.1891727027689073
650 0.2517782501733455
651 0.5658605543397468
652 0.22880517056459876
653 1.1947623677046422
654 0.8882412043800727
655 1.4020474976593569
656 1.2379102425107074
657 0.3258292964849235
658 0.2369426911110575
659 0.2384582909657686
660 0.2486777065370398
661 0.3194007047864542
662 0.3143202153089069
663 0.28996917554469037
664 1.4855149861070802
665 1.1552496723298007
666 1.0652806258986018
667 0.9545604289898166
668 1.2334872243830426
669 1.6326365589060394
670 1.8303211296802733
671 1.7196965059216411
672 1.4054415390719979
673 1.37683344206446
674 0.8066567945841528
675 0.38694830948155995
676 0.7870640710493522
677 0.925618174483678
678 0.6092329382799925
679 0.7809706377313419
680 1.2382658056040834
681 1.015307008421056
682 0.5140215440639294
683 0.5620165501015281
684 0.25613376160961343
685 0.43292050496048656
686 1.2435978258545701
687 0.4991555417918959
688 0.46014375764874016
689 0.411701622803253
690 1.3293151789401114
691 0.48719555580831875
692 0.3529429908989866
693 0.3533254582945903
694 0.6213452719859635
695 0.6553206749275438
696 0.2952609447395182
697 0.1980873264713371
698 0.35694585025894254
699 0.7293396126326666
700 0.7136503880938336
701 0.48889324192233363
702 0.7381895467324909
703 0.6207787503168138
704 0.5161304224524287
705 0.3426747954143152
706 0.33812549346296694
707 0.31345801673292956
708 0.37293193214027154
709 0.44215585066448326
710 0.2489135860581153
711 0.36662988630408433
712 0.1817247490487296
713 1.4487276308051924
714 1.5448220271518287
715 1.6855802398609983
716 1.292470093447354
717 1.5060669645808433
718 1.393705226491025
719 1.6592218859326624
720 0.26724965655516014
721 0.28503663283002056
722 0.2989890503735709
723 0.3533129634956832
724 0.21524426082546194
725 0.386479358256271
726 0.26162947302132694
727 0.36667375100194954
728 0.2682907285941377
729 0.22265294419463022
730 0.26257580038548745
731 0.6352208555164253
732 1.4630194211236474
733 1.5147741958756575
734 0.9204756757480568
735 0.8057283156978101
736 0.7652690690497859
737 0.6189098908660422
738 0.9887294352205994
739 0.6809638603197964
740 0.7973490920744899
741 0.9729350236550605
742 1.0272273863410921
743 0.6857533877749324
744 0.8543560211876622
745 0.38014687675235936
746 0.34742949987599425
747 0.35343286522568373
748 0.5526603297738715
749 0.5870948270439934
750 0.970407646757872
751 0.6488123775825596
752 0.5708837826811585
753 1.4825797304339505
754 1.550384619627958
755 1.4322706125856757
756 1.6794906114519041
757 1.4930149557873236
758 0.8528158885436823
759 0.7146532157504253
760 1.3822338433271608
761 0.5700656775194477
762 1.197735333494848
763 1.1158538484841374
764 1.4222377439570772
765 1.762969090603352
766 1.8745673622361751
767 2.259893361165229
768 1.7091147205538841
769 1.5228302273210153
770 0.8723490564570522
771 0.8719411005297374
772 1.1493176373509029
773 0.4932594794141185
774 0.7913721602520734
775 1.4701460812105982
776 1.0294861388667587
777 1.2397095953111343
778 1.8320525166962933
779 1.471346275193309
780 0.2825527707003521
781 0.39563034761815785
782 0.23311294836676494
783 0.6006021333010929
784 0.36378032362628576
785 0.34147079754818277
786 0.3173473721945701
787 0.24815455614855525
788 0.26327784449985353
789 1.2273487280691118
790 1.3890379151234065
791 1.347557024375317
792 1.1207589714119224
793 1.4304139727616278
794 1.1314708226133816
795 0.5529684219890865
796 1.0689514043338566
797 0.9540827116233218
798 0.6236496733906357
799 0.4532085564236201
800 0.9442470617596554
801 0.5876098790844076
802 0.6594183312450488
803 0.8381656893844716
804 1.134028796246179
805 0.732670003226701
806 0.5155595392730868
807 0.3821775613718679
808 0.49431106970581545
809 0.3531827749113146
810 0.706642946987178
811 0.24789186190858328
812 0.3327445781371538
813 0.4365442540691897
814 0.4254959120296431
815 0.43474702980873625
816 0.435012048653431
817 0.4959004461324472
818 0.32776479320252117
819 0.3737089729086519
820 0.425627607363376
821 0.34028679293083
822 0.5566338133581556
823 0.5012467894326261
824 0.8688764890218539
825 0.7636473772122465
826 0.4853976414718447
827 0.5305351667884488
828 0.3935791554364707
829 0.5274006637316767
830 0.5505703896335532
831 0.6996729377297461
832 0.7272411851051569
833 0.7316473605666249
834 0.4382480680417927
835 0.4472133506336663
836 0.39689658876079525
837 0.25660875806855526
838 0.4016298496507186
839 0.32237832070735173
840 0.41969506472477813
841 0.45322356250046847
842 0.4371649501617444
843 0.496893032999953
844 0.5893856442850092
845 0.5724035515444394
846 0.6855297453731749
847 0.48196942279957034
848 0.49244186353975045
849 0.7681709265576833
850 0.381886256795675
851 0.5697232904353547
852 0.4884501320859148
853 0.39112957976795426
854 0.36608007301592127
855 0.45559659185157264
856 0.5183241132008656
857 0.7824181305842048
858 0.4530786145065446
859 0.4616014556045358
860 0.2963688754437545
861 0.46118720617867215
862 0.5761110875537797
863 0.47267131404443485
864 0.5135265433576084
865 0.5788058704570548
866 0.7062080471652987
867 0.6779646633884442
868 0.593935856101298
869 0.3681912206660133
870 0.9041957475017821
871 0.6732903037226639
872 0.2415489153999297
873 0.5436809421854313
874 0.6646625092417746
875 0.6226306812114204
876 0.29858393774375247
877 0.5676110195188899
878 0.43964441379771535
879 0.4931498026235878
880 0.28007118565355715
881 0.34168417744669743
882 0.4126383558501183
883 0.3829408991080262
884 0.548658883787812
885 0.9424148630161876
886 0.7985190445103872
887 0.6867376515212404
888 0.4245179767505705
889 0.9860978089950275
890 0.27961334960940554
891 0.3137431668872783
892 1.2805292709245069
893 1.2573645334102466
894 1.417371960164243
895 1.4112487968288923
896 1.367854673056038
897 1.4859301788848334
898 0.783963077184619
899 1.1126617218028998
900 0.5795023862159046
901 0.4465647211874953
902 0.3949846097540731
903 0.5066925374682225
904 0.7970842387836279
905 0.6472283961045641
906 0.5253601036595976
907 0.6921226138207623
908 0.4325297057374079
909 0.4075627951581515
910 0.31068202624895824
911 0.5825225400933085
912 0.5555450172322702
913 0.45601023439895827
914 0.3132667532264415
915 0.5202961451681876
916 0.432411439329326
917 0.49914996702329634
918 0.38087771206420895
919 0.3703335313079107
920 0.5020601458586667
921 0.2995843068850401
922 0.5031082511952869
923 1.450769022313123
924 1.356969238119799
925 1.5656909214905883
926 2.1028414765033103
927 1.4942236418206933
928 1.7674507982072287
929 0.809966391172732
930 0.9669476196220148
931 0.9020050438982972
932 1.5211293075639198
933 0.6452582059129753
934 0.5210903593101056
935 0.5224758877866964
936 1.1197336466912358
937 0.900762603432439
938 0.5116019038486448
939 0.8048189584317451
940 0.2948648549637799
941 0.5397756331453728
942 0.8909497268854968
943 1.5797655723737667
944 0.6401930162215901
945 0.4492212224108826
946 1.1267489025780002
947 0.7584427272328915
948 0.6865166666565067
949 0.5824387892853436
950 0.7516988458576199
951 1.4191421616206392
952 1.2794328966225255
953 1.1588440046522879
954 0.8549220173906097
955 0.614791250706705
956 0.9705831922743569
957 2.0735350046727428
958 1.8124204183623225
959 1.6756855341537968
960 1.474136841043246
961 1.7818259851457772
962 1.7921860521000554
963 1.4141016423924984
964 0.9743295192871235
965 0.8468860604627664
966 0.6630536723317149
967 0.7333973102183509
968 1.8907161653494375
969 0.9201922414814063
970 1.4721531393044234
971 1.2360079148171108
972 0.890761619927704
973 0.5695160276188167
974 0.8918904840631254
975 0.5096307121426822
976 1.2244945679614156
977 0.99622808547881
978 0.843396265382846
979 0.8930834369810848
980 0.9659294305701324
981 0.5500762046932051
982 0.6156421139338508
983 0.993904178401511
984 1.1944070220982979
985 1.793688843046935
986 1.6592696745799502
987 1.1376221627831131
988 1.890097083358758
989 1.4004688668733851
990 1.5870120217418442
991 0.6552155046014616
992 0.4980346788135896
993 0.36786908701456955
994 0.4247352468384111
995 0.35097849980397855
996 0.4128023691840647
997 0.22531947373781447
998 0.3042470933930154
999 0.21521595441696642
1000 0.3190832720017859
1001 0.32291831958473705
1002 0.7388329364665625
1003 0.5930819141820831
1004 0.6259694915616971
1005 0.4492015998590259
1006 0.5613312631183759
1007 0.37422777379959526
1008 0.4993529150295555
1009 0.8382060319623992
1010 0.874815398459391
1011 0.5605578678578675
1012 0.6724209478418472
1013 0.7608843740868625
1014 0.7568197700004614
1015 0.48855882563138375
1016 0.4282310336645637
1017 0.8079779921558956
1018 0.5880707701759225
1019 0.5745553871243567
1020 0.5959311936163196
1021 0.43830298108354876
1022 0.48855393406139924
1023 0.5069101175949726
1024 0.28408734033569183
1025 0.3191572269583739
1026 0.22111428032558741
1027 0.12996401039822583
1028 0.7339456035159169
1029 0.7724075171118163
1030 0.9978536662590363
1031 1.0141335308981776
1032 0.5395606766371938
1033 0.3917746947100897
1034 0.7871891620878027
1035 0.9836718660749548
1036 0.6872629709512431
1037 1.0461314438789528
1038 0.7342575846982449
1039 1.283285609768951
1040 0.23239456531777442
1041 0.3187028427055336
1042 0.3265960914961217
1043 0.31942660976873644
1044 0.30087889424102454
1045 0.35410095817689924
1046 0.35912026563822064
1047 0.3654275270332329
1048 0.2660663983743276
1049 0.23864665004854937
1050 1.1772497550737828
1051 1.0652541754900355
1052 0.7181001797310196
1053 0.5101863458367224
1054 0.36892363483475676
1055 0.3323717797232749
1056 0.1648115776222911
1057 0.43195875802550115
1058 0.4017562346812215
1059 1.4620877036060587
1060 0.7476283723699322
1061 1.0219063709557847
1062 1.8805724023268555
1063 0.773621684721712
1064 0.5565685624002725
1065 0.709351009351082
1066 1.1414067382829418
1067 0.7572184725356994
1068 0.3160278184440286
1069 0.3026087476482732
1070 0.2256725007041298
1071 0.24573464171224765
1072 0.4398114807576835
1073 0.6397057804659361
1074 0.7410323383730328
1075 0.8249326281917089
1076 0.27648344291234583
1077 0.41218765038926064
1078 0.272457855725581
1079 0.15962768143765693
1080 0.3655069377878179
1081 0.6165750759728696
1082 0.6786599997212059
1083 0.44699054057254267
1084 0.5883548799323857
1085 0.5429124020401137
1086 0.5248079142097055
1087 0.4695246140695003
1088 0.5157918616317753
1089 0.38664197847239967
1090 0.48243813843306704
1091 0.3413461933982144
1092 0.45714035130453007
1093 0.3986505275445682
1094 0.3129447403926331
1095 0.3406111728572521
1096 0.45870624871556276
1097 0.5465123848502915
1098 0.2849408389554668
1099 0.44769109958562736
1100 0.3311370654395693
1101 0.8007567317969267
1102 0.6051050781510809
1103 0.5915544184839876
1104 0.6660315097799114
1105 0.8006051840084953
1106 0.7182139299639689
1107 1.042709561207017
1108 0.5118994610996866
1109 0.6027682192181341
1110 0.4715834314608351
1111 0.31416152040299417
1112 0.4169180832692019
1113 0.38513191965154486
1114 0.3936261316746723
1115 0.4159179860749271
1116 1.2664712635316695
1117 0.9409365225679409
1118 0.9576386148345243
1119 0.876259442851393
1120 0.8886466860982323
1121 0.5246717934612819
1122 0.8405908219173387
1123 0.8515464143250331
1124 0.7533976010467535
1125 0.6468981845382078
1126 0.4115876221919523
1127 0.4221087381233831
1128 0.5794204045308451
1129 0.6177686632548818
1130 1.3606334465484071
1131 1.302743208645883
1132 0.9997905782953209
1133 0.5737630862434359
1134 1.4934894541069688
1135 0.2488438358683922
1136 0.3649795746746704
1137 0.27444962870153367
1138 0.24101476123935722
1139 0.6035647094817009
1140 0.7367208649459236
1141 1.0953046950648804
1142 0.5770280936687076
1143 0.6110497199547927
1144 0.5985258417949519
1145 0.37899354273619656
1146 0.5983953116906684
1147 0.6889112501823618
1148 0.7596111542571693
1149 0.7673554404647582
1150 0.7882411515748634
1151 0.6023975078231876
1152 0.31556595234581325
1153 0.6443523336346271
1154 0.4284314413688257
1155 0.3477805912124406
1156 0.8147652390613389
1157 0.6352767167645874
1158 0.6355024483625775
1159 0.9393979311168743
1160 0.25599820661290335
1161 0.40138876644093835
1162 0.32533505944120167
1163 0.554581797845982
1164 1.2598749353687275
1165 1.1189027526378676
1166 0.7074812674592248
1167 1.058298775895243
1168 0.6401075799503824
1169 0.787412665365187
1170 0.753998323020869
1171 0.5819688146939284
1172 0.7553346923949017
1173 0.299012884802243
1174 0.2462000662820471
1175 0.2983839356970051
1176 0.1844292516849571
1177 0.6524779240650012
1178 0.40267668385597144
1179 0.6767557989345306
1180 0.4332761102914587
1181 0.6540723587491473
1182 1.1606539543272447
1183 0.9342110200998863
1184 1.0950275811084724
1185 0.8772135305130471
1186 0.5124821142756925
1187 0.5985191125987975
1188 0.4815785856452315
1189 0.39724243785427643
1190 0.48158916176363137
1191 0.5350494192523798
1192 0.3564846618685527
1193 0.5877564149211454
1194 0.25459061376349357
1195 0.4381232226574237
1196 0.28011615372515297
1197 0.3384279359229988
1198 0.4144507118788635
1199 0.35531022714990124
1200 0.7216227806652985
1201 1.186266613676563
1202 1.0525378953995403
1203 0.9015450991102383
1204 0.4234100201882878
1205 0.5119777220794033
1206 0.23592685347899542
1207 0.25621058536689023
1208 0.6061409926543047
1209 0.6316987951482133
1210 0.9808815363075356
1211 1.0304783785818217
1212 1.3692951531069564
1213 0.5827475752899665
1214 0.7334724424906233
1215 0.9682042294062729
1216 0.5370298366414843
1217 0.9633361142167403
1218 0.7589727843782916
1219 0.5226619428583283
1220 0.6842729731372076
1221 1.0450343879368353
1222 1.0124968201596745
1223 1.5569722501442351
1224 0.643710671826531
1225 0.6319350225566955
1226 1.109539494808316
1227 0.4973477664374159
1228 0.46660679358684365
1229 0.5738496706250084
1230 0.49370880444481
1231 0.39491378473115474
1232 0.3373021286631287
1233 0.45487045231271706
1234 0.40341835982321006
1235 0.43355920107398593
1236 0.477852979815829
1237 0.5326772030697713
1238 0.23063427262806918
1239 0.5127067416997548
1240 0.44380522775886
1241 0.7519818064066064
1242 0.2581480098509672
1243 0.33868897418570454
1244 0.3691014969364792
1245 0.30804806951246955
1246 0.616389013727092
1247 0.44036545245674275
1248 0.49891888785620675
1249 0.313451122582537
1250 1.6655747042116298
1251 1.6354589328874498
1252 0.9542588594712804
1253 1.4532112716883505
1254 1.3851790635328014
1255 0.6377551480177075
1256 0.5408724780418017
1257 0.34867401460995984
1258 0.48487052005404935
1259 0.5596035026184336
1260 0.4104422085827462
1261 0.25144389330246913
1262 0.47126474237630434
1263 0.42337737213411847
1264 0.5954120148294603
1265 0.35110513591715853
1266 0.27130552948506814
1267 0.2682274255002298
1268 0.34528272566243273
1269 0.3937491748438319
1270 0.5326647339087246
1271 0.5331322623189738
1272 0.7051475466550303
1273 0.42444488437408806
1274 0.4302157659937062
1275 0.36659797803231475
1276 0.29299996024971176
1277 0.32760149306160147
1278 0.36943933074879615
1279 0.4154841206641121
1280 0.394846021850351
1281 0.45825847840632083
1282 0.596417382310857
1283 0.7534613898950359
1284 0.37273159179030574
1285 0.3859940727531731
1286 0.4108063815214722
1287 0.5834508595787126
1288 0.6933411727316366
1289 0.44069145418118055
1290 0.5614190941488977
1291 0.46145852831556955
1292 0.4895236872803189
1293 0.3393842988218191
1294 0.3816396528103571
1295 0.25001925604062114
1296 0.3256395003749414
1297 0.20527162924624337
1298 0.21519966136736518
1299 0.23068248195222274
1300 0.3563675589332681
1301 0.37805253096951374
1302 0.3984350367789159
1303 0.43522584837230455
1304 0.41089564371145837
1305 0.5141965488844187
1306 0.4663779724197657
1307 0.3466200789551238
1308 0.2038262157301837
1309 0.5052654146038682
1310 0.28680612299904606
1311 0.39887531173293594
1312 0.3269372620945358
1313 0.23169051529112575
1314 0.3050868301216786
1315 0.3462951835884368
1316 0.3848772033412563
1317 0.38658796937989015
1318 0.6621427742191563
1319 1.093367724095447
1320 0.42202141085795625
1321 1.1146997156460956
1322 1.209841298247384
1323 0.9031734534913612
1324 0.33792764002192927
1325 0.42713557597731233
1326 0.4886380254265207
1327 0.3716416477476651
1328 0.33904886143961555
1329 0.5814218206378771
1330 0.2670393065077613
1331 0.4792638142960596
1332 0.3001981571888569
1333 0.26352061459834364
1334 0.3650193921196467
1335 2.644832972263374
1336 2.3186867407180545
1337 2.4430409773059822
1338 2.4200923047567713
1339 2.4369749437850348
1340 2.477357961928999
1341 0.37942780262123593
1342 0.5861819919475431
1343 0.5363075525532301
1344 0.7619927218418987
1345 0.5812980684600825
1346 1.8226445453409883
1347 1.837830722106534
1348 1.505059457361924
1349 1.5184269438245388
1350 1.993479296795392
1351 2.1455049028526214
1352 2.4013155783185596
1353 1.9536903589135948
1354 2.028807585660896
1355 0.38136111065928013
1356 0.543800114235736
1357 0.35927911692463466
1358 0.5951619813483282
1359 0.47816788084414064
1360 0.5793277027712995
1361 1.331543526343574
1362 1.1149733917623368
1363 1.3831437647142595
1364 1.5299553773731778
1365 0.43890068976183927
1366 0.4043550929501486
1367 0.3821073238123227
1368 0.39463607459687144
1369 0.3835763521423634
1370 1.0003371917546195
1371 1.117157489877303
1372 1.112044574410143
1373 1.0667137974990526
1374 0.6481215230510904
1375 0.6128103746056308
1376 0.5650969325295403
1377 0.6934128070703018
1378 0.7265800770036246
1379 0.4562872923243382
1380 0.4630118712475277
1381 0.25326555210286417
1382 0.7723014227213217
1383 0.4184366410786774
1384 1.5390153163767866
1385 1.3509875972544996
1386 1.2560553157396104
1387 1.4126105879194168
1388 1.5947970020907916
1389 0.4695705395524057
1390 0.5673389723017178
1391 0.7803913906858757
1392 0.7478182954407566
1393 0.9646738729679033
1394 0.8185207333399117
1395 0.4695760938487955
1396 0.4537724886562956
1397 0.6844867422826787
1398 0.6673919127158291
1399 0.7992657251769609
1400 0.5838300070811564
1401 0.7784893780190358
1402 0.8364985624826752
1403 1.1796967528402984
1404 1.2337906071444897
1405 1.0032674254946716
1406 0.7616670217538382
1407 0.8675577706603419
1408 0.7722956296569913
1409 0.8136076243544665
1410 1.0467765158970002
1411 1.0793421704248019
1412 0.6109384547623192
1413 0.38206494178719363
1414 0.5745080593749403
1415 0.4069918900939889
1416 0.5340370302504256
1417 0.81645086250631
1418 0.8463354814339128
1419 0.5930856991075514
1420 0.7382444393320235
1421 0.7783349090162347
1422 0.7682210606587732
1423 1.1949964283339667
1424 0.8056570745756207
1425 0.8605972149527059
1426 1.0718815418983836
1427 1.018485242355781
1428 0.5802754803797818
1429 0.8383908911086462
1430 0.6098396496909939
1431 0.8216185474921178
1432 0.8572618932302929
1433 0.7384981684968566
1434 0.5050309164957435
1435 0.6166297375041161
1436 0.42752331722544124
1437 0.8808571833880195
1438 0.7301972677979918
1439 0.9166520092244134
1440 0.6625629646607036
1441 0.8145407044378263
1442 0.3625272656072003
1443 0.5814266138347851
1444 0.5433321784044806
1445 0.5091605275492894
1446 0.6097668946277978
1447 0.5586211360562617
1448 0.8740389336183628
1449 0.7429581374978663
1450 0.9074691059724688
1451 0.6799552059644514
1452 1.2034770374239867
1453 0.6259299973352924
1454 0.949879094333983
1455 0.9613928746757715
1456 0.9811636702781213
1457 0.9282358189061072
1458 0.6289215711590492
1459 0.6069132397560723
1460 0.6620771729448991
1461 0.7464756219989663
1462 0.910492849531741
1463 0.983370893726446
1464 0.8390021328851877
1465 0.8088006881270183
1466 0.6857267896701564
1467 0.7648704767317414
1468 1.1002394027233304
1469 1.127130158574704
1470 1.2365452160063306
1471 1.5228626865189532
1472 1.0800228310016593
1473 0.15098312443323375
1474 0.17185615661476533
1475 0.13617937288246446
1476 0.4322607760151729
1477 0.3547772582947473
1478 0.3539479916986329
1479 0.3844501807087793
1480 0.23551838436703904
1481 0.22673377852878723
1482 0.1712692128820793
1483 0.1525888639813247
1484 0.1752838023215757
1485 0.18404811827643824
1486 0.13653093729241897
1487 0.22134037245358884
1488 0.15519481037775268
1489 0.21729649351480598
1490 0.19702749669059863
1491 0.21583136428769345
1492 0.21335484409790673
1493 0.2613600768490244
1494 0.4716264915132247
1495 0.2801045016924648
1496 0.3426913623839648
1497 0.21510223786074834
1498 1.0155366330237434
1499 0.4620174742361431
1500 0.3180093477621605
1501 0.19928071133426584
1502 0.15379487006104126
1503 0.1738247673649756
1504 0.1566990837203405
1505 0.28660129252858524
1506 0.24582154699080594
1507 0.4645074966407745
1508 0.3459210842103818
1509 0.5905239625642147
1510 0.4775991056852402
1511 0.6150739871130065
1512 0.7164889550086131
1513 0.28642659683243005
1514 0.5981819583810817
1515 0.22201587134238637
1516 0.5463068705190128
1517 0.5815945592596025
1518 0.6013238416966673
1519 0.3228524828068467
1520 0.5203884866097184
1521 0.41066771880345476
1522 0.17085654798770075
1523 0.07146836105679498
1524 0.1620652524131704
1525 0.13883245295569743
1526 0.2521694181918418
1527 0.45327004176003194
1528 0.29376580995403917
1529 0.3704456685783044
1530 0.3569439509667043
1531 0.43001433869451167
1532 0.25492814128429553
1533 0.20364015766885
1534 0.26999332118258085
1535 0.20049927661285114
1536 0.2586718287233165
1537 0.21003222049455994
1538 0.3605299511311792
1539 0.18125570591283457
1540 0.25194804851958696
1541 0.26165712079211095
1542 0.5966911483029232
1543 0.31286335891775036
1544 0.29189885144019573
1545 0.2968993784303702
1546 0.5414990063503109
1547 0.0988214418985846
1548 0.31184537380636207
1549 0.2096373023719913
1550 0.14166754879252785
1551 0.12314955616913587
1552 0.347817501064439
1553 0.4579517472963389
1554 0.44725017988647203
1555 0.27555473178550227
1556 0.3297544420473102
1557 0.1073253707540133
1558 0.08739862312852427
1559 0.2662074160219954
1560 0.26373149976384425
1561 0.11656573615199828
1562 0.1507764408739854
1563 0.18291562449546656
1564 0.24083960988943331
1565 0.14154217375507927
1566 0.12789227833863018
1567 0.2609191150088856
1568 0.17016740582954537
1569 0.2989520246688233
1570 0.2834106377185627
1571 0.2412030955547046
1572 0.15940073424240955
1573 0.10695591371496078
1574 0.1999287511460941
1575 0.05796712337669484
1576 0.1435130780352828
1577 0.19952225681318952
1578 0.14461239879989518
1579 0.12730114166087733
1580 0.18005634131888026
1581 0.2742005026154404
1582 0.2756386240374424
1583 0.19831698953197355
1584 0.2706786054782347
1585 0.16395413398163677
1586 0.2994042761178413
1587 0.2214242228680401
1588 0.40647967576116717
1589 0.5506504492747788
1590 0.2459559614492809
1591 0.3202594304797619
1592 0.5295200793752239
1593 0.14086879045270706
1594 0.4465075169096052
1595 0.3609877270385674
1596 0.2546850332719366
1597 0.2758548907004329
1598 0.25990114439949497
1599 0.14464511242259023
1600 0.29952816017061096
1601 0.3262210110372996
1602 0.2713754932695658
1603 0.4655722584133314
1604 0.4282940123728888
1605 0.37125201963256727
1606 0.2844203972599839
1607 0.33458088512847545
1608 0.2044071306560811
1609 0.3560420649729509
1610 0.4632430343702111
1611 0.2557216244022023
1612 0.3174780763238779
1613 0.21575085027574342
1614 0.24225105080203746
1615 0.31469609427786466
1616 0.36200810902791236
1617 0.3274121070872078
1618 0.3823730896405402
1619 0.7502005412284763
1620 0.8457029495557489
1621 0.7400939439545031
1622 0.4757277311708209
1623 0.5397298612101435
1624 0.5364060932092853
1625 0.46706745910367453
1626 0.23772263444179204
1627 0.3772888232920477
1628 0.20473714082596167
1629 0.08850621361587384
1630 0.10444965174365949
1631 0.1444179901677316
1632 0.20633235386690013
1633 0.32677782115343923
1634 0.15617982308573702
1635 0.3365968226334692
1636 0.5056337228651002
1637 0.443496696724829
1638 0.3506482831309817
1639 0.24824769935515
1640 0.1882539007931556
1641 0.33014148484964967
1642 0.47880436162108586
1643 0.26323837928050003
1644 0.19811882285737717
1645 0.17556842392005023
1646 0.16343047439280375
1647 0.1582736353557611
1648 0.23039867323053365
1649 0.2174273676886181
1650 0.09655238204536234
1651 0.1292613082860938
1652 0.17591883195315303
1653 0.3876403744643387
1654 0.5768784509093601
1655 0.2515019968176001
1656 0.24627185261648402
1657 0.09433712791555332
1658 0.18939396190844968
1659 0.33438728438034593
1660 0.20189487976548803
1661 0.2741911935532634
1662 0.28122466345945524
1663 0.16658719205105765
1664 0.16745858325170457
1665 0.3870303819713288
1666 0.24189756487243885
1667 0.1545755350156943
1668 0.2764497022581744
1669 0.2107482912451692
1670 0.25734061904483296
1671 0.3011690264144757
1672 0.18094236807153066
