0 0.2506958006939618
1 0.10171360280678299
2 0.2218936679752158
3 0.06463818308467113
4 0.13317347484718406
5 0.12157739990245636
6 0.2032613671168355
7 0.1393389635286803
8 0.14162601313890238
9 0.15720964726588676
10 0.0953121007242044
11 0.12668567971281738
12 0.2134572062507362
13 0.21030227715839342
14 0.35475562015238754
15 0.2628501143369042
16 0.22892054524101033
17 0.22873064348730832
18 0.25462968067618924
19 0.22673324856189553
20 0.13928936216023033
21 0.11752252814642569
22 0.25840728973956706
23 0.16445442097536966
24 0.33595460211339745
25 0.27918914436945624
26 0.24529151726595008
27 0.24565378270026839
28 0.26327485292853614
29 0.2064577144394679
30 0.1424560034591217
31 0.2770883312635763
32 0.23958624942350584
33 0.19454813866693008
34 0.23467890409019
35 0.23180346853265335
36 0.2854934831245113
37 0.13321332913864134
38 0.19802380660639374
39 0.07914229825994472
40 0.12408943252790786
41 0.2961526581867316
42 0.36810894064606514
43 0.43100911543891596
44 0.4302249768129564
45 0.2852799906705844
46 0.29806925573249143
47 0.22968705359942143
48 0.32318087352512176
49 0.14507180698434444
50 0.13118341864114486
51 0.30122202340808724
52 0.2441326091744646
53 0.21562176824524826
54 0.43453463576905405
55 0.43828763274879634
56 0.3480534492555986
57 0.7751243334000665
58 0.6012267019086388
59 0.32236277465124696
60 0.6407571508178037
61 0.6586656174224692
62 1.0908664264416534
63 0.4332581172368214
64 0.1682993041748294
65 0.19127790371298597
66 0.10315543673144809
67 0.1782741395895193
68 0.21949627447258613
69 0.1553453754791917
70 0.13164805351392794
71 0.1543627709326139
72 0.46492002622969486
73 0.5322739627121356
74 0.18063601823088085
75 0.20572074919874028
76 0.2132274735833468
77 0.17589197937440912
78 0.5057396854144227
79 0.859926097612029
80 0.44244332745608117
81 0.3837083575862404
82 0.19105708258406692
83 0.49223730387302844
84 0.2834615519988288
85 0.3687712666660973
86 0.2433974845861569
87 0.3191542426642377
88 0.09579001785219943
89 0.20934195258159327
90 0.16892542916589653
91 0.11957169543660331
92 0.15432275003745258
93 0.12037075164150278
94 0.28778774754224135
95 0.3179363337224645
96 0.15668409308752962
97 0.20495478751789395
98 0.12851895861831986
99 0.26351328773202093
100 0.29885540577117
101 0.4120824176929905
102 0.3447548215424143
103 0.26011678430166346
104 0.16319346875675833
105 0.27526018329983265
106 0.3016356506474998
107 0.14711753653177553
108 0.3774597939657789
109 0.3823148923005284
110 0.27598024975701685
111 0.3383013618475378
112 0.1724419224595409
113 0.1770158034853747
114 0.2103367957426469
115 0.15528653295868453
116 0.14640445386059225
117 0.08787436407713227
118 0.11408218436161134
119 0.16768667049307479
120 0.15253076864739581
121 0.2619824822888768
122 0.18211161821009292
123 0.15187261594829096
124 0.2345591188208117
125 0.12088231724019827
126 0.3918509696069865
127 0.28830447207135745
128 0.24620565884596876
129 0.1972073914514627
130 0.23573301965376772
131 0.2341056679944765
132 0.16789943318636236
133 0.2170310109727531
134 0.07633470287527717
135 0.1314710582614798
136 0.159350753785579
137 0.20886503580974491
138 0.24709056334836113
139 0.19411374522471617
140 0.13092268322191575
141 0.21881873115880926
142 0.13041439873123978
143 0.23623088869272924
144 0.29015899216309365
145 0.17505773695467425
146 0.1738991245867397
147 0.12360206503166618
148 0.3341196696750182
149 0.26401034557068426
150 0.19936059176883997
151 0.13591682970526564
152 0.39955761985606747
153 0.30016148446689217
154 0.2612225810227501
155 0.21854431483817938
156 0.15268866726469243
157 0.12823268835476317
158 0.1785880447224371
159 0.2786656124593823
160 0.3104607414193797
161 0.21355753686337392
162 0.26063789319360164
163 0.24793386676135376
164 0.32653336504683994
165 0.1816985448262111
166 0.48074292997525125
167 0.14315498503065596
168 0.26430495958720834
169 0.22567672463819632
170 0.11810357393054902
171 0.18098820011816671
172 0.13002157262807365
173 0.15826860802995382
174 0.22053871293114152
175 0.13754734516343856
176 0.2720751640231619
177 0.17620078936722888
178 0.20069419804704464
179 0.197534928595086
180 0.2273725716375677
181 0.2234960663633604
182 0.25766518229063917
183 0.2170811342902274
184 0.22599529583503192
185 0.23642834692599507
186 0.24000461832811734
187 0.12648712923659822
188 0.25945298056500143
189 1.1901118251782794
190 0.18000523276107233
191 0.4320637251341619
192 0.18108268347262158
193 0.23259936145935806
194 0.2871102653442681
195 0.23929263171170662
196 0.24969495521129542
197 0.21246927447354402
198 0.3269116080135892
199 0.518673700394848
200 0.283160057230526
201 0.493946357439215
202 0.37159971429786853
203 0.34018004411261693
204 0.43552327494194804
205 0.28096096614897614
206 0.39109071833688525
207 0.2492254137845148
208 0.3473167575081735
209 0.33302481022524727
210 0.32475903054272987
211 0.2986842245399519
212 0.30301027414660436
213 0.2766655201377962
214 0.29556325980683523
215 0.5674482759327132
216 0.22510536414475307
217 0.5030256713372795
218 0.3504028826866203
219 0.2784287489457698
220 0.3604048400211055
221 0.6200258207383327
222 0.6657223885003791
223 0.6067227622293057
224 0.694863323257381
225 1.0701940932701621
226 1.0119448368289032
227 1.0083310076020262
228 0.4383148137793661
229 0.23395838216002746
230 0.19015122483918315
231 0.28947278577094904
232 0.24047589334747718
233 0.2768899116292465
234 0.37510305130163535
235 0.28542506679579793
236 0.32380365873746353
237 0.9251315042467423
238 0.8915978950081317
239 0.9483414662155032
240 1.0195997888084067
241 0.776507693176157
242 0.9549235568636092
243 1.1882617625465448
244 1.1308732156321228
245 0.9697588546095639
246 1.7610454831962339
247 0.9905072982280849
248 1.3826028524694003
249 0.19191228332706153
250 0.09204279117422248
251 0.24953473612413873
252 0.17130498882068562
253 0.4329041707873233
254 0.28874380301824415
255 0.1828188454555425
256 0.17449629110143577
257 0.18678215896907727
258 1.4729991988692628
259 2.062411950264424
260 1.0212241445346717
261 1.42073327958981
262 2.2146829148057026
263 1.7011360121125434
264 0.7474218455402524
265 1.9498889764468732
266 0.9342392561159931
267 1.1303362728843425
268 0.4762265112569859
269 0.48800607988031947
270 0.5225783391060745
271 0.6554908607884995
272 0.6186766664689538
273 0.785602322712749
274 0.7450131622112373
275 0.7699015781869623
276 0.5413055953120329
277 0.3187301491794382
278 0.2232125652815351
279 0.2625149254164951
280 0.2990761396568009
281 0.3721635565081909
282 0.66939102485756
283 1.1336624835631601
284 0.5325377834975563
285 0.6783950579638114
286 0.9484928293637052
287 0.6073353228362813
288 0.608176071978574
289 1.2959807739134444
290 0.8012280825033647
291 0.4544082646502966
292 0.8064898751493261
293 0.45802400022189677
294 0.39586575406880686
295 0.30780329928685934
296 0.2667833989827839
297 0.22661282602027955
298 0.23701670047435133
299 0.19025090849965226
300 0.24682284141943028
301 0.2076287877897372
302 0.29906221457665705
303 0.29024402735036575
304 0.1652675098242697
305 0.3600393677462196
306 0.2940885607701774
307 0.29544145517331966
308 0.19959235168237327
309 0.19835039427815693
310 0.35360134571928836
311 0.22863619300706972
312 0.2836996057514393
313 0.19141644537608798
314 0.4508652176699923
315 0.29388203841994864
316 0.32717436214687695
317 0.1675482275336661
318 0.15407488439845307
319 0.15921479676113115
320 0.11687953030126447
321 0.1412149940147191
322 0.16126903427168987
323 0.13519437828225847
324 0.20626139301324056
325 0.2860415533713233
326 0.2728172411553781
327 0.2646426260180122
328 0.2241097065583557
329 0.27897472869186835
330 0.1665454881738579
331 0.1456863278005436
332 0.26886080611108554
333 0.36254179972684136
334 0.3845000065786288
335 0.2513486194672725
336 0.24398699335058582
337 0.1335803589835584
338 0.19764346585131126
339 0.25753651865772076
340 0.1694336115759057
341 0.24976133414635504
342 0.2865586664915305
343 0.21509784661734446
344 0.08328042831030705
345 0.15668478615784215
346 0.2551287067980835
347 0.15010241444739117
348 0.3105835818684509
349 0.28250240955749106
350 0.21646622300497564
351 0.2974376239987754
352 0.1121258559279916
353 0.20499280906581993
354 0.11788389450687342
355 0.131817219467648
356 0.28145663873639537
357 0.3129111320778421
358 0.16284914216483354
359 0.10123659890469582
360 0.24285314170038286
361 0.10812396094022408
362 0.14512012272298463
363 0.30336359746040586
364 0.176235734692356
365 0.15841282078350072
366 0.20799773808262836
367 0.1689718474749773
368 0.2653526478478416
369 0.2950408826346863
370 0.18282498091939572
371 0.15893291116086383
372 0.1852471462309902
373 0.15565390999655493
374 0.17637385895913799
375 0.15492964725593122
376 0.33313040797124854
377 0.4391767188887217
378 0.4237200022089501
379 0.4624483142124518
380 0.12199354385771986
381 0.447929710204072
382 0.30569495671829805
383 0.1817522998309058
384 0.21736254502594524
385 0.22500081229626973
386 0.20942484091438723
387 0.29699267987493944
388 0.4241598882487149
389 0.14307950194767552
390 0.31220865050808494
391 0.26507212646737316
392 0.2174184669030439
393 0.28882893994657544
394 0.19307092654033509
395 0.1574267687185336
396 0.12114784926837213
397 0.19725877275649373
398 0.27361674135702946
399 0.2765101254584439
400 0.144822615837617
401 0.6547224472258145
402 0.5200036595491988
403 0.6956717023474357
404 0.6842780082539481
405 1.2294622933321102
406 0.9283317927026851
407 0.7106792702157727
408 1.9654222502173908
409 1.0758319684310282
410 0.2798515775850957
411 0.2674670942987292
412 0.1530942389803634
413 0.2985018508138243
414 0.39497794656604995
415 0.2622963404650118
416 1.8219618911978865
417 1.5420274255337882
418 0.785399661175807
419 0.9136151918837506
420 1.0777950958017406
421 1.8910526448393234
422 1.1793110065517145
423 2.3979145195986646
424 0.1499457998463205
425 0.225705465918016
426 0.07381025525738932
427 0.14515932543216933
428 0.09956639167459352
429 0.21108711903069066
430 0.17350808064169507
431 0.1712485172071626
432 0.2047297747252339
433 0.1542537053681945
434 0.2048217720625285
435 0.274485001736539
436 0.19490971091335801
437 0.24052527795724382
438 0.12951471660116026
439 0.2861040966170418
440 0.3279591754893574
441 0.22490769024194635
442 0.6079571726186273
443 0.31258367115502084
444 0.2971378191039775
445 0.6115916505576033
446 0.24020073846656265
447 0.552822987001395
448 0.27398509099079216
449 0.14424846549286727
450 0.1868313083577176
451 0.2594857458968562
452 1.460244848484506
453 1.4231642106531666
454 1.3300880548817804
455 1.6587760255469757
456 0.9376097852673331
457 0.8609021397176833
458 0.46715577382999607
459 0.5558429697361399
460 0.39293616136339093
461 0.30781668274815743
462 0.5194750067097975
463 0.5398818294020301
464 0.29399094141199617
465 0.3170950683827629
466 0.40389214331818557
467 0.25886876141748916
468 0.15516974250428983
469 0.15009339571620078
470 0.1628192596064859
471 0.160780750856714
472 0.30623319468527055
473 0.37646059585657177
474 0.28924664949509316
475 0.28552936921003536
476 0.3824521272993114
477 0.369803329048675
478 0.1829122224972036
479 0.22416419131036264
480 0.18604198196774413
481 0.21274244882954682
482 0.12913259069913074
483 0.17915978437866775
484 0.11163547263300311
485 0.3266123199715878
486 0.24708441382310528
487 0.20623002131608192
488 0.3042802637687463
489 0.21022621385121124
490 0.13596782964756055
491 0.2556721424834153
492 0.343339008022958
493 0.33428172985760685
494 0.16978253198356555
495 0.14783880994753243
496 0.22425176476706976
497 0.1717433805263022
498 0.10830425173036706
499 0.2271205524771675
500 0.10052605277999785
501 0.17463518755967178
502 0.07560215887266666
503 0.12982810618599833
504 0.1607233231992285
505 0.4131798711685286
506 0.18307509653088727
507 0.21741630258070882
508 0.19996412456811308
509 0.20436039058868993
510 0.16721555725030413
511 0.18623099181888708
512 0.22880931498496718
513 0.32441172693201203
514 0.24424243755936476
515 0.13789760619184918
516 0.16838392751212367
517 0.20359500732389152
518 0.23035479460882008
519 0.12689120550887983
520 0.24441367989580903
521 0.22505357741260754
522 0.4004626009273132
523 0.2563562828668537
524 0.2542842129094112
525 0.3349585180882697
526 0.1451627368222551
527 0.24024019883349518
528 0.38446982162754884
529 0.32571787128153895
530 0.2101676769110627
531 0.2180305364618595
532 0.24987718705015577
533 0.3834736769767051
534 0.21302180260500936
535 0.3711330995537189
536 0.27525372640361445
537 0.3310318091677601
538 0.1394917965705227
539 0.3144911188505197
540 0.22058076810117092
541 0.7565908568470465
542 0.8174486756432578
543 0.7557362252138871
544 0.739357063220873
545 0.15648426595618758
546 0.3348582113829398
547 0.21485625565610128
548 0.3386465545128161
549 0.8375518995336886
550 0.3854420040488814
551 0.34674156795678784
552 0.38455644706285547
553 0.39824993739164904
554 0.38788799770656435
555 0.6123181389231991
556 0.4446264438704193
557 0.27284970658661345
558 1.4241640449571977
559 0.7082097716166393
560 0.785022314401825
561 0.7339472603014201
562 1.0423265003479343
563 0.7705747473798312
564 0.8075516995285941
565 0.36992649089034646
566 0.3396765902899901
567 0.542015779942904
568 0.5602611060225047
569 0.48744994057809254
570 0.7491031772894106
571 1.2959616453679275
572 1.8473283206040043
573 1.446389302611605
574 2.143180176728359
575 1.672223321192955
576 0.9027509078485154
577 0.5513096920613383
578 0.664582820802978
579 0.8481517236695164
580 1.811020617041618
581 1.8457348199617951
582 1.0473382665302455
583 0.9110368501072315
584 0.7049437437790504
585 0.6441373073012472
586 0.7249059123891958
587 0.4577727119719491
588 0.25543585673672975
589 0.518480325063811
590 0.39126402500749713
591 0.44203244803137687
592 1.2444954639331092
593 0.4710626969715158
594 0.5148412640680395
595 1.605475876037577
596 1.8777166286360054
597 1.8161356087724587
598 2.005368612158019
599 2.1243144981376796
600 1.7399364049910653
601 0.8993874812207157
602 0.8496559548223026
603 2.1690134685983904
604 1.8938608089762217
605 2.2980725178141057
606 1.8507593311163033
607 2.0608086672500523
608 0.33982163288519884
609 0.4797203390619471
610 0.3925770266109236
611 0.42547599149885396
612 0.46964195230872996
613 2.26403089329808
614 2.592761651158945
615 2.0449411716134422
616 2.3633234461997352
617 2.2405725986829195
618 2.733337846379129
619 2.3245560906345224
620 0.32740587444182084
621 0.24649980284232598
622 0.21079976504211184
623 0.13438700657169642
624 0.2167586406501924
625 0.9786648732826981
626 0.7036842841598837
627 0.817883030823359
628 0.9411154771857662
629 0.4116597559899152
630 0.4537387710726727
631 0.2562319961969699
632 0.4399748146781219
633 0.32806055222631425
634 0.44680109234109716
635 2.260020976500263
636 2.6043003167651073
637 1.7068761268947743
638 0.8858838005882537
639 0.6696673250798411
640 1.9820539099491885
641 1.917906370691719
642 2.2868016518816523
643 2.125223171139633
644 0.9086639325596484
645 1.1569963591485486
646 0.9877663248395228
647 0.8454290023138028
648 0.8076327388509897
649 0.8594684158894704
650 0.9540418662826844
651 0.8309239105709908
652 1.012525499514481
653 1.099475933155903
654 1.0774446614079212
655 1.2380136789446459
656 1.2079449135254494
657 1.5609916487661737
658 0.6902422635629841
659 0.7116031841977014
660 0.36739942897901445
661 1.2226431919559917
662 0.8204111579167944
663 0.6048083883626099
664 0.735925317013761
665 0.714673758390772
666 0.826635773678073
667 1.410741887473834
668 1.470129367629485
669 0.8797094054363764
670 0.7277795169536163
671 1.4539101903818425
672 0.7233545272520463
673 0.471378956938285
674 0.5687157304990818
675 0.4356612718007187
676 0.9423147438686583
677 0.5251862496802365
678 1.0917201658229594
679 0.731466299302995
680 1.059868503306541
681 1.3145915907534707
682 0.8648117864849387
683 0.8011836750515052
684 0.9309536830635374
685 0.7446597015487888
686 1.8436071447741251
687 2.134338341294693
688 1.1767439254616352
689 2.560051403177644
690 2.1626234786510685
691 0.7155337900622347
692 0.7857982943690174
693 1.0385337989495962
694 0.6135243321828973
695 0.6004565683286004
696 1.9797581507200386
697 1.9785591583042321
698 2.0928097080834047
699 1.8691620924310879
700 1.7030649796862884
701 1.0688131221421229
702 1.353835959738665
703 1.3712165000054792
704 1.0940683795405333
705 1.2454545124068268
706 0.5616399756347605
707 0.5217069049119458
708 0.2120446226814688
709 0.36175222701815557
710 0.4136684760244257
711 0.3903916974458397
712 0.36275822440678307
713 0.5301383171445666
714 0.7122761225796185
715 1.1081714867783592
716 1.3512323659238383
717 0.8506696347248879
718 1.0257344309633192
719 0.7842248534027816
720 0.7934519576373548
721 0.6775457829137481
722 0.7554447893136591
723 0.8352239716672721
724 0.6554499509218545
725 0.5619639228319407
726 0.9110292286587556
727 0.8358717708499599
728 0.7394165527512434
729 0.7902850832493773
730 0.40507620037495906
731 0.5042321704983947
732 0.5204902265377311
733 0.41217962341592174
734 1.6787269495534778
735 1.4322257449177114
736 1.37335756556026
737 0.9152649545610785
738 1.6170661616975952
739 1.2685534011283277
740 1.4063084972029258
741 1.0487529198995507
742 1.1874379985040455
743 1.3024825609217379
744 1.0974685975915652
745 0.36298100173799974
746 0.46159820775859883
747 0.4237378272910949
748 0.23201620506322854
749 0.593343968818022
750 1.2301769612192477
751 1.1833278213790388
752 1.4134932005978058
753 0.844595305245744
754 0.5786695816859169
755 0.987684333165228
756 0.4470329554421544
757 0.513328723116955
758 0.3292569781978242
759 0.6103216431994629
760 0.8327163287127791
761 0.7257965455329011
762 0.9087156871387843
763 0.6461979364082767
764 0.5104002880925386
765 0.30404577753680817
766 0.3327180401566074
767 0.3120345413872658
768 0.44364069298600856
769 0.7411486219879428
770 0.8176288637368307
771 0.48478821777079795
772 0.49921084680259514
773 0.7765638564224792
774 0.64219868467309
775 1.255839861313052
776 0.6245017087972151
777 0.46629274352580485
778 0.3793795262209132
779 0.43434813413217366
780 0.33754343434255407
781 0.4631244344079145
782 0.2345929080298716
783 0.27052313883023077
784 0.3738627694172395
785 0.2842109962775368
786 0.27506604988563743
787 0.21725335454624478
788 0.22480048426010052
789 0.4243976400804246
790 0.33108033985962876
791 0.43240968010697073
792 0.3300541635973186
793 0.36697495421238313
794 0.31888194942004633
795 0.3096176663919474
796 0.308481724225545
797 0.4808073381587748
798 0.6310281948688383
799 0.3511656925212626
800 0.23635979261650542
801 0.47050784063273166
802 0.4076948900393204
803 0.3592071494589504
804 0.2897825860666674
805 0.5463342381899808
806 0.5811687077697
807 0.3982051506622744
808 0.5445862008454729
809 0.4793510781006204
810 0.4459451090161226
811 0.5640947891480583
812 0.4838879822103178
813 0.6874749824893405
814 0.7528692896014448
815 0.5436509265497782
816 0.5516894515825208
817 0.724410012250966
818 0.6492960871454739
819 0.7428852192066644
820 0.4085502397181454
821 0.3404751478799359
822 0.588224527070464
823 0.47072478747676005
824 0.48638256446095385
825 0.28869797890432214
826 0.27661280820306067
827 0.31369275863953283
828 0.35287484910930295
829 0.23429520546081398
830 2.3385750533566334
831 1.9847917701537523
832 1.8933411312570287
833 2.016207912532923
834 2.1221221613448207
835 2.408460563741243
836 1.9443678602601526
837 1.7590991770664337
838 2.11427289469334
839 1.9532954192438852
840 1.4025263281786127
841 1.6485039475828729
842 1.256845135134119
843 1.782155222515557
844 1.716826484653589
845 0.8379728354860548
846 1.9587884333908716
847 0.26239578360111615
848 0.2571603391809437
849 0.2293136393635338
850 0.22361966514243906
851 0.3688964172189505
852 0.47545134317807103
