0 1
1 0
0 16
16 0
16 17
17 16
16 32
32 16
32 33
33 32
32 48
48 32
48 49
49 48
48 64
64 48
64 65
65 64
64 80
80 64
80 81
81 80
80 96
96 80
96 97
97 96
96 112
112 96
112 113
113 112
112 128
128 112
128 129
129 128
128 144
144 128
144 145
145 144
144 160
160 144
160 161
161 160
160 176
176 160
176 177
177 176
176 192
192 176
192 193
193 192
192 208
208 192
208 209
209 208
208 224
224 208
224 225
225 224
224 240
240 224
240 241
241 240
240 0
0 240
1 2
2 1
1 17
17 1
17 18
18 17
17 33
33 17
33 34
34 33
33 49
49 33
49 50
50 49
49 65
65 49
65 66
66 65
65 81
81 65
81 82
82 81
81 97
97 81
97 98
98 97
97 113
113 97
113 114
114 113
113 129
129 113
129 130
130 129
129 145
145 129
145 146
146 145
145 161
161 145
161 162
162 161
161 177
177 161
177 178
178 177
177 193
193 177
193 194
194 193
193 209
209 193
209 210
210 209
209 225
225 209
225 226
226 225
225 241
241 225
241 242
242 241
241 1
1 241
2 3
3 2
2 18
18 2
18 19
19 18
18 34
34 18
34 35
35 34
34 50
50 34
50 51
51 50
50 66
66 50
66 67
67 66
66 82
82 66
82 83
83 82
82 98
98 82
98 99
99 98
98 114
114 98
114 115
115 114
114 130
130 114
130 131
131 130
130 146
146 130
146 147
147 146
146 162
162 146
162 163
163 162
162 178
178 162
178 179
179 178
178 194
194 178
194 195
195 194
194 210
210 194
210 211
211 210
210 226
226 210
226 227
227 226
226 242
242 226
242 243
243 242
242 2
2 242
3 4
4 3
3 19
19 3
19 20
20 19
19 35
35 19
35 36
36 35
35 51
51 35
51 52
52 51
51 67
67 51
67 68
68 67
67 83
83 67
83 84
84 83
83 99
99 83
99 100
100 99
99 115
115 99
115 116
116 115
115 131
131 115
131 132
132 131
131 147
147 131
147 148
148 147
147 163
163 147
163 164
164 163
163 179
179 163
179 180
180 179
179 195
195 179
195 196
196 195
195 211
211 195
211 212
212 211
211 227
227 211
227 228
228 227
227 243
243 227
243 244
244 243
243 3
3 243
4 5
5 4
4 20
20 4
20 21
21 20
20 36
36 20
36 37
37 36
36 52
52 36
52 53
53 52
52 68
68 52
68 69
69 68
68 84
84 68
84 85
85 84
84 100
100 84
100 101
101 100
100 116
116 100
116 117
117 116
116 132
132 116
132 133
133 132
132 148
148 132
148 149
149 148
148 164
164 148
164 165
165 164
164 180
180 164
180 181
181 180
180 196
196 180
196 197
197 196
196 212
212 196
212 213
213 212
212 228
228 212
228 229
229 228
228 244
244 228
244 245
245 244
244 4
4 244
5 6
6 5
5 21
21 5
21 22
22 21
21 37
37 21
37 38
38 37
37 53
53 37
53 54
54 53
53 69
69 53
69 70
70 69
69 85
85 69
85 86
86 85
85 101
101 85
101 102
102 101
101 117
117 101
117 118
118 117
117 133
133 117
133 134
134 133
133 149
149 133
149 150
150 149
149 165
165 149
165 166
166 165
165 181
181 165
181 182
182 181
181 197
197 181
197 198
198 197
197 213
213 197
213 214
214 213
213 229
229 213
229 230
230 229
229 245
245 229
245 246
246 245
245 5
5 245
6 7
7 6
6 22
22 6
22 23
23 22
22 38
38 22
38 39
39 38
38 54
54 38
54 55
55 54
54 70
70 54
70 71
71 70
70 86
86 70
86 87
87 86
86 102
102 86
102 103
103 102
102 118
118 102
118 119
119 118
118 134
134 118
134 135
135 134
134 150
150 134
150 151
151 150
150 166
166 150
166 167
167 166
166 182
182 166
182 183
183 182
182 198
198 182
198 199
199 198
198 214
214 198
214 215
215 214
214 230
230 214
230 231
231 230
230 246
246 230
246 247
247 246
246 6
6 246
7 8
8 7
7 23
23 7
23 24
24 23
23 39
39 23
39 40
40 39
39 55
55 39
55 56
56 55
55 71
71 55
71 72
72 71
71 87
87 71
87 88
88 87
87 103
103 87
103 104
104 103
103 119
119 103
119 120
120 119
119 135
135 119
135 136
136 135
135 151
151 135
151 152
152 151
151 167
167 151
167 168
168 167
167 183
183 167
183 184
184 183
183 199
199 183
199 200
200 199
199 215
215 199
215 216
216 215
215 231
231 215
231 232
232 231
231 247
247 231
247 248
248 247
247 7
7 247
8 9
9 8
8 24
24 8
24 25
25 24
24 40
40 24
40 41
41 40
40 56
56 40
56 57
57 56
56 72
72 56
72 73
73 72
72 88
88 72
88 89
89 88
88 104
104 88
104 105
105 104
104 120
120 104
120 121
121 120
120 136
136 120
136 137
137 136
136 152
152 136
152 153
153 152
152 168
168 152
168 169
169 168
168 184
184 168
184 185
185 184
184 200
200 184
200 201
201 200
200 216
216 200
216 217
217 216
216 232
232 216
232 233
233 232
232 248
248 232
248 249
249 248
248 8
8 248
9 10
10 9
9 25
25 9
25 26
26 25
25 41
41 25
41 42
42 41
41 57
57 41
57 58
58 57
57 73
73 57
73 74
74 73
73 89
89 73
89 90
90 89
89 105
105 89
105 106
106 105
105 121
121 105
121 122
122 121
121 137
137 121
137 138
138 137
137 153
153 137
153 154
154 153
153 169
169 153
169 170
170 169
169 185
185 169
185 186
186 185
185 201
201 185
201 202
202 201
201 217
217 201
217 218
218 217
217 233
233 217
233 234
234 233
233 249
249 233
249 250
250 249
249 9
9 249
10 11
11 10
10 26
26 10
26 27
27 26
26 42
42 26
42 43
43 42
42 58
58 42
58 59
59 58
58 74
74 58
74 75
75 74
74 90
90 74
90 91
91 90
90 106
106 90
106 107
107 106
106 122
122 106
122 123
123 122
122 138
138 122
138 139
139 138
138 154
154 138
154 155
155 154
154 170
170 154
170 171
171 170
170 186
186 170
186 187
187 186
186 202
202 186
202 203
203 202
202 218
218 202
218 219
219 218
218 234
234 218
234 235
235 234
234 250
250 234
250 251
251 250
250 10
10 250
11 12
12 11
11 27
27 11
27 28
28 27
27 43
43 27
43 44
44 43
43 59
59 43
59 60
60 59
59 75
75 59
75 76
76 75
75 91
91 75
91 92
92 91
91 107
107 91
107 108
108 107
107 123
123 107
123 124
124 123
123 139
139 123
139 140
140 139
139 155
155 139
155 156
156 155
155 171
171 155
171 172
172 171
171 187
187 171
187 188
188 187
187 203
203 187
203 204
204 203
203 219
219 203
219 220
220 219
219 235
235 219
235 236
236 235
235 251
251 235
251 252
252 251
251 11
11 251
12 13
13 12
12 28
28 12
28 29
29 28
28 44
44 28
44 45
45 44
44 60
60 44
60 61
61 60
60 76
76 60
76 77
77 76
76 92
92 76
92 93
93 92
92 108
108 92
108 109
109 108
108 124
124 108
124 125
125 124
124 140
140 124
140 141
141 140
140 156
156 140
156 157
157 156
156 172
172 156
172 173
173 172
172 188
188 172
188 189
189 188
188 204
204 188
204 205
205 204
204 220
220 204
220 221
221 220
220 236
236 220
236 237
237 236
236 252
252 236
252 253
253 252
252 12
12 252
13 14
14 13
13 29
29 13
29 30
30 29
29 45
45 29
45 46
46 45
45 61
61 45
61 62
62 61
61 77
77 61
77 78
78 77
77 93
93 77
93 94
94 93
93 109
109 93
109 110
110 109
109 125
125 109
125 126
126 125
125 141
141 125
141 142
142 141
141 157
157 141
157 158
158 157
157 173
173 157
173 174
174 173
173 189
189 173
189 190
190 189
189 205
205 189
205 206
206 205
205 221
221 205
221 222
222 221
221 237
237 221
237 238
238 237
237 253
253 237
253 254
254 253
253 13
13 253
14 15
15 14
14 30
30 14
30 31
31 30
30 46
46 30
46 47
47 46
46 62
62 46
62 63
63 62
62 78
78 62
78 79
79 78
78 94
94 78
94 95
95 94
94 110
110 94
110 111
111 110
110 126
126 110
126 127
127 126
126 142
142 126
142 143
143 142
142 158
158 142
158 159
159 158
158 174
174 158
174 175
175 174
174 190
190 174
190 191
191 190
190 206
206 190
206 207
207 206
206 222
222 206
222 223
223 222
222 238
238 222
238 239
239 238
238 254
254 238
254 255
255 254
254 14
14 254
15 0
0 15
15 31
31 15
31 16
16 31
31 47
47 31
47 32
32 47
47 63
63 47
63 48
48 63
63 79
79 63
79 64
64 79
79 95
95 79
95 80
80 95
95 111
111 95
111 96
96 111
111 127
127 111
127 112
112 127
127 143
143 127
143 128
128 143
143 159
159 143
159 144
144 159
159 175
175 159
175 160
160 175
175 191
191 175
191 176
176 191
191 207
207 191
207 192
192 207
207 223
223 207
223 208
208 223
223 239
239 223
239 224
224 239
239 255
255 239
255 240
240 255
255 15
15 255
