0 1
1 0
0 14
14 0
14 15
15 14
14 28
28 14
28 29
29 28
28 42
42 28
42 43
43 42
42 56
56 42
56 57
57 56
56 70
70 56
70 71
71 70
70 84
84 70
84 85
85 84
84 98
98 84
98 99
99 98
98 112
112 98
112 113
113 112
112 126
126 112
126 127
127 126
126 140
140 126
140 141
141 140
140 154
154 140
154 155
155 154
154 168
168 154
168 169
169 168
168 182
182 168
182 183
183 182
182 196
196 182
196 197
197 196
196 210
210 196
210 211
211 210
1 2
2 1
1 15
15 1
15 16
16 15
15 29
29 15
29 30
30 29
29 43
43 29
43 44
44 43
43 57
57 43
57 58
58 57
57 71
71 57
71 72
72 71
71 85
85 71
85 86
86 85
85 99
99 85
99 100
100 99
99 113
113 99
113 114
114 113
113 127
127 113
127 128
128 127
127 141
141 127
141 142
142 141
141 155
155 141
155 156
156 155
155 169
169 155
169 170
170 169
169 183
183 169
183 184
184 183
183 197
197 183
197 198
198 197
197 211
211 197
211 212
212 211
2 3
3 2
2 16
16 2
16 17
17 16
16 30
30 16
30 31
31 30
30 44
44 30
44 45
45 44
44 58
58 44
58 59
59 58
58 72
72 58
72 73
73 72
72 86
86 72
86 87
87 86
86 100
100 86
100 101
101 100
100 114
114 100
114 115
115 114
114 128
128 114
128 129
129 128
128 142
142 128
142 143
143 142
142 156
156 142
156 157
157 156
156 170
170 156
170 171
171 170
170 184
184 170
184 185
185 184
184 198
198 184
198 199
199 198
198 212
212 198
212 213
213 212
3 4
4 3
3 17
17 3
17 18
18 17
17 31
31 17
31 32
32 31
31 45
45 31
45 46
46 45
45 59
59 45
59 60
60 59
59 73
73 59
73 74
74 73
73 87
87 73
87 88
88 87
87 101
101 87
101 102
102 101
101 115
115 101
115 116
116 115
115 129
129 115
129 130
130 129
129 143
143 129
143 144
144 143
143 157
157 143
157 158
158 157
157 171
171 157
171 172
172 171
171 185
185 171
185 186
186 185
185 199
199 185
199 200
200 199
199 213
213 199
213 214
214 213
4 5
5 4
4 18
18 4
18 19
19 18
18 32
32 18
32 33
33 32
32 46
46 32
46 47
47 46
46 60
60 46
60 61
61 60
60 74
74 60
74 75
75 74
74 88
88 74
88 89
89 88
88 102
102 88
102 103
103 102
102 116
116 102
116 117
117 116
116 130
130 116
130 131
131 130
130 144
144 130
144 145
145 144
144 158
158 144
158 159
159 158
158 172
172 158
172 173
173 172
172 186
186 172
186 187
187 186
186 200
200 186
200 201
201 200
200 214
214 200
214 215
215 214
5 6
6 5
5 19
19 5
19 20
20 19
19 33
33 19
33 34
34 33
33 47
47 33
47 48
48 47
47 61
61 47
61 62
62 61
61 75
75 61
75 76
76 75
75 89
89 75
89 90
90 89
89 103
103 89
103 104
104 103
103 117
117 103
117 118
118 117
117 131
131 117
131 132
132 131
131 145
145 131
145 146
146 145
145 159
159 145
159 160
160 159
159 173
173 159
173 174
174 173
173 187
187 173
187 188
188 187
187 201
201 187
201 202
202 201
201 215
215 201
215 216
216 215
6 7
7 6
6 20
20 6
20 21
21 20
20 34
34 20
34 35
35 34
34 48
48 34
48 49
49 48
48 62
62 48
62 63
63 62
62 76
76 62
76 77
77 76
76 90
90 76
90 91
91 90
90 104
104 90
104 105
105 104
104 118
118 104
118 119
119 118
118 132
132 118
132 133
133 132
132 146
146 132
146 147
147 146
146 160
160 146
160 161
161 160
160 174
174 160
174 175
175 174
174 188
188 174
188 189
189 188
188 202
202 188
202 203
203 202
202 216
216 202
216 217
217 216
7 8
8 7
7 21
21 7
21 22
22 21
21 35
35 21
35 36
36 35
35 49
49 35
49 50
50 49
49 63
63 49
63 64
64 63
63 77
77 63
77 78
78 77
77 91
91 77
91 92
92 91
91 105
105 91
105 106
106 105
105 119
119 105
119 120
120 119
119 133
133 119
133 134
134 133
133 147
147 133
147 148
148 147
147 161
161 147
161 162
162 161
161 175
175 161
175 176
176 175
175 189
189 175
189 190
190 189
189 203
203 189
203 204
204 203
203 217
217 203
217 218
218 217
8 9
9 8
8 22
22 8
22 23
23 22
22 36
36 22
36 37
37 36
36 50
50 36
50 51
51 50
50 64
64 50
64 65
65 64
64 78
78 64
78 79
79 78
78 92
92 78
92 93
93 92
92 106
106 92
106 107
107 106
106 120
120 106
120 121
121 120
120 134
134 120
134 135
135 134
134 148
148 134
148 149
149 148
148 162
162 148
162 163
163 162
162 176
176 162
176 177
177 176
176 190
190 176
190 191
191 190
190 204
204 190
204 205
205 204
204 218
218 204
218 219
219 218
9 10
10 9
9 23
23 9
23 24
24 23
23 37
37 23
37 38
38 37
37 51
51 37
51 52
52 51
51 65
65 51
65 66
66 65
65 79
79 65
79 80
80 79
79 93
93 79
93 94
94 93
93 107
107 93
107 108
108 107
107 121
121 107
121 122
122 121
121 135
135 121
135 136
136 135
135 149
149 135
149 150
150 149
149 163
163 149
163 164
164 163
163 177
177 163
177 178
178 177
177 191
191 177
191 192
192 191
191 205
205 191
205 206
206 205
205 219
219 205
219 220
220 219
10 11
11 10
10 24
24 10
24 25
25 24
24 38
38 24
38 39
39 38
38 52
52 38
52 53
53 52
52 66
66 52
66 67
67 66
66 80
80 66
80 81
81 80
80 94
94 80
94 95
95 94
94 108
108 94
108 109
109 108
108 122
122 108
122 123
123 122
122 136
136 122
136 137
137 136
136 150
150 136
150 151
151 150
150 164
164 150
164 165
165 164
164 178
178 164
178 179
179 178
178 192
192 178
192 193
193 192
192 206
206 192
206 207
207 206
206 220
220 206
220 221
221 220
11 12
12 11
11 25
25 11
25 26
26 25
25 39
39 25
39 40
40 39
39 53
53 39
53 54
54 53
53 67
67 53
67 68
68 67
67 81
81 67
81 82
82 81
81 95
95 81
95 96
96 95
95 109
109 95
109 110
110 109
109 123
123 109
123 124
124 123
123 137
137 123
137 138
138 137
137 151
151 137
151 152
152 151
151 165
165 151
165 166
166 165
165 179
179 165
179 180
180 179
179 193
193 179
193 194
194 193
193 207
207 193
207 208
208 207
207 221
221 207
221 222
222 221
12 13
13 12
12 26
26 12
26 27
27 26
26 40
40 26
40 41
41 40
40 54
54 40
54 55
55 54
54 68
68 54
68 69
69 68
68 82
82 68
82 83
83 82
82 96
96 82
96 97
97 96
96 110
110 96
110 111
111 110
110 124
124 110
124 125
125 124
124 138
138 124
138 139
139 138
138 152
152 138
152 153
153 152
152 166
166 152
166 167
167 166
166 180
180 166
180 181
181 180
180 194
194 180
194 195
195 194
194 208
208 194
208 209
209 208
208 222
222 208
222 223
223 222
13 27
27 13
27 41
41 27
41 55
55 41
55 69
69 55
69 83
83 69
83 97
97 83
97 111
111 97
111 125
125 111
125 139
139 125
139 153
153 139
153 167
167 153
167 181
181 167
181 195
195 181
195 209
209 195
209 223
223 209
97 224
111 232
125 240
139 248
224 225
232 233
240 241
248 249
225 226
233 234
241 242
249 250
226 227
234 235
242 243
250 251
227 228
235 236
243 244
251 252
228 229
236 237
244 245
252 253
229 230
237 238
245 246
253 254
230 231
238 239
246 247
254 255
224 232
225 233
226 234
227 235
228 236
229 237
230 238
231 239
232 240
233 241
234 242
235 243
236 244
237 245
238 246
239 247
240 248
241 249
242 250
243 251
244 252
245 253
246 254
247 255
224 97
232 111
240 125
248 139
225 224
233 232
241 240
249 248
226 225
234 233
242 241
250 249
227 226
235 234
243 242
251 250
228 227
236 235
244 243
252 251
229 228
237 236
245 244
253 252
230 229
238 237
246 245
254 253
231 230
239 238
247 246
255 254
232 224
233 225
234 226
235 227
236 228
237 229
238 230
239 231
240 232
241 233
242 234
243 235
244 236
245 237
246 238
247 239
248 240
249 241
250 242
251 243
252 244
253 245
254 246
255 247
