0 1
1 0
0 8
8 0
8 9
9 8
8 16
16 8
16 17
17 16
16 24
24 16
24 25
25 24
24 32
32 24
32 33
33 32
32 40
40 32
40 41
41 40
40 48
48 40
48 49
49 48
48 56
56 48
56 57
57 56
56 0
0 56
1 2
2 1
1 9
9 1
9 10
10 9
9 17
17 9
17 18
18 17
17 25
25 17
25 26
26 25
25 33
33 25
33 34
34 33
33 41
41 33
41 42
42 41
41 49
49 41
49 50
50 49
49 57
57 49
57 58
58 57
57 1
1 57
2 3
3 2
2 10
10 2
10 11
11 10
10 18
18 10
18 19
19 18
18 26
26 18
26 27
27 26
26 34
34 26
34 35
35 34
34 42
42 34
42 43
43 42
42 50
50 42
50 51
51 50
50 58
58 50
58 59
59 58
58 2
2 58
3 4
4 3
3 11
11 3
11 12
12 11
11 19
19 11
19 20
20 19
19 27
27 19
27 28
28 27
27 35
35 27
35 36
36 35
35 43
43 35
43 44
44 43
43 51
51 43
51 52
52 51
51 59
59 51
59 60
60 59
59 3
3 59
4 5
5 4
4 12
12 4
12 13
13 12
12 20
20 12
20 21
21 20
20 28
28 20
28 29
29 28
28 36
36 28
36 37
37 36
36 44
44 36
44 45
45 44
44 52
52 44
52 53
53 52
52 60
60 52
60 61
61 60
60 4
4 60
5 6
6 5
5 13
13 5
13 14
14 13
13 21
21 13
21 22
22 21
21 29
29 21
29 30
30 29
29 37
37 29
37 38
38 37
37 45
45 37
45 46
46 45
45 53
53 45
53 54
54 53
53 61
61 53
61 62
62 61
61 5
5 61
6 7
7 6
6 14
14 6
14 15
15 14
14 22
22 14
22 23
23 22
22 30
30 22
30 31
31 30
30 38
38 30
38 39
39 38
38 46
46 38
46 47
47 46
46 54
54 46
54 55
55 54
54 62
62 54
62 63
63 62
62 6
6 62
7 0
0 7
7 15
15 7
15 8
8 15
15 23
23 15
23 16
16 23
23 31
31 23
31 24
24 31
31 39
39 31
39 32
32 39
39 47
47 39
47 40
40 47
47 55
55 47
55 48
48 55
55 63
63 55
63 56
56 63
63 7
7 63
