0 2
0 3
0 4
0 11
0 16
0 17
0 18
0 19
0 20
0 33
0 53
0 69
0 227
1 2
1 4
1 23
1 2167
2 3
2 4
2 20
2 23
3 20
4 13
4 16
4 2167
5 9
5 10
5 28
5 29
6 7
6 8
6 9
6 10
6 2167
6 2169
7 9
7 23
7 24
7 2167
7 2169
8 10
8 26
8 2168
8 2169
9 10
9 22
9 24
9 29
10 26
10 28
11 16
11 17
11 18
12 14
12 15
12 63
12 65
12 2167
13 14
13 16
13 2167
14 15
14 16
14 70
14 2167
15 65
15 70
16 17
16 66
16 70
17 18
17 66
17 69
19 20
19 32
19 33
20 21
20 22
20 23
20 31
20 32
21 22
21 23
21 24
22 24
22 29
22 31
23 24
23 2167
24 29
25 26
25 27
25 28
25 30
25 2168
26 28
26 30
26 2168
27 30
27 87
27 94
27 95
27 2168
28 29
28 30
29 30
29 31
29 34
29 35
29 87
29 90
29 162
29 227
29 228
30 87
31 32
31 34
32 33
32 34
33 34
33 35
33 227
34 35
35 227
36 37
36 38
36 39
36 41
36 44
36 59
37 38
37 39
37 59
37 60
37 99
37 110
38 39
38 40
38 41
38 56
38 108
38 110
38 150
40 56
40 149
40 150
41 43
41 44
41 45
41 56
42 43
42 45
42 47
42 48
42 68
43 44
43 45
43 48
43 49
43 50
44 50
44 59
45 55
45 56
45 68
46 47
46 48
46 49
46 61
47 48
47 61
47 68
47 70
48 49
49 50
49 57
49 59
49 61
50 59
51 54
51 55
51 155
51 157
52 53
52 55
52 67
52 68
52 69
53 54
53 55
53 69
53 227
54 55
54 155
54 227
54 230
55 56
55 68
55 151
55 152
55 157
56 149
56 152
57 58
57 59
57 61
57 2518
58 59
58 60
58 97
58 2518
59 60
60 97
60 99
61 64
61 65
61 70
61 2507
61 2518
62 63
62 64
62 65
63 64
63 65
63 2167
64 65
64 2167
64 2331
64 2507
65 70
66 67
66 68
66 69
66 70
67 68
67 69
68 70
71 72
71 73
71 74
71 75
71 79
72 74
72 76
72 77
72 79
73 75
73 79
73 167
73 181
73 182
73 183
74 75
74 77
74 81
74 85
75 85
75 86
75 166
75 167
76 77
76 79
76 80
77 78
77 80
77 81
77 92
77 201
77 210
77 2168
77 2169
77 2186
77 2190
78 80
78 207
78 208
78 209
78 210
79 80
79 181
80 180
80 181
80 208
81 83
81 85
81 92
82 83
82 84
82 89
82 90
82 91
82 93
82 94
83 84
83 85
83 92
83 93
84 85
84 91
84 166
85 86
85 166
86 166
87 88
87 90
87 95
88 90
88 95
88 96
89 90
89 94
89 95
90 91
90 95
90 96
90 161
90 162
90 166
90 169
91 166
91 169
92 93
92 94
92 2168
93 94
94 95
94 2168
95 96
97 98
97 99
97 2518
98 99
98 100
98 103
98 117
98 2518
98 2521
99 100
99 101
99 106
99 110
100 101
100 102
100 103
100 104
101 102
101 106
101 111
101 112
101 239
102 104
102 105
102 123
102 237
102 239
103 104
103 105
103 117
103 119
103 127
104 105
105 123
105 124
105 127
106 107
106 109
106 110
106 111
107 108
107 109
107 110
108 109
108 110
108 149
108 150
108 154
108 255
108 259
109 111
109 114
109 255
109 257
111 112
111 113
111 114
112 113
112 115
112 239
113 114
113 115
114 115
114 241
114 257
114 258
115 239
115 241
115 243
116 117
116 119
116 120
117 119
117 120
117 2521
117 2523
117 2524
118 119
118 122
118 124
118 126
118 127
118 130
119 120
119 121
119 122
119 127
120 121
120 133
120 2524
121 122
121 133
122 130
122 133
123 124
123 125
123 237
124 125
124 126
124 127
124 135
124 236
124 237
125 237
126 130
126 135
126 137
128 129
128 130
128 131
128 132
128 133
128 136
129 132
129 133
129 136
129 317
129 318
129 319
129 2488
129 2525
130 131
130 133
130 137
131 136
131 137
131 138
132 133
133 2524
133 2525
134 136
134 138
134 319
134 320
134 324
134 325
135 137
135 138
135 236
135 246
135 247
136 138
136 319
137 138
138 246
138 247
138 325
139 140
139 142
139 143
139 147
139 224
140 141
140 142
140 146
140 147
140 159
140 260
141 142
141 259
141 260
141 262
141 263
142 143
142 263
142 264
142 268
143 224
143 264
143 399
143 400
144 145
144 146
144 148
144 155
144 157
144 158
144 159
145 148
145 155
145 156
145 211
146 147
146 148
146 159
147 148
147 214
147 224
148 211
148 212
148 214
149 150
149 152
149 154
151 152
151 153
151 154
151 157
151 158
152 154
152 157
153 154
153 158
153 260
154 259
154 260
155 156
155 157
155 229
155 230
156 211
156 217
156 228
156 229
157 158
158 159
158 260
159 260
160 163
160 164
160 172
160 176
160 178
160 179
160 346
160 348
161 162
161 165
161 169
162 164
162 165
162 216
162 228
163 164
163 167
163 168
163 169
163 176
163 177
164 165
164 168
164 216
164 346
165 168
165 169
166 167
166 169
167 169
167 171
167 177
167 183
168 169
170 171
170 173
170 174
170 183
170 185
170 357
170 358
170 1446
171 173
171 175
171 177
171 178
171 183
171 185
172 173
172 174
172 175
172 178
172 348
172 349
173 174
173 175
174 349
174 357
175 178
176 177
176 178
176 179
177 178
178 179
180 181
180 182
180 184
180 187
180 190
180 208
181 182
182 183
182 184
182 190
183 185
183 190
183 196
183 198
183 199
184 190
185 196
185 200
185 1446
185 1461
186 187
186 188
186 191
186 206
186 207
186 209
187 188
187 189
187 190
187 208
187 209
188 189
188 191
188 193
189 190
189 192
189 193
190 192
190 194
190 197
190 198
191 193
191 194
191 195
191 199
191 206
191 1451
191 1456
191 1457
191 1461
191 1462
192 193
192 194
193 194
194 197
194 198
194 199
195 196
195 199
195 200
195 1461
196 199
196 200
197 198
198 199
200 1461
201 202
201 203
201 204
201 206
201 210
201 1368
201 1369
201 1372
201 1387
201 1389
201 1400
201 1401
201 1402
201 1404
201 1411
201 1412
201 1451
201 1472
201 1475
201 1476
201 1511
201 1515
201 1521
201 1522
201 1541
201 1544
201 1618
201 2190
202 203
202 204
202 206
203 204
204 205
204 206
204 210
205 206
205 210
206 207
206 210
206 1451
207 209
207 210
208 209
209 210
211 212
211 213
211 217
211 218
212 213
212 214
213 214
213 215
213 218
213 219
213 220
213 225
214 215
214 224
215 222
215 224
215 225
216 217
216 218
216 228
216 346
217 218
217 228
218 219
218 220
218 346
218 347
218 350
219 220
220 225
220 350
221 223
221 224
221 399
222 223
222 224
222 225
222 350
222 360
223 224
223 340
223 360
223 362
223 399
223 401
223 402
224 399
225 350
225 360
226 227
226 228
226 229
226 230
227 228
227 230
228 229
229 230
231 233
231 235
231 245
231 328
231 373
231 374
231 377
232 234
232 236
232 243
232 249
233 234
233 235
233 245
233 249
233 368
233 397
234 241
234 242
234 243
234 249
234 397
235 364
235 368
235 374
236 237
236 238
236 240
236 243
236 247
236 249
237 238
237 239
238 239
238 240
239 240
239 243
240 243
241 242
241 243
241 244
241 258
241 392
242 244
242 397
244 392
244 393
244 396
244 397
245 248
245 249
245 327
245 328
246 247
246 325
247 248
247 249
247 325
248 249
248 325
248 327
250 251
250 256
250 261
250 262
250 263
251 252
251 254
251 256
251 263
252 253
252 254
252 263
252 265
252 268
252 409
252 414
253 254
253 388
253 389
253 392
253 409
254 256
254 258
254 392
255 257
255 259
255 261
256 257
256 258
256 261
257 258
257 261
258 392
259 260
259 261
259 262
261 262
262 263
263 268
264 266
264 268
264 400
264 404
265 266
265 267
265 268
265 405
265 409
265 414
266 268
266 404
266 405
267 405
267 414
269 270
269 271
269 272
269 277
269 287
269 295
269 452
270 277
270 452
271 272
271 290
271 295
271 452
272 273
272 290
272 293
272 444
272 445
272 452
272 453
273 444
273 445
273 446
273 453
274 275
274 276
274 321
275 276
275 277
275 287
275 321
276 277
276 278
276 321
277 278
277 287
277 452
278 321
278 330
278 332
278 333
278 452
278 458
278 459
279 280
279 281
279 284
279 288
279 289
279 295
279 302
280 284
280 301
280 302
280 304
280 312
280 313
281 282
281 283
281 284
281 288
282 283
282 284
282 2493
283 288
283 321
283 2493
284 300
284 310
284 311
284 312
284 2484
284 2493
284 2610
285 286
285 287
285 288
285 295
286 288
286 289
286 295
287 288
287 295
287 321
288 289
288 321
289 295
290 292
290 293
290 294
290 295
291 292
291 294
291 295
291 302
292 293
292 294
292 301
292 302
292 304
292 305
293 305
293 445
293 447
293 503
294 295
295 302
296 297
296 298
296 299
296 300
296 312
297 298
297 300
297 311
298 299
298 307
298 311
299 307
299 309
299 312
299 313
299 315
300 311
300 312
301 302
301 304
303 304
303 305
303 314
303 316
304 305
304 313
304 314
305 316
305 430
305 441
305 497
305 503
306 307
306 310
306 2614
306 2624
306 2629
307 308
307 309
307 310
307 311
307 2625
307 2628
307 2629
308 309
308 442
308 2628
308 2703
309 315
309 440
309 442
310 311
310 2610
310 2614
312 313
313 314
313 315
314 315
314 316
315 316
315 440
315 441
316 441
317 318
317 321
317 2486
317 2487
317 2488
318 319
318 320
318 321
319 320
320 321
320 324
321 322
321 323
321 324
321 326
321 330
321 2486
321 2489
321 2492
321 2493
321 2495
322 323
322 326
322 327
322 330
323 326
324 325
324 326
325 326
325 327
326 327
327 328
327 329
327 330
328 329
328 377
329 330
329 331
329 332
329 334
329 336
329 377
330 332
331 336
331 376
331 377
331 378
331 472
331 548
332 333
332 334
332 459
333 334
333 335
333 459
333 1361
333 1366
334 335
334 336
335 336
335 548
335 552
335 1316
335 1345
335 1355
335 1366
336 472
336 548
337 338
337 340
337 341
337 344
337 356
338 339
338 341
338 354
338 355
338 356
338 359
339 341
339 342
339 344
339 345
339 359
339 361
340 342
340 343
340 344
340 356
340 362
340 402
340 419
340 422
340 532
340 625
340 639
340 641
340 642
340 721
340 723
340 725
340 1444
340 1449
341 344
342 343
342 345
342 361
342 362
343 344
343 345
344 345
346 347
346 348
347 348
347 350
348 349
348 350
349 350
349 351
349 352
349 357
350 352
350 360
351 352
351 354
351 357
352 353
352 354
352 360
353 354
353 359
353 360
353 361
354 355
354 357
354 358
354 359
355 356
355 358
356 358
356 1444
356 1446
357 358
358 1446
359 361
360 361
360 362
360 363
361 362
361 363
362 363
364 365
364 368
364 374
364 397
365 366
365 369
365 371
365 374
365 397
366 367
366 369
366 374
367 369
367 370
367 374
368 397
369 370
369 371
369 372
370 372
370 374
370 375
370 386
371 372
371 379
371 381
371 383
371 385
371 394
371 395
371 397
372 385
372 386
373 374
373 375
373 377
374 375
375 376
375 377
375 378
375 386
375 387
375 471
376 378
376 471
376 472
377 378
379 381
379 382
379 383
380 381
380 382
380 388
380 389
380 390
380 395
381 382
381 395
382 383
382 384
382 390
382 391
383 384
383 385
384 385
384 386
384 391
384 477
384 494
385 386
386 387
386 494
387 471
387 473
387 474
387 494
388 389
388 392
388 395
389 390
389 391
389 409
389 412
389 476
390 391
391 476
391 477
392 395
392 396
393 394
393 396
393 397
393 398
394 395
394 396
394 397
394 398
395 396
396 398
399 400
399 401
400 401
400 404
401 402
401 403
401 404
401 405
401 407
402 403
402 408
402 416
402 418
402 420
402 422
402 423
403 407
403 408
404 405
405 406
405 407
405 414
406 407
406 408
406 414
406 415
406 416
407 408
408 416
408 418
409 410
409 412
409 414
410 411
410 412
410 414
411 412
411 413
411 414
411 415
411 417
411 421
411 484
412 413
412 476
413 476
413 481
413 484
413 486
414 415
415 416
415 417
416 417
416 418
417 418
417 421
418 419
418 420
418 421
418 423
418 424
419 422
419 423
419 424
419 532
419 533
419 625
420 423
421 424
421 482
421 484
421 485
421 531
421 533
422 423
424 533
425 426
425 427
425 428
425 429
425 500
425 514
425 515
426 427
426 428
426 515
426 516
426 518
427 428
427 429
427 431
427 437
427 439
428 439
428 516
428 2711
428 2718
429 430
429 431
429 500
430 431
430 441
430 497
430 498
430 500
431 432
431 433
431 437
431 441
432 433
432 435
432 436
432 437
432 441
432 443
433 436
433 437
433 438
433 439
434 435
434 436
434 442
434 2725
434 2726
435 436
435 440
435 442
435 443
436 438
436 2726
436 2728
437 439
438 439
438 2728
438 2729
438 2730
439 2711
439 2730
440 441
440 442
440 443
441 443
442 2703
442 2725
444 445
445 446
445 447
445 448
446 448
446 453
446 454
447 448
447 449
447 503
447 510
448 449
448 450
448 451
448 454
449 451
449 507
449 510
450 451
450 454
450 455
450 456
450 461
451 461
451 507
451 510
452 453
452 458
453 454
453 458
453 459
454 456
454 459
455 456
455 461
456 457
456 459
456 461
456 462
456 1365
457 459
457 1362
457 1363
457 1365
458 459
459 1361
459 1362
459 1363
460 464
460 465
460 684
460 696
460 708
460 1358
461 462
461 507
462 463
462 465
462 507
462 1358
462 1365
463 464
463 465
463 507
463 682
464 465
464 682
464 684
465 1358
466 467
466 468
466 474
466 494
467 468
467 469
467 470
467 474
467 475
467 560
468 469
468 494
469 470
469 492
469 493
469 494
470 492
470 560
470 565
470 570
470 598
470 599
471 472
471 473
471 474
472 474
472 548
472 549
472 550
472 561
473 474
474 475
474 494
474 561
475 560
475 561
476 477
476 478
476 486
477 478
477 479
477 480
477 488
477 491
477 492
477 494
477 495
478 479
478 480
478 486
479 480
479 486
479 487
479 488
479 492
481 483
481 484
481 486
481 487
481 489
481 490
482 484
482 485
482 531
482 539
482 592
483 484
483 489
483 591
483 592
484 485
484 592
486 487
487 488
487 490
488 489
488 490
488 492
489 490
489 492
489 590
489 591
489 598
490 492
491 492
491 493
491 494
491 495
492 493
492 598
493 494
494 495
496 499
496 502
496 514
497 498
497 499
497 500
497 503
497 504
498 500
499 500
499 502
499 504
499 514
500 514
501 502
501 503
501 504
501 505
501 506
501 513
502 504
502 506
502 508
502 511
502 514
502 517
503 504
503 505
503 509
503 510
505 506
505 509
505 510
505 513
506 511
506 513
507 510
507 512
507 513
507 680
507 681
507 682
508 511
508 517
508 649
508 675
508 676
509 510
510 513
511 512
511 513
511 676
512 513
512 676
512 681
514 515
514 517
515 517
515 518
516 518
516 646
516 647
516 2718
517 518
517 649
517 650
517 653
518 647
518 650
518 658
519 520
519 521
519 522
519 526
520 521
520 523
520 526
520 589
520 746
520 747
521 522
521 523
521 594
521 595
522 526
522 529
522 546
522 595
523 586
523 589
523 591
523 593
523 594
523 596
524 525
524 526
524 527
524 614
524 743
525 526
525 527
525 528
525 529
526 529
526 743
526 747
527 528
527 537
527 614
527 628
528 529
528 536
528 537
528 541
529 541
529 546
530 532
530 533
530 534
530 535
530 538
531 533
531 538
531 539
532 533
532 535
532 625
533 534
533 538
534 535
534 536
534 537
534 538
534 540
534 626
535 625
535 626
536 537
536 538
536 541
537 540
537 627
537 628
538 539
538 541
539 541
539 542
539 592
540 626
540 627
541 542
541 545
541 546
542 543
542 544
542 546
542 592
543 544
543 591
543 592
543 594
544 546
544 594
545 546
546 594
546 595
547 551
547 552
547 555
547 556
548 549
548 550
548 551
548 552
548 555
549 550
550 555
550 561
550 562
551 552
551 555
552 556
552 1316
552 1324
552 1345
553 554
553 558
553 574
553 582
553 1295
553 1329
554 556
554 557
554 558
554 1329
555 556
555 562
556 557
556 562
556 1324
556 1325
556 1329
557 558
557 559
557 562
557 563
558 559
558 582
558 583
559 563
559 566
559 583
560 561
560 563
560 564
560 565
561 562
561 563
562 563
563 564
563 566
563 568
564 565
564 568
565 568
565 570
565 571
565 572
566 567
566 568
566 569
566 571
566 583
567 568
567 571
568 571
569 570
569 571
569 578
569 579
569 583
569 608
569 609
569 612
570 571
570 572
570 599
570 609
571 572
573 574
573 575
573 576
573 577
573 578
573 582
574 577
574 582
574 1295
575 576
575 578
575 579
575 580
576 577
576 580
576 607
576 1295
577 1295
578 579
578 581
578 582
578 583
579 580
579 608
580 607
580 608
581 582
581 583
582 583
584 586
584 587
584 588
584 589
584 760
585 589
585 744
585 746
585 760
586 587
586 588
586 589
586 596
586 597
586 611
587 588
587 601
587 610
587 611
587 612
587 760
587 763
589 596
589 746
589 760
590 591
590 593
590 598
590 599
590 600
591 592
591 593
591 594
593 596
593 599
593 600
594 595
596 597
596 600
597 600
597 609
597 611
598 599
599 600
599 609
600 609
600 611
601 603
601 606
601 610
601 763
602 603
602 604
602 605
602 607
603 604
603 606
603 607
603 608
603 610
604 605
604 606
604 763
605 607
605 763
606 763
607 608
607 753
607 762
607 763
607 1288
607 1295
608 610
608 612
609 611
609 612
610 612
611 612
613 615
613 618
613 631
613 632
613 634
613 636
614 615
614 616
614 620
614 622
614 623
614 628
614 743
615 616
615 618
615 631
615 743
615 747
615 758
616 618
616 622
617 618
617 622
617 624
617 634
617 728
618 622
618 634
619 621
619 624
619 630
619 637
619 642
619 643
619 721
619 726
620 621
620 622
620 623
620 628
620 630
621 622
621 624
621 630
622 623
622 624
624 726
624 728
625 626
625 637
625 638
625 640
625 641
626 627
626 629
626 637
627 628
627 629
628 629
628 630
629 630
629 637
629 643
630 643
631 632
631 635
631 758
632 635
632 636
632 817
632 818
633 634
633 636
633 728
633 729
633 731
633 732
634 636
634 728
635 758
635 764
635 816
635 817
635 820
636 732
636 733
636 818
637 640
637 642
637 643
638 640
638 641
639 640
639 641
639 642
640 641
640 642
642 721
644 645
644 657
644 658
644 2770
644 2771
645 646
645 647
645 648
645 658
645 2717
645 2770
646 647
646 648
646 2715
646 2716
646 2718
647 650
647 658
648 2715
648 2716
648 2717
649 652
649 653
649 675
649 677
650 651
650 653
650 655
650 658
651 653
651 654
651 655
651 656
652 653
652 656
652 677
652 688
653 656
654 655
654 656
654 657
654 658
654 659
655 658
656 659
656 660
656 661
656 685
656 688
657 658
657 659
657 661
657 662
657 2771
659 661
660 661
660 662
660 663
660 685
660 786
660 789
660 791
661 662
662 791
662 2771
663 786
663 788
663 789
664 665
664 666
664 669
664 680
664 683
665 666
665 667
665 669
665 670
665 689
666 678
666 679
666 683
666 687
666 689
667 668
667 670
667 686
667 689
667 786
667 787
668 670
668 672
668 673
668 674
668 781
668 787
669 670
669 671
669 680
670 671
670 672
670 715
670 717
671 680
671 682
671 684
671 715
672 673
672 715
672 717
673 674
673 717
673 720
673 781
674 781
675 676
675 677
675 678
675 679
676 678
676 681
677 679
677 687
677 688
678 679
678 681
678 683
679 687
680 681
680 682
680 683
681 683
682 684
684 708
684 709
684 715
685 686
685 688
685 786
686 687
686 688
686 689
686 786
687 688
687 689
690 693
690 694
690 695
690 696
690 698
690 699
690 702
691 692
691 696
691 1306
691 1360
692 693
692 694
692 696
692 1306
692 1307
692 1309
693 694
693 695
693 1309
694 696
694 1309
695 702
695 1309
696 698
696 708
696 710
696 712
696 1358
696 1360
697 699
697 700
697 702
698 699
698 712
699 700
699 702
699 712
699 714
700 701
700 702
700 703
700 714
701 703
701 705
701 714
702 703
702 707
702 1309
702 1313
702 1332
703 704
703 705
703 707
704 705
704 706
704 707
705 706
705 714
705 1330
706 707
706 1330
706 1334
706 1335
707 1332
707 1333
707 1334
708 709
708 710
708 711
708 715
709 715
710 711
710 712
711 712
711 713
711 715
712 713
712 714
713 714
713 715
713 718
714 718
714 720
714 823
714 824
714 1330
715 716
715 717
715 718
715 719
716 717
716 719
716 720
717 720
718 719
718 720
719 720
720 781
720 823
721 724
721 725
721 726
722 723
722 724
722 725
722 730
723 725
723 727
723 729
723 730
723 731
723 735
723 736
723 739
723 801
723 1449
724 725
724 726
724 727
724 728
724 730
726 728
727 728
727 729
727 730
728 729
729 730
729 731
731 732
731 733
731 736
732 733
733 734
733 736
733 818
734 736
734 740
734 742
734 800
734 806
734 811
734 818
734 819
734 820
735 736
735 737
735 739
736 737
736 738
736 739
736 740
736 741
737 738
737 739
738 739
739 740
739 741
739 801
740 741
740 742
741 742
741 801
742 800
742 801
742 802
743 747
744 745
744 746
744 747
744 759
744 760
744 763
745 747
745 758
745 759
746 747
747 758
748 749
748 756
748 774
748 881
748 948
748 1292
748 1293
748 1303
749 942
749 948
749 1303
749 1304
750 752
750 753
750 754
750 755
751 755
751 756
751 770
752 753
752 755
752 757
752 762
752 770
753 754
753 756
753 762
753 1286
753 1288
753 1290
754 755
754 756
755 756
755 770
756 770
756 774
756 1290
756 1291
756 1293
757 761
757 762
757 763
757 769
757 770
758 759
758 761
758 763
758 764
758 768
759 763
760 763
761 763
761 768
761 769
761 771
762 763
764 765
764 768
764 808
764 820
765 766
765 767
765 768
765 773
765 777
765 808
766 767
766 768
767 768
767 770
767 771
767 772
767 773
767 774
768 771
769 770
769 771
770 771
770 774
772 773
772 774
773 774
773 777
773 780
774 778
774 780
774 881
774 882
774 948
775 776
775 777
775 778
775 869
776 777
776 779
776 814
776 815
776 855
776 869
777 778
777 780
777 807
777 808
777 815
778 780
778 869
778 882
779 804
779 805
779 814
779 855
781 782
781 783
781 784
781 785
781 787
781 821
781 823
781 831
781 833
782 783
782 786
782 787
782 788
782 790
783 785
783 790
783 796
783 799
784 821
784 833
785 796
785 831
785 832
786 787
786 788
788 789
788 790
789 790
789 791
789 792
790 792
790 794
790 797
790 799
791 792
791 793
791 2766
791 2767
791 2771
792 793
792 794
793 794
793 795
793 2761
793 2767
794 795
794 797
795 797
795 798
795 2761
795 2850
795 2851
795 2860
796 797
796 798
796 799
796 832
796 2861
797 798
797 799
798 2860
798 2861
800 802
800 805
800 811
800 812
801 802
801 803
801 804
801 1449
802 803
802 805
803 804
803 805
804 805
804 855
804 1449
805 810
805 812
805 814
806 807
806 808
806 811
806 812
806 813
806 820
807 808
807 809
807 813
807 815
808 809
808 820
810 812
810 814
811 812
812 813
812 814
812 815
813 815
814 815
816 817
816 819
816 820
817 818
817 819
818 819
819 820
821 823
821 826
821 833
822 823
822 824
822 825
822 827
822 828
822 835
823 824
823 825
823 826
823 827
824 825
824 835
824 847
824 848
824 849
824 906
824 1330
826 827
826 829
826 833
827 828
827 829
827 830
828 830
828 834
828 835
829 830
829 831
829 833
829 834
830 834
831 832
831 833
831 834
832 834
832 835
832 2861
834 835
835 906
835 2861
836 837
836 849
836 884
836 895
836 1014
836 1019
836 1034
836 1284
836 1330
836 1331
837 838
837 843
837 844
837 848
837 849
837 1034
838 839
838 841
838 844
838 846
838 1034
839 840
839 841
839 842
839 846
839 1029
840 842
840 915
840 918
840 1029
840 1030
840 1032
841 1029
841 1030
841 1034
842 845
842 846
842 850
842 907
842 915
843 844
843 845
843 847
843 848
843 849
843 851
844 845
844 846
845 846
845 850
845 851
847 848
847 850
847 851
847 906
848 849
849 1330
850 851
850 906
850 907
852 854
852 871
852 873
853 854
853 855
853 856
853 857
853 871
853 876
854 871
854 873
854 874
854 875
854 876
855 856
855 869
855 871
855 878
855 984
855 1449
855 1485
855 1490
856 857
856 876
856 878
857 876
857 878
858 859
858 860
858 861
858 879
859 860
859 861
859 862
859 866
859 867
859 874
860 863
860 866
860 879
861 872
861 874
861 879
862 867
862 868
862 874
862 875
862 877
862 958
862 989
862 993
863 866
863 879
863 880
863 881
863 882
863 883
864 865
864 866
864 880
864 947
864 948
865 866
865 867
865 947
865 949
865 953
866 867
866 880
867 868
867 953
867 961
868 957
868 958
868 961
868 993
869 870
869 871
869 873
869 879
869 882
869 883
870 873
870 879
871 873
872 873
872 874
872 879
873 874
873 879
874 875
875 876
875 877
876 877
876 878
877 878
877 989
877 1000
878 984
878 999
878 1000
879 883
880 881
880 948
881 882
881 948
882 883
884 885
884 888
884 895
884 896
884 897
884 898
884 1284
885 886
885 888
885 891
885 892
885 941
885 1284
886 887
886 888
886 892
886 894
887 888
887 889
887 890
887 894
887 901
888 889
888 898
889 898
889 901
890 891
890 893
890 894
890 900
890 901
890 902
890 941
891 892
891 893
891 941
892 893
892 894
893 894
895 896
895 1019
896 897
896 899
896 1019
897 898
897 899
898 899
898 901
899 901
899 1019
899 1021
899 1022
900 901
900 902
900 903
901 903
901 904
901 1022
902 903
902 941
902 944
902 973
902 974
902 975
903 904
903 973
903 977
904 977
904 1022
904 1050
904 1068
905 907
905 909
905 916
905 919
905 927
906 907
906 908
906 910
906 911
906 2861
907 908
907 909
907 915
907 916
908 909
908 911
908 914
909 913
909 914
909 916
909 926
909 927
910 911
910 912
910 921
910 2861
911 912
911 914
912 913
912 914
912 921
913 914
913 920
913 921
913 922
913 926
913 927
915 916
915 917
915 918
916 917
916 919
916 929
917 918
917 929
918 929
918 1032
919 925
919 926
919 927
919 929
920 922
920 923
920 924
920 926
920 1046
920 1047
920 2873
920 2894
921 922
921 923
921 924
921 2857
921 2859
921 2861
921 2862
921 2872
921 2873
922 923
923 924
924 2873
925 926
925 928
925 929
925 1032
925 1039
925 1040
926 927
926 928
926 1040
926 1041
926 1046
928 1040
929 1032
930 932
930 934
930 992
930 1002
930 1003
930 1095
931 932
931 936
931 959
931 988
931 992
932 933
932 934
932 936
932 937
932 992
933 934
933 937
933 938
933 940
933 1099
934 1095
934 1099
935 937
935 938
935 952
935 954
935 956
935 960
935 962
935 964
935 971
936 937
936 959
936 960
937 938
937 960
938 939
938 940
938 964
938 966
939 940
939 965
939 966
939 1073
940 1073
940 1099
941 942
941 944
941 1284
941 1304
942 944
942 945
942 946
942 948
942 1304
943 944
943 945
943 948
944 945
944 946
944 947
944 948
944 950
944 952
944 971
944 974
945 946
945 948
947 948
947 949
947 950
949 950
949 951
949 953
950 951
950 952
951 952
951 953
952 953
952 955
952 956
952 971
952 974
953 955
953 961
954 956
954 962
955 956
955 958
955 961
956 958
956 959
956 962
957 958
957 961
958 959
958 961
958 993
958 995
958 996
958 997
959 960
959 962
959 988
959 997
960 962
963 964
963 966
963 980
963 981
963 1053
963 1091
964 966
964 968
964 971
964 979
964 981
965 966
965 1073
965 1093
965 1094
966 1091
966 1094
967 968
967 969
967 970
967 976
967 978
967 979
968 969
968 971
968 979
969 970
969 971
969 974
970 974
970 976
971 974
972 974
972 975
972 976
972 978
973 975
973 977
973 978
974 975
974 976
975 976
975 978
976 978
977 978
977 980
977 1050
977 1051
978 979
978 980
979 980
979 981
980 981
980 1051
980 1053
982 983
982 984
982 985
982 986
982 987
982 999
982 1003
983 986
983 987
983 1104
983 1490
984 986
984 999
984 1490
985 987
985 1003
986 1490
987 1003
987 1102
987 1104
988 991
988 992
988 997
988 998
989 990
989 993
989 994
989 1000
990 991
990 994
990 1000
990 1001
990 1002
991 992
991 994
991 998
991 1002
992 1002
993 994
993 995
994 995
994 998
995 996
995 998
996 997
996 998
997 998
999 1000
999 1001
999 1003
1000 1001
1001 1002
1001 1003
1002 1003
1003 1095
1003 1102
1004 1005
1004 1006
1004 1008
1004 1010
1004 1027
1004 1028
1005 1008
1005 1009
1005 1010
1005 1011
1005 1012
1006 1007
1006 1008
1006 1028
1006 1038
1006 1042
1006 1191
1007 1008
1007 1063
1007 1067
1007 1132
1007 1133
1007 1134
1007 1191
1008 1012
1008 1063
1009 1010
1009 1011
1009 1018
1009 1070
1009 1071
1010 1017
1010 1018
1010 1024
1010 1027
1011 1012
1011 1013
1011 1064
1011 1071
1012 1013
1012 1063
1013 1063
1013 1064
1014 1015
1014 1016
1014 1019
1014 1024
1014 1034
1014 1035
1014 1037
1015 1016
1015 1017
1015 1019
1015 1020
1015 1023
1016 1017
1016 1024
1017 1018
1017 1023
1017 1024
1018 1021
1018 1022
1018 1023
1018 1070
1018 1071
1019 1020
1019 1021
1020 1021
1020 1023
1021 1022
1021 1023
1022 1068
1022 1070
1022 1071
1024 1025
1024 1027
1024 1037
1025 1026
1025 1027
1025 1028
1025 1037
1026 1027
1026 1028
1026 1037
1026 1038
1027 1028
1028 1038
1029 1030
1030 1031
1030 1032
1030 1034
1030 1035
1031 1032
1031 1033
1031 1035
1031 1036
1032 1033
1032 1039
1033 1036
1033 1038
1033 1039
1034 1035
1035 1036
1035 1037
1035 1038
1036 1038
1037 1038
1038 1039
1038 1042
1039 1040
1039 1041
1039 1042
1040 1041
1041 1042
1041 1044
1041 1045
1041 1046
1042 1043
1042 1044
1042 1045
1042 1191
1043 1044
1043 1168
1043 1191
1044 1045
1044 1046
1044 1048
1044 1168
1046 1047
1046 1048
1047 1048
1047 1159
1047 1166
1047 1168
1048 1168
1049 1052
1049 1088
1049 1091
1049 1092
1050 1051
1050 1068
1050 1069
1051 1052
1051 1053
1051 1058
1051 1062
1051 1069
1051 1071
1051 1072
1052 1053
1052 1060
1052 1062
1052 1088
1052 1091
1053 1091
1054 1055
1054 1056
1054 1058
1054 1059
1054 1061
1054 1066
1055 1056
1055 1057
1055 1061
1055 1083
1056 1057
1056 1066
1056 1067
1056 1113
1056 1125
1056 1126
1057 1083
1057 1084
1057 1086
1057 1113
1057 1114
1058 1059
1058 1062
1058 1065
1058 1066
1058 1072
1059 1060
1059 1061
1059 1062
1060 1061
1060 1062
1060 1083
1060 1088
1060 1089
1061 1083
1063 1064
1063 1067
1064 1065
1064 1066
1064 1067
1064 1071
1064 1072
1065 1066
1065 1072
1066 1067
1067 1125
1067 1133
1068 1069
1068 1071
1069 1071
1070 1071
1071 1072
1073 1074
1073 1075
1073 1093
1073 1099
1073 1146
1074 1075
1074 1076
1074 1077
1074 1088
1074 1090
1074 1093
1075 1076
1075 1079
1075 1146
1075 1147
1076 1077
1076 1079
1077 1078
1077 1079
1077 1087
1077 1090
1078 1079
1078 1080
1078 1082
1078 1084
1078 1086
1078 1087
1079 1080
1079 1147
1079 1148
1080 1081
1080 1086
1080 1148
1080 1150
1081 1086
1081 1114
1081 1150
1081 1214
1081 1275
1082 1084
1082 1085
1082 1087
1082 1090
1083 1084
1083 1089
1084 1085
1084 1086
1084 1089
1085 1089
1085 1090
1086 1114
1087 1090
1088 1089
1088 1090
1088 1092
1088 1093
1089 1090
1091 1092
1091 1094
1092 1093
1092 1094
1093 1094
1095 1096
1095 1097
1095 1099
1095 1102
1096 1097
1096 1098
1096 1099
1096 1100
1096 1101
1096 1103
1097 1101
1097 1102
1098 1100
1098 1103
1099 1100
1099 1146
1100 1103
1100 1146
1101 1102
1101 1103
1101 1110
1102 1104
1102 1105
1102 1110
1103 1110
1103 1146
1103 1152
1104 1105
1104 1106
1104 1107
1104 1490
1105 1107
1105 1110
1106 1107
1106 1108
1106 1111
1106 1490
1106 1680
1107 1109
1107 1110
1107 1111
1108 1111
1108 1209
1108 1211
1108 1680
1109 1110
1109 1111
1109 1112
1109 1152
1109 1157
1109 1208
1110 1152
1111 1208
1111 1211
1112 1156
1112 1157
1112 1158
1112 1208
1112 1210
1113 1114
1113 1115
1113 1123
1113 1124
1113 1126
1114 1115
1114 1116
1114 1124
1114 1232
1114 1275
1115 1116
1115 1118
1115 1119
1115 1124
1116 1119
1116 1232
1116 1234
1117 1118
1117 1119
1117 1120
1117 1122
1117 1123
1117 1124
1117 1126
1117 1140
1118 1119
1118 1124
1119 1120
1119 1234
1120 1121
1120 1128
1120 1138
1120 1140
1120 1234
1120 1237
1121 1127
1121 1128
1121 1138
1122 1125
1122 1126
1122 1139
1122 1140
1123 1124
1123 1126
1125 1126
1125 1133
1125 1139
1127 1128
1127 1129
1127 1130
1127 1138
1127 1172
1127 1173
1128 1129
1128 1130
1128 1237
1129 1130
1129 1131
1129 1173
1129 1237
1129 1239
1131 1173
1131 1238
1131 1239
1132 1133
1132 1134
1133 1134
1133 1135
1133 1136
1133 1139
1134 1135
1134 1191
1135 1136
1135 1137
1135 1190
1135 1191
1136 1137
1136 1139
1137 1138
1137 1139
1137 1140
1137 1189
1137 1190
1137 1193
1138 1140
1138 1172
1138 1189
1139 1140
1141 1142
1141 1143
1141 1144
1141 1150
1141 1213
1141 1214
1141 1216
1141 1222
1142 1143
1142 1144
1142 1145
1142 1155
1143 1144
1143 1155
1143 1217
1143 1219
1143 1222
1143 1223
1144 1145
1144 1150
1144 1151
1144 1155
1144 1158
1145 1155
1146 1147
1146 1152
1147 1148
1147 1149
1147 1152
1147 1153
1148 1149
1148 1150
1149 1150
1149 1151
1149 1153
1150 1151
1150 1214
1151 1152
1151 1153
1151 1154
1151 1157
1151 1158
1152 1153
1152 1154
1152 1157
1154 1157
1155 1156
1155 1158
1155 1217
1155 1218
1155 1219
1156 1158
1156 1195
1156 1197
1156 1210
1156 1218
1157 1158
1159 1160
1159 1161
1159 1166
1159 1176
1160 1161
1160 1162
1160 1176
1160 1177
1160 1178
1161 1162
1161 1163
1162 1163
1162 1178
1162 1184
1162 1185
1163 1184
1163 1186
1164 1165
1164 1168
1164 1170
1165 1166
1165 1167
1165 1168
1165 1170
1165 1174
1166 1168
1166 1174
1166 1175
1166 1176
1167 1169
1167 1170
1167 1174
1167 1180
1167 1181
1168 1170
1168 1191
1168 1192
1169 1170
1169 1171
1169 1172
1169 1173
1169 1181
1170 1171
1170 1192
1171 1172
1171 1189
1171 1192
1172 1173
1172 1189
1173 1181
1173 1182
1173 1183
1174 1175
1174 1177
1174 1179
1174 1180
1175 1176
1175 1177
1176 1177
1177 1178
1177 1179
1177 1185
1178 1185
1179 1180
1179 1184
1179 1185
1179 1187
1180 1181
1180 1182
1180 1187
1181 1182
1182 1183
1182 1187
1183 1187
1184 1185
1184 1186
1184 1187
1184 1188
1186 1187
1186 1188
1187 1188
1189 1192
1189 1193
1190 1191
1190 1193
1191 1192
1191 1193
1192 1193
1194 1195
1194 1196
1194 1204
1194 1209
1194 1212
1194 1680
1195 1196
1195 1197
1195 1198
1195 1210
1195 1212
1196 1198
1196 1200
1196 1204
1197 1198
1197 1201
1197 1218
1198 1200
1198 1201
1199 1202
1199 1203
1199 1207
1199 1681
1199 1682
1200 1201
1200 1204
1200 1205
1201 1202
1201 1205
1201 1218
1201 1230
1202 1203
1202 1205
1202 1207
1202 1230
1203 1207
1203 1230
1203 1231
1203 1681
1204 1205
1204 1206
1204 1680
1204 1682
1205 1206
1205 1207
1206 1207
1206 1682
1207 1682
1208 1209
1208 1210
1208 1211
1208 1212
1209 1211
1209 1212
1209 1680
1210 1212
1213 1214
1213 1215
1213 1216
1214 1215
1214 1275
1215 1216
1215 1268
1215 1269
1215 1275
1216 1222
1216 1224
1216 1260
1216 1269
1216 1271
1217 1218
1217 1219
1218 1219
1218 1221
1218 1230
1219 1220
1219 1221
1219 1223
1220 1221
1220 1223
1220 1225
1221 1225
1221 1227
1221 1229
1221 1230
1222 1223
1222 1224
1223 1224
1223 1225
1224 1225
1224 1226
1224 1257
1224 1260
1225 1226
1225 1227
1226 1227
1226 1228
1226 1257
1227 1228
1227 1229
1227 1231
1228 1231
1228 1257
1228 1258
1228 1681
1229 1230
1229 1231
1230 1231
1231 1681
1232 1234
1232 1242
1232 1250
1232 1275
1233 1234
1233 1235
1233 1237
1233 1239
1233 1241
1234 1235
1234 1237
1234 1242
1235 1236
1235 1241
1235 1242
1235 1252
1235 1255
1236 1240
1236 1241
1237 1239
1238 1239
1238 1240
1239 1240
1239 1241
1240 1241
1242 1243
1242 1245
1242 1246
1242 1250
1242 1255
1243 1246
1243 1247
1243 1249
1243 1250
1244 1246
1244 1248
1244 1249
1244 1253
1245 1246
1245 1251
1245 1253
1245 1255
1246 1249
1246 1253
1247 1249
1247 1250
1248 1249
1248 1250
1248 1273
1248 1274
1248 1275
1249 1250
1250 1275
1251 1252
1251 1253
1251 1255
1252 1253
1252 1254
1252 1255
1253 1254
1256 1257
1256 1260
1256 1262
1256 1263
1256 1270
1256 1272
1257 1258
1257 1260
1257 1261
1257 1262
1258 1259
1258 1261
1258 1681
1259 1261
1259 1265
1259 1681
1260 1270
1260 1271
1261 1262
1261 1264
1261 1265
1262 1263
1262 1264
1263 1264
1263 1266
1263 1272
1263 1276
1264 1265
1264 1276
1264 1277
1264 1681
1265 1681
1266 1267
1266 1268
1266 1272
1266 1276
1267 1268
1267 1275
1267 1276
1268 1269
1268 1272
1268 1275
1269 1271
1269 1272
1270 1271
1270 1272
1271 1272
1273 1274
1273 1275
1274 1275
1274 1277
1275 1276
1275 1277
1276 1277
1277 1681
1278 1279
1278 1280
1278 1281
1278 1285
1278 1286
1278 1341
1278 1342
1278 1344
1279 1281
1279 1282
1279 1283
1279 1286
1280 1285
1280 1298
1280 1344
1281 1283
1281 1284
1281 1331
1281 1341
1282 1283
1283 1284
1283 1286
1284 1286
1284 1290
1284 1292
1284 1294
1284 1301
1284 1302
1284 1304
1284 1331
1285 1286
1285 1287
1285 1289
1285 1295
1285 1298
1285 1300
1286 1287
1286 1288
1286 1290
1287 1288
1287 1289
1288 1289
1288 1295
1288 1299
1289 1296
1289 1299
1289 1300
1290 1291
1290 1294
1291 1292
1291 1293
1291 1294
1292 1293
1292 1294
1292 1301
1292 1303
1295 1296
1295 1297
1295 1298
1295 1299
1295 1300
1295 1329
1296 1299
1296 1300
1297 1298
1297 1328
1297 1329
1298 1328
1298 1344
1301 1302
1301 1303
1302 1303
1302 1304
1303 1304
1305 1306
1305 1349
1305 1350
1305 1359
1306 1307
1306 1308
1306 1350
1306 1359
1306 1360
1307 1308
1307 1309
1307 1310
1307 1312
1307 1350
1308 1350
1309 1312
1309 1313
1310 1312
1310 1317
1310 1318
1310 1319
1310 1320
1310 1347
1310 1349
1310 1350
1311 1313
1311 1314
1311 1320
1311 1323
1311 1325
1311 1328
1312 1313
1312 1320
1313 1314
1313 1315
1313 1320
1313 1332
1313 1337
1313 1338
1313 1342
1313 1343
1314 1315
1314 1328
1314 1342
1314 1343
1315 1343
1316 1317
1316 1321
1316 1324
1316 1345
1316 1347
1317 1318
1317 1319
1317 1321
1317 1322
1317 1347
1318 1319
1319 1320
1319 1322
1319 1323
1320 1322
1320 1323
1321 1322
1321 1324
1322 1323
1322 1324
1323 1324
1323 1325
1324 1325
1325 1326
1325 1327
1325 1328
1325 1329
1326 1327
1326 1329
1327 1328
1327 1329
1328 1329
1328 1342
1328 1344
1330 1331
1330 1335
1331 1334
1331 1335
1331 1339
1331 1341
1332 1333
1332 1336
1332 1338
1333 1334
1333 1336
1333 1339
1334 1335
1334 1339
1336 1338
1336 1339
1337 1338
1337 1340
1337 1341
1337 1342
1338 1339
1338 1341
1339 1341
1340 1342
1341 1342
1342 1343
1342 1344
1345 1347
1345 1352
1345 1355
1346 1347
1346 1348
1346 1352
1346 1353
1346 1354
1346 1357
1347 1348
1347 1349
1347 1352
1348 1349
1348 1357
1349 1350
1349 1357
1349 1359
1351 1353
1351 1354
1351 1358
1351 1365
1352 1353
1352 1355
1353 1354
1353 1355
1353 1365
1354 1356
1354 1357
1354 1358
1354 1359
1355 1365
1355 1366
1356 1358
1356 1359
1356 1360
1357 1359
1358 1360
1358 1365
1359 1360
1361 1363
1361 1364
1361 1366
1361 1367
1362 1363
1362 1365
1363 1365
1363 1367
1364 1366
1364 1367
1365 1366
1365 1367
1366 1367
1368 1370
1368 1371
1368 1372
1368 1379
1368 1395
1368 1401
1369 1370
1369 1372
1369 1385
1369 1387
1369 1388
1370 1371
1370 1372
1370 1385
1370 1393
1371 1392
1371 1393
1371 1395
1371 1396
1373 1374
1373 1375
1373 1376
1373 1377
1373 1379
1373 1395
1373 1398
1373 1428
1374 1375
1374 1379
1374 1381
1375 1377
1375 1379
1375 1381
1375 1382
1375 1383
1376 1397
1376 1398
1376 1399
1376 1424
1376 1428
1377 1383
1377 1428
1377 1430
1377 1431
1378 1380
1378 1381
1378 1382
1378 1401
1378 1403
1378 1417
1379 1381
1379 1395
1379 1401
1380 1382
1380 1417
1381 1382
1381 1401
1382 1383
1382 1416
1382 1417
1382 1419
1383 1419
1383 1427
1383 1430
1384 1386
1384 1387
1384 1391
1384 1394
1385 1386
1385 1388
1385 1393
1386 1387
1386 1388
1386 1391
1386 1393
1386 1394
1387 1388
1387 1389
1387 1391
1389 1390
1389 1391
1389 1435
1389 1436
1389 1511
1390 1391
1390 1392
1390 1434
1390 1435
1391 1392
1391 1393
1391 1394
1392 1393
1392 1396
1392 1434
1395 1396
1395 1398
1396 1397
1396 1398
1396 1399
1396 1425
1396 1434
1397 1399
1397 1424
1397 1425
1398 1399
1400 1402
1400 1404
1400 1406
1400 1411
1400 1418
1401 1402
1401 1403
1402 1403
1402 1417
1402 1418
1403 1417
1404 1411
1405 1407
1405 1408
1405 1409
1405 1410
1405 1419
1405 1427
1405 1522
1406 1407
1406 1409
1406 1411
1406 1414
1406 1416
1406 1418
1407 1408
1407 1409
1407 1414
1408 1410
1408 1414
1409 1416
1409 1419
1410 1412
1410 1413
1410 1414
1410 1522
1411 1412
1411 1413
1411 1414
1412 1413
1412 1522
1413 1414
1415 1416
1415 1419
1416 1417
1416 1418
1416 1419
1417 1418
1419 1427
1420 1421
1420 1422
1420 1424
1420 1442
1420 1515
1420 1517
1421 1424
1421 1425
1421 1442
1422 1424
1422 1427
1422 1428
1422 1429
1422 1431
1422 1517
1423 1424
1423 1425
1424 1425
1424 1428
1424 1429
1425 1434
1425 1441
1425 1442
1426 1430
1426 1431
1427 1430
1427 1431
1427 1517
1427 1522
1428 1429
1428 1431
1430 1431
1432 1433
1432 1434
1432 1439
1433 1434
1433 1435
1433 1436
1433 1439
1434 1435
1434 1438
1434 1439
1434 1440
1434 1441
1435 1436
1436 1439
1436 1511
1436 1512
1437 1438
1437 1440
1437 1441
1437 1513
1437 1516
1438 1439
1438 1440
1438 1513
1439 1512
1439 1513
1440 1441
1441 1442
1441 1443
1441 1515
1441 1516
1442 1443
1442 1515
1443 1515
1443 1516
1444 1445
1444 1446
1444 1447
1444 1449
1444 1485
1445 1446
1446 1453
1446 1461
1446 1463
1446 1485
1446 1504
1447 1448
1447 1449
1447 1485
1448 1449
1449 1485
1450 1451
1450 1452
1450 1453
1450 1454
1450 1455
1450 1458
1451 1452
1451 1457
1451 1458
1451 1515
1452 1453
1452 1509
1452 1515
1453 1454
1453 1455
1453 1463
1453 1464
1453 1465
1453 1504
1453 1509
1453 1510
1454 1455
1454 1458
1454 1459
1454 1460
1455 1460
1455 1464
1456 1457
1456 1459
1456 1462
1457 1458
1457 1459
1458 1459
1459 1460
1459 1462
1460 1461
1460 1462
1460 1464
1461 1462
1461 1463
1461 1464
1461 1465
1463 1465
1464 1465
1466 1467
1466 1469
1466 1470
1466 1477
1466 1479
1466 1482
1466 1521
1467 1468
1467 1469
1467 1517
1467 1520
1467 1521
1468 1469
1468 1520
1468 1534
1468 1537
1468 1581
1468 1610
1468 1611
1468 1613
1468 1614
1468 1665
1469 1470
1469 1534
1469 1537
1470 1474
1470 1482
1470 1484
1470 1533
1470 1534
1470 1536
1470 1538
1471 1472
1471 1473
1471 1539
1471 1542
1472 1473
1472 1474
1472 1475
1472 1480
1472 1539
1472 1541
1473 1474
1473 1542
1473 1543
1474 1480
1474 1484
1474 1524
1474 1538
1474 1543
1475 1476
1475 1480
1475 1481
1476 1477
1476 1478
1476 1481
1476 1521
1477 1478
1477 1479
1477 1521
1478 1479
1478 1481
1478 1483
1479 1482
1479 1483
1479 1484
1480 1481
1480 1483
1480 1484
1481 1483
1482 1484
1483 1484
1485 1487
1485 1488
1485 1489
1485 1490
1485 1497
1485 1501
1485 1502
1485 1504
1485 1647
1485 1648
1485 1649
1486 1487
1486 1497
1486 1498
1487 1490
1487 1493
1487 1497
1487 1498
1488 1489
1488 1504
1489 1504
1490 1491
1490 1492
1490 1493
1490 1495
1490 1502
1490 1647
1490 1680
1491 1492
1491 1495
1492 1493
1492 1494
1492 1495
1493 1494
1493 1498
1494 1495
1494 1496
1494 1498
1494 1499
1494 1502
1495 1502
1496 1499
1496 1500
1496 1502
1497 1498
1497 1501
1497 1503
1498 1499
1498 1503
1499 1500
1499 1503
1500 1502
1500 1503
1501 1502
1501 1503
1502 1503
1502 1647
1504 1506
1504 1507
1504 1510
1504 1585
1504 1632
1504 1649
1505 1506
1505 1507
1505 1508
1505 1517
1505 1518
1505 1549
1505 1550
1505 1551
1505 1555
1505 1562
1505 1600
1505 1603
1506 1507
1506 1508
1506 1584
1506 1585
1507 1510
1507 1517
1508 1584
1508 1600
1509 1510
1509 1515
1510 1515
1510 1517
1511 1512
1511 1515
1512 1513
1512 1514
1512 1515
1513 1514
1513 1516
1514 1515
1514 1516
1515 1516
1515 1517
1517 1518
1517 1519
1517 1520
1517 1521
1517 1522
1518 1519
1518 1562
1518 1563
1519 1520
1519 1563
1519 1565
1519 1567
1519 1581
1520 1581
1521 1522
1523 1524
1523 1526
1523 1543
1524 1525
1524 1526
1524 1527
1524 1528
1524 1529
1524 1532
1524 1533
1524 1538
1524 1543
1525 1527
1525 1532
1526 1527
1526 1540
1526 1541
1526 1543
1527 1530
1527 1532
1527 1541
1527 1546
1528 1529
1528 1531
1528 1533
1528 1535
1529 1531
1529 1532
1529 1604
1529 1605
1529 1630
1529 1631
1530 1532
1530 1546
1530 1548
1530 1621
1530 1630
1531 1534
1531 1535
1531 1604
1531 1610
1532 1630
1532 1631
1533 1535
1533 1536
1533 1538
1534 1535
1534 1536
1534 1537
1534 1610
1535 1536
1539 1540
1539 1541
1539 1542
1540 1541
1540 1542
1540 1543
1541 1544
1541 1545
1541 1546
1541 1547
1542 1543
1544 1547
1544 1617
1544 1618
1544 1619
1544 1620
1545 1546
1545 1547
1545 1548
1546 1548
1547 1548
1547 1619
1547 1620
1548 1619
1548 1621
1549 1550
1549 1551
1549 1552
1549 1553
1549 1554
1550 1552
1550 1603
1551 1553
1551 1555
1552 1554
1552 1603
1553 1554
1553 1555
1554 1555
1554 1572
1554 1573
1554 1596
1554 1601
1554 1603
1555 1556
1555 1557
1555 1562
1555 1572
1556 1557
1556 1562
1556 1563
1556 1564
1557 1558
1557 1559
1557 1564
1557 1572
1558 1559
1558 1560
1558 1561
1558 1564
1558 1565
1559 1560
1559 1572
1559 1575
1560 1565
1560 1568
1560 1575
1560 1577
1561 1564
1561 1565
1562 1563
1563 1564
1563 1565
1564 1565
1565 1566
1565 1567
1565 1568
1566 1567
1566 1568
1566 1569
1566 1570
1566 1571
1566 1579
1566 1580
1567 1580
1567 1581
1568 1569
1568 1570
1568 1577
1568 1582
1569 1570
1570 1571
1570 1582
1571 1579
1571 1582
1572 1573
1572 1574
1572 1575
1573 1574
1573 1576
1573 1592
1573 1596
1574 1575
1574 1576
1575 1576
1575 1577
1576 1577
1576 1591
1576 1592
1576 1594
1577 1582
1577 1591
1577 1595
1578 1579
1578 1580
1578 1581
1578 1582
1578 1595
1579 1580
1579 1582
1580 1581
1581 1595
1581 1598
1581 1642
1581 1645
1581 1658
1581 1665
1582 1595
1583 1585
1583 1586
1583 1588
1583 1590
1583 1632
1584 1585
1584 1600
1584 1602
1585 1586
1585 1602
1585 1632
1586 1587
1586 1588
1586 1602
1587 1588
1587 1589
1587 1590
1587 1597
1587 1598
1587 1599
1587 1600
1587 1601
1587 1602
1587 1603
1588 1589
1588 1590
1589 1590
1590 1599
1590 1632
1590 1640
1591 1593
1591 1594
1591 1595
1592 1594
1592 1596
1593 1594
1593 1595
1594 1595
1594 1596
1594 1597
1594 1598
1595 1598
1596 1597
1596 1601
1597 1598
1597 1601
1598 1599
1598 1640
1598 1642
1599 1640
1600 1602
1600 1603
1601 1603
1604 1605
1604 1607
1604 1610
1604 1612
1605 1607
1605 1629
1605 1631
1606 1607
1606 1608
1606 1612
1606 1613
1606 1614
1607 1608
1607 1609
1607 1612
1607 1629
1608 1609
1608 1614
1608 1665
1609 1625
1609 1628
1609 1629
1609 1665
1610 1611
1610 1612
1610 1613
1611 1613
1612 1613
1613 1614
1614 1665
1615 1616
1615 1617
1615 1618
1615 1619
1615 1620
1616 1617
1616 1618
1616 1619
1616 1622
1617 1618
1617 1620
1618 1622
1618 1624
1618 1666
1619 1620
1619 1621
1619 1622
1621 1622
1621 1626
1621 1627
1621 1630
1622 1623
1622 1624
1622 1627
1623 1624
1623 1625
1623 1627
1623 1628
1624 1625
1624 1665
1624 1666
1625 1628
1625 1665
1626 1627
1626 1629
1626 1630
1627 1628
1627 1629
1628 1629
1629 1630
1629 1631
1630 1631
1632 1633
1632 1634
1632 1638
1632 1639
1632 1640
1632 1641
1632 1646
1632 1649
1633 1634
1633 1639
1633 1644
1634 1636
1634 1641
1634 1643
1634 1644
1635 1636
1635 1642
1635 1643
1635 1644
1636 1643
1636 1644
1637 1638
1637 1640
1637 1642
1638 1639
1638 1640
1638 1642
1639 1642
1639 1644
1640 1642
1641 1643
1641 1646
1642 1643
1642 1644
1642 1645
1643 1645
1643 1646
1643 1647
1643 1648
1643 1686
1643 1696
1643 1697
1645 1650
1645 1658
1645 1696
1646 1648
1646 1649
1647 1648
1647 1680
1647 1682
1647 1683
1647 1686
1648 1649
1650 1651
1650 1655
1650 1656
1650 1658
1650 1696
1650 1701
1651 1652
1651 1655
1651 1656
1651 1658
1651 1701
1652 1653
1652 1654
1652 1658
1652 1659
1652 1660
1652 1661
1652 1679
1652 1701
1652 1702
1653 1658
1653 1659
1654 1658
1654 1659
1655 1656
1655 1658
1657 1658
1657 1662
1657 1667
1657 1668
1657 1669
1657 1670
1657 1673
1658 1659
1658 1661
1658 1662
1658 1663
1658 1664
1658 1665
1658 1666
1658 1667
1658 1668
1658 1669
1660 1661
1660 1672
1660 1677
1660 1678
1660 1679
1661 1664
1661 1672
1662 1663
1662 1673
1662 1674
1663 1664
1663 1670
1663 1671
1663 1672
1663 1674
1664 1672
1665 1666
1666 1669
1666 1712
1666 1714
1667 1668
1667 1669
1669 1670
1669 1677
1669 1711
1669 1712
1670 1671
1670 1673
1670 1674
1670 1677
1671 1672
1671 1676
1671 1677
1672 1676
1672 1677
1673 1674
1675 1677
1675 1678
1675 1679
1675 1702
1675 1711
1676 1677
1677 1678
1677 1711
1678 1679
1679 1702
1680 1682
1681 1682
1681 1683
1681 1684
1682 1683
1683 1684
1683 1686
1683 1687
1683 1688
1684 1685
1684 1687
1685 1686
1685 1687
1686 1687
1686 1688
1686 1695
1686 1697
1686 1698
1687 1688
1689 1690
1689 1691
1689 1694
1689 1699
1690 1691
1690 1692
1690 1694
1691 1692
1691 1693
1691 1696
1691 1699
1692 1693
1692 1694
1693 1694
1693 1696
1693 1699
1693 1993
1694 1699
1695 1696
1695 1698
1695 1986
1695 1987
1695 1988
1696 1697
1696 1698
1696 1699
1696 1701
1696 1986
1696 1991
1696 1992
1696 1993
1696 1994
1697 1698
1700 1702
1700 1703
1700 1704
1700 1709
1701 1702
1701 1703
1701 1704
1701 1705
1701 1708
1701 1710
1701 1993
1702 1703
1702 1709
1702 1711
1703 1704
1704 1705
1704 1707
1704 1709
1705 1707
1705 1710
1706 1707
1706 1708
1706 1709
1706 1711
1707 1708
1707 1709
1707 1710
1708 1710
1708 1711
1708 1993
1709 1711
1711 1712
1711 1982
1711 1993
1711 1998
1712 1714
1712 1982
1712 2026
1712 2037
1713 1715
1713 1716
1713 1721
1713 1726
1713 1727
1713 1728
1714 1715
1714 1716
1714 1721
1714 1722
1714 1723
1714 1732
1714 2034
1714 2036
1714 2037
1715 1716
1715 1721
1716 1722
1716 1726
1717 1719
1717 1720
1717 1721
1717 1808
1717 1820
1718 1721
1718 1736
1718 1755
1719 1721
1719 1755
1719 1808
1719 1810
1719 1811
1720 1721
1721 1727
1721 1729
1721 1736
1721 1755
1722 1723
1722 1726
1723 1724
1723 1725
1723 1726
1723 1732
1724 1725
1724 1731
1724 1732
1724 1733
1724 1745
1725 1726
1725 1728
1725 1745
1725 1746
1726 1728
1727 1728
1727 1729
1728 1729
1728 1746
1729 1736
1729 1741
1729 1742
1729 1746
1730 1731
1730 1732
1730 1744
1730 1747
1730 2035
1730 2038
1731 1732
1731 1733
1731 1747
1732 2034
1732 2035
1732 2036
1733 1745
1733 1747
1734 1735
1734 1736
1734 1738
1734 1740
1734 1755
1734 1758
1735 1738
1735 1739
1735 1742
1735 1753
1735 1758
1736 1740
1736 1742
1736 1755
1737 1738
1737 1740
1737 1742
1738 1740
1738 1742
1739 1741
1739 1742
1739 1749
1739 1753
1739 1754
1740 1742
1741 1742
1741 1746
1741 1748
1741 1749
1743 1744
1743 1747
1743 1748
1743 1750
1744 1747
1744 1750
1744 1752
1744 2029
1744 2033
1744 2038
1744 2039
1744 2042
1745 1746
1745 1747
1746 1747
1746 1748
1747 1748
1748 1749
1748 1750
1748 1751
1749 1751
1749 1752
1749 1754
1750 1751
1750 1752
1751 1752
1752 1754
1752 1765
1752 1767
1752 2039
1753 1754
1753 1756
1753 1758
1753 1760
1754 1756
1754 1767
1754 1774
1755 1757
1755 1758
1755 1759
1755 1810
1755 1813
1755 1814
1756 1760
1756 1774
1757 1758
1757 1759
1757 1761
1758 1760
1758 1761
1759 1761
1759 1763
1759 1813
1759 1817
1760 1761
1760 1764
1760 1770
1760 1774
1761 1762
1761 1763
1761 1764
1762 1763
1762 1764
1762 1778
1763 1778
1763 1802
1763 1817
1764 1770
1764 1775
1764 1778
1765 1767
1765 1768
1765 2039
1765 2046
1766 1767
1766 1768
1766 1769
1766 1774
1767 1768
1767 1774
1768 1769
1768 2046
1769 1770
1769 1772
1769 1774
1769 2046
1770 1772
1770 1773
1770 1774
1770 1775
1770 1776
1770 2024
1771 1772
1771 2023
1771 2045
1771 2046
1771 2048
1772 1773
1772 2023
1772 2046
1773 2023
1773 2024
1773 2025
1775 1776
1775 1777
1775 1778
1775 1780
1775 1781
1775 1783
1776 1777
1776 1779
1776 2024
1777 1779
1777 1783
1777 2024
1777 2060
1777 2070
1778 1781
1778 1782
1778 1802
1779 2024
1780 1781
1780 1783
1780 1784
1780 2070
1781 1782
1781 1784
1782 1784
1782 1787
1782 1788
1782 1802
1782 1806
1783 2070
1784 1787
1784 1789
1784 2052
1784 2070
1785 1786
1785 1788
1785 1790
1785 1791
1785 1792
1785 1796
1785 1806
1785 2052
1786 1791
1786 1792
1787 1788
1787 1789
1788 1789
1788 1806
1788 2052
1789 2052
1790 1796
1790 2052
1790 2053
1790 2054
1791 1792
1791 1801
1791 1805
1791 1806
1792 1793
1792 1795
1792 1796
1792 1800
1792 1801
1793 1794
1793 1795
1793 1800
1793 1844
1794 1795
1794 1844
1794 1883
1794 1888
1795 1796
1795 1882
1795 1888
1796 1882
1796 2050
1796 2053
1797 1798
1797 1799
1797 1800
1797 1807
1797 1812
1797 1844
1798 1799
1798 1812
1798 1818
1799 1800
1799 1801
1799 1803
1799 1805
1799 1818
1800 1801
1800 1844
1801 1805
1802 1804
1802 1806
1802 1816
1802 1817
1803 1804
1803 1805
1803 1815
1803 1818
1804 1805
1804 1806
1804 1815
1804 1816
1805 1806
1807 1811
1807 1812
1807 1844
1808 1811
1808 1820
1808 1833
1808 1847
1808 1848
1809 1810
1809 1811
1809 1812
1810 1811
1810 1812
1810 1814
1810 1815
1810 1818
1811 1812
1811 1844
1811 1848
1812 1818
1813 1814
1813 1816
1813 1817
1814 1815
1814 1816
1815 1816
1815 1818
1816 1817
1819 1821
1819 1822
1819 1823
1819 1829
1820 1821
1820 1825
1820 1829
1820 1830
1820 1831
1820 1833
1820 1835
1820 1836
1821 1823
1821 1825
1821 1829
1822 1823
1822 1824
1822 1827
1822 1829
1822 1831
1822 1832
1823 1824
1823 1825
1823 1826
1824 1825
1824 1826
1824 1827
1824 1838
1824 1870
1825 1826
1825 1870
1827 1828
1827 1832
1827 1838
1828 1830
1828 1831
1828 1832
1828 1838
1829 1831
1830 1831
1830 1835
1830 1838
1830 1839
1830 1840
1830 1843
1831 1832
1833 1834
1833 1836
1833 1837
1833 1847
1834 1836
1834 1837
1834 1840
1834 1841
1834 1852
1835 1836
1835 1840
1836 1840
1837 1847
1837 1850
1837 1851
1837 1852
1838 1842
1838 1843
1838 1866
1838 1870
1839 1840
1839 1841
1839 1843
1839 1864
1839 1865
1840 1841
1841 1852
1841 1865
1842 1843
1842 1866
1842 1871
1843 1864
1843 1871
1844 1846
1844 1848
1844 1883
1845 1846
1845 1847
1845 1848
1845 1849
1845 1850
1846 1848
1846 1849
1846 1883
1847 1848
1847 1850
1849 1850
1849 1853
1849 1883
1849 1884
1849 1885
1850 1851
1850 1853
1851 1852
1851 1853
1851 1857
1852 1857
1852 1865
1853 1857
1853 1858
1853 1884
1854 1855
1854 1856
1854 1858
1854 1859
1855 1856
1855 1858
1855 1879
1855 1880
1855 1884
1855 1887
1855 1889
1856 1859
1856 1862
1856 1863
1856 1868
1856 1889
1857 1858
1857 1859
1857 1862
1857 1863
1857 1865
1858 1859
1858 1884
1858 1887
1859 1862
1860 1861
1860 1863
1860 1864
1860 1865
1860 1868
1861 1864
1861 1868
1861 1871
1862 1863
1863 1865
1863 1868
1864 1865
1864 1871
1866 1867
1866 1868
1866 1869
1866 1870
1866 1871
1867 1868
1867 1869
1867 1873
1868 1871
1868 1872
1868 1873
1868 1874
1868 1889
1868 1896
1869 1870
1869 1873
1869 1875
1870 1875
1870 1876
1870 1916
1870 1921
1872 1874
1872 1876
1872 1877
1872 1896
1873 1874
1873 1875
1874 1875
1874 1876
1875 1876
1876 1877
1876 1921
1876 1926
1877 1896
1877 1899
1877 1926
1878 1879
1878 1880
1878 1881
1878 1889
1878 1890
1878 1891
1878 1893
1878 1894
1878 2050
1878 2051
1879 1880
1879 1889
1880 1881
1880 1887
1881 1882
1881 1886
1881 1887
1881 1888
1881 2050
1882 1888
1882 2050
1883 1885
1883 1886
1883 1888
1884 1885
1884 1887
1885 1886
1885 1887
1886 1887
1886 1888
1889 1890
1889 1891
1889 1896
1890 1891
1891 1892
1891 1893
1891 1896
1891 1898
1891 1900
1891 1901
1891 1902
1891 1903
1892 1893
1892 1894
1892 1895
1892 1901
1892 1905
1892 1907
1893 1894
1894 1895
1894 1906
1894 2051
1895 1906
1895 1907
1895 1909
1896 1897
1896 1898
1896 1899
1897 1898
1897 1899
1898 1899
1898 1900
1898 1902
1899 1902
1899 1926
1899 1928
1900 1902
1901 1903
1901 1904
1901 1905
1901 1908
1901 1910
1901 1911
1901 1912
1902 1903
1902 1928
1902 1930
1903 1904
1903 1930
1903 1934
1904 1911
1904 1933
1904 1934
1905 1907
1905 1908
1906 1909
1906 1910
1906 1914
1906 2051
1907 1908
1907 1909
1908 1909
1908 1910
1909 1910
1910 1912
1910 1914
1911 1912
1911 1933
1912 1913
1912 1914
1912 1933
1912 2017
1913 1915
1913 1933
1913 1936
1913 2016
1913 2017
1914 2012
1914 2014
1914 2017
1914 2051
1915 2016
1916 1917
1916 1919
1916 1920
1916 1921
1916 1922
1916 1924
1916 2001
1916 2003
1916 2004
1917 1918
1917 1919
1917 1924
1917 1925
1918 1919
1918 1925
1918 1935
1919 1935
1919 2004
1919 2016
1920 2001
1920 2002
1920 2003
1921 1922
1921 1926
1921 1927
1922 1923
1922 1924
1922 1927
1923 1924
1923 1927
1923 1929
1923 1930
1923 1931
1924 1925
1924 1931
1925 1931
1925 1932
1925 1935
1926 1927
1926 1928
1927 1928
1927 1929
1928 1929
1928 1930
1929 1930
1930 1931
1930 1932
1930 1934
1931 1932
1932 1934
1932 1935
1933 1934
1933 1935
1933 1936
1934 1935
1935 1936
1935 2016
1936 2016
1937 1938
1937 1939
1937 1940
1938 1939
1938 1940
1938 1942
1938 1944
1939 1940
1939 1941
1939 1943
1939 1944
1939 1945
1939 1946
1939 1947
1939 1948
1939 1954
1939 1973
1939 2021
1939 2026
1939 2040
1939 2041
1940 1942
1940 2026
1941 1947
1941 1967
1941 1973
1942 1943
1942 1944
1942 1945
1942 2026
1943 1945
1943 1946
1943 2026
1944 1945
1946 2026
1947 1948
1947 1950
1947 1957
1947 1960
1947 1961
1947 1967
1948 1950
1948 1954
1949 1950
1949 1952
1949 1957
1950 1952
1950 1953
1950 1954
1950 1957
1951 1952
1951 1953
1951 1954
1951 1958
1951 1959
1951 2051
1951 2056
1951 2065
1951 2067
1952 1953
1952 1957
1952 1958
1953 1954
1954 2021
1954 2067
1954 2068
1955 1956
1955 1960
1955 1961
1955 1964
1956 1957
1956 1959
1956 1961
1956 1962
1956 1964
1956 2051
1957 1958
1957 1959
1957 1961
1958 1959
1959 2051
1960 1961
1960 1962
1960 1964
1960 1967
1962 1963
1962 1964
1962 1967
1962 1969
1962 2051
1963 1969
1963 2051
1965 1966
1965 1967
1965 1968
1965 2000
1965 2007
1965 2009
1965 2010
1966 1967
1966 2010
1967 1968
1967 1969
1967 2010
1969 2006
1969 2010
1969 2011
1969 2013
1969 2051
1970 1971
1970 1972
1970 1975
1970 1979
1970 1980
1971 1972
1971 1974
1971 1975
1971 1977
1972 1976
1972 1977
1972 1980
1973 1974
1973 1975
1973 1977
1973 2026
1974 1975
1974 1977
1975 1978
1975 1979
1975 2026
1976 1977
1976 1979
1976 1980
1976 1981
1978 1979
1978 1981
1978 1983
1978 1985
1978 2026
1979 1980
1979 1981
1981 1982
1981 1983
1981 1984
1981 1985
1981 1998
1982 1983
1982 1984
1982 1998
1982 2026
1983 1985
1983 2026
1984 1998
1986 1987
1986 1989
1986 1991
1987 1988
1987 1989
1988 1989
1988 1990
1989 1990
1989 1991
1991 1992
1991 1999
1992 1994
1992 1999
1993 1994
1993 1995
1993 1996
1993 1998
1994 1995
1994 1997
1994 1999
1995 1996
1995 1997
1996 1997
1996 1998
1997 1998
1997 1999
1998 1999
2000 2002
2000 2003
2000 2004
2000 2007
2001 2002
2001 2004
2002 2003
2002 2004
2004 2007
2004 2016
2005 2006
2005 2007
2005 2008
2005 2009
2006 2008
2006 2009
2006 2010
2006 2011
2007 2008
2007 2009
2007 2016
2007 2018
2007 2019
2008 2011
2008 2015
2008 2018
2008 2019
2008 2020
2009 2010
2011 2013
2011 2014
2011 2015
2012 2013
2012 2014
2012 2051
2013 2014
2013 2051
2014 2015
2014 2017
2014 2020
2015 2020
2016 2017
2016 2018
2017 2018
2017 2019
2017 2020
2018 2019
2019 2020
2021 2022
2021 2025
2021 2040
2021 2042
2021 2043
2021 2047
2021 2048
2021 2060
2021 2066
2021 2068
2022 2025
2022 2060
2023 2025
2023 2048
2024 2025
2024 2060
2025 2048
2025 2060
2026 2027
2026 2031
2026 2037
2026 2041
2027 2028
2027 2029
2027 2030
2027 2031
2027 2032
2027 2033
2027 2036
2027 2037
2028 2029
2028 2033
2028 2035
2028 2036
2028 2038
2029 2033
2029 2038
2030 2031
2030 2032
2030 2033
2030 2041
2030 2042
2031 2032
2031 2041
2033 2042
2034 2035
2034 2036
2035 2036
2035 2038
2036 2037
2039 2042
2039 2045
2039 2046
2040 2041
2040 2042
2041 2042
2042 2043
2042 2045
2043 2044
2043 2045
2043 2047
2043 2048
2044 2047
2044 2048
2045 2046
2045 2048
2047 2048
2049 2051
2049 2052
2049 2054
2049 2059
2049 2072
2050 2051
2050 2053
2051 2053
2051 2054
2051 2056
2051 2059
2052 2054
2052 2069
2052 2070
2052 2072
2053 2054
2055 2056
2055 2057
2055 2058
2055 2062
2055 2065
2056 2058
2056 2059
2056 2062
2056 2065
2057 2058
2057 2062
2057 2064
2057 2069
2057 2071
2058 2059
2058 2069
2058 2072
2059 2072
2060 2061
2060 2066
2060 2070
2061 2063
2061 2064
2061 2066
2061 2070
2061 2071
2062 2063
2062 2064
2062 2065
2063 2064
2063 2065
2063 2066
2063 2067
2064 2071
2065 2067
2066 2067
2066 2068
2067 2068
2069 2070
2069 2071
2069 2072
2070 2071
2073 2074
2073 2075
2073 2076
2073 2087
2074 2075
2074 2076
2074 2077
2074 2081
2074 2089
2074 2094
2075 2087
2075 2088
2075 2089
2075 2090
2076 2087
2076 2093
2076 2094
2077 2079
2077 2081
2077 2083
2077 2084
2077 2085
2077 2086
2077 2094
2078 2082
2078 2101
2078 2102
2079 2081
2079 2082
2079 2086
2079 2089
2080 2081
2080 2089
2081 2089
2082 2083
2082 2084
2082 2086
2082 2089
2082 2093
2082 2095
2082 2101
2082 2102
2082 2156
2083 2084
2083 2085
2083 2093
2084 2086
2085 2093
2085 2094
2087 2088
2087 2093
2088 2090
2088 2093
2088 2096
2088 2109
2088 2114
2089 2090
2089 2095
2089 2097
2090 2096
2090 2097
2090 2098
2091 2092
2091 2093
2091 2121
2091 2159
2092 2093
2092 2115
2092 2120
2092 2121
2092 2122
2092 2123
2093 2094
2093 2114
2093 2115
2093 2156
2093 2157
2093 2159
2095 2097
2095 2101
2096 2098
2096 2099
2096 2103
2096 2108
2096 2109
2096 2110
2097 2098
2097 2100
2097 2101
2097 2104
2098 2103
2098 2104
2099 2103
2099 2108
2099 2111
2100 2101
2100 2102
2100 2104
2100 2105
2100 2114
2100 2152
2101 2102
2102 2146
2102 2147
2102 2152
2102 2154
2102 2156
2102 2158
2103 2104
2103 2106
2103 2111
2104 2105
2104 2106
2105 2106
2105 2114
2106 2107
2106 2111
2106 2113
2106 2114
2107 2108
2107 2111
2107 2112
2107 2113
2107 2114
2108 2110
2108 2111
2108 2112
2109 2110
2109 2114
2110 2112
2110 2114
2111 2113
2112 2114
2113 2114
2114 2115
2114 2116
2114 2149
2114 2151
2114 2152
2115 2116
2115 2120
2115 2130
2115 2136
2115 2149
2117 2119
2117 2121
2117 2122
2117 2125
2117 2126
2117 2127
2117 2138
2117 2140
2118 2119
2118 2124
2118 2125
2118 2127
2119 2125
2119 2127
2120 2122
2120 2123
2120 2136
2120 2140
2121 2122
2121 2126
2121 2129
2122 2123
2122 2140
2124 2125
2124 2126
2124 2127
2124 2128
2125 2126
2125 2128
2126 2127
2126 2128
2126 2129
2127 2129
2130 2133
2130 2134
2130 2136
2130 2149
2130 2382
2130 2542
2131 2132
2131 2133
2131 2134
2131 2135
2131 2136
2131 2137
2132 2135
2132 2137
2132 2192
2133 2134
2133 2136
2134 2135
2134 2542
2135 2192
2135 2197
2135 2200
2135 2215
2135 2218
2135 2220
2135 2542
2135 2544
2136 2137
2136 2140
2137 2140
2137 2192
2138 2139
2138 2140
2138 2141
2138 2142
2138 2143
2139 2142
2139 2143
2140 2141
2140 2192
2140 2674
2141 2142
2141 2671
2141 2674
2142 2143
2142 2671
2144 2145
2144 2146
2144 2147
2144 2148
2144 2153
2144 2158
2145 2148
2145 2149
2145 2150
2145 2158
2146 2147
2146 2158
2147 2152
2147 2153
2148 2149
2148 2151
2148 2153
2149 2150
2149 2151
2149 2158
2149 2178
2149 2382
2150 2158
2151 2152
2151 2153
2152 2153
2154 2156
2154 2158
2154 2160
2154 2162
2154 2163
2154 2165
2155 2156
2155 2159
2156 2157
2156 2159
2156 2160
2158 2161
2158 2165
2158 2166
2158 2178
2158 2179
2160 2162
2160 2183
2161 2162
2161 2166
2161 2171
2161 2172
2161 2179
2162 2163
2162 2166
2162 2171
2162 2183
2163 2165
2163 2166
2164 2165
2164 2166
2165 2166
2167 2169
2167 2171
2167 2329
2167 2331
2167 2507
2168 2169
2169 2170
2169 2171
2169 2183
2169 2186
2170 2171
2170 2183
2171 2172
2171 2174
2171 2175
2171 2183
2171 2322
2171 2325
2171 2328
2171 2329
2172 2173
2172 2174
2172 2176
2172 2179
2172 2180
2173 2174
2173 2175
2173 2176
2173 2178
2173 2180
2173 2280
2173 2281
2173 2325
2174 2175
2175 2325
2176 2177
2176 2178
2176 2179
2176 2180
2177 2178
2178 2179
2178 2268
2178 2271
2178 2272
2178 2273
2178 2274
2178 2280
2178 2288
2178 2382
2178 2456
2181 2183
2181 2185
2181 2186
2182 2184
2182 2186
2182 2187
2182 2188
2182 2189
2183 2184
2183 2185
2183 2186
2184 2185
2184 2186
2184 2187
2184 2188
2185 2186
2186 2187
2186 2189
2186 2190
2186 2191
2187 2188
2187 2189
2187 2190
2190 2191
2192 2193
2192 2194
2192 2195
2192 2196
2192 2197
2192 2199
2192 2249
2192 2674
2193 2194
2193 2195
2193 2198
2194 2198
2194 2199
2195 2196
2195 2198
2196 2198
2196 2201
2196 2202
2196 2249
2197 2199
2197 2200
2198 2199
2198 2200
2198 2202
2198 2230
2199 2200
2200 2218
2200 2226
2200 2230
2200 2231
2200 2232
2201 2202
2201 2203
2201 2213
2201 2249
2202 2203
2202 2227
2202 2230
2203 2204
2203 2213
2203 2227
2204 2205
2204 2208
2204 2213
2204 2214
2204 2227
2205 2206
2205 2207
2205 2208
2205 2209
2205 2214
2206 2207
2206 2209
2206 2223
2206 2291
2206 2294
2206 2300
2206 2304
2207 2211
2207 2212
2207 2214
2207 2304
2208 2209
2208 2214
2208 2227
2208 2228
2208 2229
2209 2223
2209 2228
2210 2211
2210 2213
2210 2214
2210 2249
2211 2212
2211 2214
2211 2249
2212 2249
2212 2256
2212 2304
2213 2214
2213 2249
2215 2218
2215 2220
2215 2234
2216 2219
2216 2220
2216 2222
2216 2234
2217 2218
2217 2231
2217 2233
2217 2234
2218 2231
2218 2234
2219 2222
2219 2234
2220 2222
2220 2224
2220 2234
2220 2302
2220 2544
2221 2222
2221 2225
2221 2228
2221 2234
2222 2224
2222 2225
2222 2234
2223 2224
2223 2225
2223 2228
2223 2300
2223 2303
2224 2225
2224 2302
2224 2303
2225 2228
2226 2229
2226 2230
2226 2232
2226 2235
2227 2229
2227 2230
2228 2229
2228 2234
2228 2235
2229 2230
2229 2235
2231 2232
2231 2233
2232 2233
2232 2235
2233 2234
2233 2235
2234 2235
2236 2238
2236 2239
2236 2242
2236 2244
2237 2238
2237 2239
2237 2240
2237 2251
2238 2239
2238 2242
2238 2243
2238 2244
2238 2246
2238 2249
2238 2250
2238 2251
2238 2252
2239 2240
2239 2241
2239 2244
2240 2241
2240 2251
2240 2676
2240 2679
2240 2680
2241 2244
2241 2245
2241 2676
2242 2244
2242 2246
2242 2247
2243 2246
2243 2249
2243 2252
2244 2245
2244 2247
2244 2676
2245 2676
2246 2247
2246 2249
2246 2676
2247 2676
2248 2251
2248 2253
2248 2256
2248 2679
2249 2250
2249 2252
2249 2256
2249 2674
2249 2675
2249 2676
2250 2251
2250 2256
2251 2256
2251 2679
2253 2255
2253 2256
2253 2257
2253 2679
2254 2255
2254 2257
2254 2305
2254 2306
2254 2411
2255 2256
2255 2257
2255 2305
2256 2304
2256 2305
2257 2411
2257 2412
2257 2679
2258 2261
2258 2263
2258 2456
2259 2260
2259 2262
2259 2284
2259 2286
2260 2261
2260 2262
2260 2264
2260 2265
2260 2284
2260 2285
2261 2263
2261 2265
2261 2267
2261 2285
2261 2456
2262 2264
2262 2266
2262 2286
2262 2351
2262 2379
2263 2265
2263 2267
2263 2456
2263 2467
2264 2265
2264 2266
2265 2266
2265 2267
2266 2267
2266 2351
2266 2430
2266 2467
2266 2470
2267 2467
2268 2269
2268 2270
2268 2271
2268 2273
2269 2270
2269 2271
2269 2275
2269 2278
2269 2288
2269 2374
2270 2273
2270 2278
2271 2288
2271 2456
2272 2273
2272 2274
2272 2278
2273 2278
2274 2276
2274 2277
2274 2278
2274 2279
2274 2280
2275 2277
2275 2278
2275 2288
2275 2357
2275 2360
2275 2361
2275 2362
2275 2374
2276 2277
2276 2279
2277 2278
2277 2279
2277 2355
2277 2357
2278 2357
2279 2280
2279 2283
2279 2355
2280 2281
2280 2282
2280 2283
2280 2354
2281 2282
2281 2325
2281 2353
2282 2352
2282 2353
2282 2354
2282 2357
2283 2354
2283 2355
2284 2285
2284 2286
2284 2287
2284 2288
2284 2456
2285 2456
2286 2287
2286 2369
2286 2376
2286 2379
2287 2288
2287 2289
2287 2369
2288 2289
2288 2367
2288 2374
2288 2456
2289 2367
2289 2369
2290 2291
2290 2292
2290 2294
2290 2300
2290 2301
2290 2307
2291 2294
2291 2304
2291 2307
2292 2293
2292 2301
2292 2306
2292 2307
2292 2308
2292 2309
2293 2306
2293 2309
2293 2310
2294 2300
2295 2296
2295 2297
2295 2298
2295 2301
2295 2302
2295 2308
2296 2297
2296 2302
2296 2407
2296 2408
2296 2542
2296 2544
2297 2298
2297 2403
2297 2408
2298 2308
2298 2309
2298 2311
2298 2403
2299 2301
2299 2302
2299 2303
2300 2301
2300 2303
2301 2302
2301 2303
2301 2308
2302 2303
2302 2544
2304 2305
2304 2307
2305 2306
2305 2307
2306 2307
2306 2310
2306 2409
2306 2411
2308 2309
2309 2310
2309 2311
2309 2399
2309 2413
2310 2409
2310 2413
2310 2414
2311 2399
2311 2402
2311 2403
2312 2314
2312 2322
2312 2323
2312 2324
2312 2325
2312 2326
2313 2314
2313 2315
2313 2316
2313 2324
2313 2328
2314 2315
2314 2324
2314 2326
2314 2334
2315 2316
2315 2333
2315 2334
2315 2337
2316 2328
2316 2330
2316 2337
2317 2318
2317 2320
2317 2325
2317 2352
2317 2353
2317 2356
2317 2359
2318 2319
2318 2320
2318 2359
2319 2320
2319 2321
2319 2342
2319 2359
2319 2363
2319 2364
2320 2325
2320 2342
2320 2346
2321 2342
2321 2364
2321 2370
2321 2431
2321 2432
2321 2433
2322 2324
2322 2325
2322 2328
2323 2325
2323 2326
2323 2327
2324 2328
2325 2327
2325 2346
2325 2353
2325 2356
2326 2327
2326 2332
2326 2334
2327 2332
2327 2335
2327 2346
2328 2329
2328 2330
2329 2330
2329 2331
2330 2331
2330 2337
2331 2336
2331 2337
2331 2338
2331 2339
2331 2340
2331 2341
2331 2345
2331 2507
2331 2528
2332 2333
2332 2334
2332 2335
2333 2334
2333 2335
2333 2336
2333 2337
2333 2344
2335 2343
2335 2344
2335 2346
2336 2337
2336 2339
2336 2344
2336 2345
2337 2338
2337 2339
2337 2341
2338 2340
2338 2341
2339 2341
2340 2341
2342 2346
2342 2431
2343 2344
2343 2345
2343 2346
2343 2431
2343 2473
2344 2345
2345 2473
2345 2528
2346 2431
2347 2348
2347 2349
2347 2350
2347 2376
2347 2378
2347 2421
2347 2426
2347 2437
2347 2439
2347 2445
2348 2421
2348 2445
2349 2376
2349 2439
2350 2351
2350 2377
2350 2378
2350 2379
2350 2426
2350 2430
2351 2379
2351 2430
2352 2353
2352 2357
2352 2358
2352 2359
2353 2356
2354 2355
2354 2357
2355 2357
2357 2358
2357 2361
2358 2359
2358 2361
2359 2361
2359 2363
2360 2361
2360 2362
2360 2363
2360 2364
2361 2363
2362 2364
2362 2374
2363 2364
2364 2370
2364 2374
2364 2375
2365 2367
2365 2368
2365 2369
2365 2371
2365 2372
2365 2376
2366 2367
2366 2370
2366 2373
2366 2375
2367 2369
2367 2370
2367 2372
2367 2373
2367 2374
2368 2371
2368 2372
2369 2376
2369 2379
2370 2371
2370 2372
2370 2375
2370 2432
2370 2434
2371 2372
2371 2376
2371 2434
2371 2436
2371 2438
2373 2374
2373 2375
2374 2375
2376 2377
2376 2378
2376 2379
2376 2438
2376 2439
2377 2378
2377 2379
2380 2381
2380 2382
2380 2383
2380 2389
2380 2394
2380 2447
2380 2451
2380 2452
2381 2382
2381 2383
2381 2384
2381 2389
2381 2390
2382 2383
2382 2384
2382 2388
2382 2447
2382 2456
2382 2542
2384 2385
2384 2388
2384 2390
2384 2391
2385 2387
2385 2388
2385 2391
2386 2387
2386 2388
2386 2395
2386 2547
2387 2388
2387 2391
2387 2392
2387 2393
2387 2395
2387 2397
2388 2542
2388 2545
2388 2546
2388 2547
2389 2390
2389 2391
2389 2392
2389 2393
2389 2394
2390 2391
2391 2392
2392 2393
2393 2394
2393 2397
2394 2397
2394 2398
2394 2451
2394 2454
2394 2539
2395 2396
2395 2397
2395 2547
2395 2548
2396 2397
2396 2548
2397 2398
2397 2548
2397 2549
2398 2539
2398 2549
2399 2401
2399 2402
2399 2413
2399 2416
2400 2401
2400 2403
2400 2404
2400 2406
2400 2408
2401 2402
2401 2403
2401 2404
2401 2405
2401 2416
2401 2417
2401 2418
2401 2419
2401 2420
2402 2403
2403 2408
2404 2405
2404 2406
2404 2407
2404 2542
2405 2417
2405 2542
2406 2407
2406 2408
2407 2408
2407 2542
2409 2410
2409 2411
2409 2414
2410 2411
2410 2414
2410 2415
2411 2412
2411 2415
2411 2679
2412 2679
2413 2414
2413 2415
2413 2416
2414 2415
2415 2416
2415 2419
2415 2679
2416 2419
2417 2418
2417 2420
2417 2542
2417 2543
2417 2679
2418 2420
2419 2420
2419 2679
2420 2679
2421 2422
2421 2424
2421 2425
2421 2426
2421 2427
2421 2428
2421 2445
2422 2425
2422 2444
2422 2445
2422 2473
2423 2424
2423 2425
2423 2427
2423 2428
2423 2471
2423 2472
2424 2425
2424 2428
2425 2471
2425 2473
2426 2427
2426 2430
2427 2428
2427 2429
2427 2430
2427 2468
2427 2472
2429 2466
2429 2468
2429 2469
2429 2470
2429 2472
2430 2468
2430 2470
2431 2433
2431 2441
2431 2473
2432 2433
2432 2434
2433 2434
2433 2435
2433 2441
2434 2435
2434 2436
2435 2436
2435 2437
2435 2441
2436 2437
2436 2438
2437 2438
2437 2439
2437 2440
2437 2441
2437 2442
2437 2443
2437 2445
2438 2439
2440 2443
2440 2445
2441 2442
2441 2473
2442 2443
2442 2444
2442 2473
2443 2444
2443 2445
2444 2445
2444 2473
2446 2447
2446 2449
2446 2450
2446 2452
2446 2456
2447 2452
2447 2456
2448 2449
2448 2451
2448 2453
2448 2454
2449 2450
2449 2451
2449 2452
2449 2453
2450 2453
2450 2455
2450 2456
2450 2457
2451 2452
2451 2454
2453 2454
2453 2455
2454 2455
2454 2461
2454 2462
2454 2464
2454 2465
2454 2494
2454 2539
2455 2457
2455 2460
2455 2462
2456 2457
2456 2458
2456 2459
2456 2461
2456 2465
2456 2467
2456 2477
2456 2492
2456 2494
2457 2458
2457 2460
2458 2459
2458 2460
2458 2463
2459 2463
2459 2465
2460 2462
2460 2463
2461 2465
2461 2494
2462 2463
2462 2464
2463 2464
2463 2465
2464 2465
2466 2469
2466 2470
2466 2477
2466 2479
2467 2470
2467 2477
2468 2470
2469 2472
2469 2476
2469 2478
2469 2479
2470 2477
2471 2472
2471 2473
2471 2474
2472 2474
2472 2476
2473 2474
2473 2475
2473 2528
2474 2475
2474 2476
2475 2476
2475 2488
2475 2490
2475 2492
2475 2496
2475 2500
2475 2501
2475 2528
2476 2478
2476 2492
2477 2478
2477 2479
2477 2492
2478 2479
2478 2492
2480 2481
2480 2482
2480 2483
2480 2484
2480 2493
2481 2482
2481 2492
2481 2493
2482 2483
2482 2492
2483 2484
2483 2492
2483 2568
2483 2570
2484 2493
2484 2568
2484 2610
2485 2491
2485 2495
2485 2496
2486 2487
2486 2489
2486 2491
2487 2488
2487 2490
2487 2491
2487 2496
2488 2490
2488 2500
2488 2516
2488 2525
2489 2491
2489 2495
2490 2496
2491 2495
2491 2496
2492 2493
2492 2494
2492 2495
2492 2496
2492 2562
2492 2563
2492 2567
2492 2570
2492 2581
2492 2583
2494 2539
2494 2581
2495 2496
2497 2498
2497 2499
2497 2501
2497 2527
2497 2528
2498 2499
2498 2500
2498 2503
2498 2504
2498 2527
2499 2500
2499 2501
2499 2528
2500 2501
2500 2504
2500 2505
2500 2506
2500 2514
2500 2516
2501 2528
2502 2505
2502 2506
2502 2511
2502 2515
2503 2504
2503 2526
2503 2527
2504 2505
2504 2526
2505 2506
2505 2508
2505 2511
2505 2526
2506 2514
2506 2515
2507 2508
2507 2509
2507 2510
2507 2512
2507 2518
2507 2519
2507 2520
2507 2521
2507 2528
2507 2529
2508 2510
2508 2511
2508 2526
2508 2529
2509 2510
2509 2511
2509 2512
2509 2513
2509 2515
2509 2522
2510 2511
2511 2515
2512 2520
2512 2522
2512 2523
2513 2515
2513 2517
2513 2522
2513 2524
2514 2515
2514 2516
2514 2517
2515 2517
2516 2517
2516 2525
2517 2524
2517 2525
2518 2521
2519 2520
2519 2521
2520 2521
2520 2523
2521 2523
2522 2523
2522 2524
2523 2524
2524 2525
2526 2527
2526 2529
2527 2528
2527 2529
2528 2529
2530 2531
2530 2532
2530 2533
2530 2534
2531 2532
2531 2533
2532 2533
2532 2534
2532 2536
2532 2537
2533 2534
2533 2535
2533 2536
2533 2537
2533 2538
2533 2552
2533 2665
2534 2535
2534 2537
2534 2538
2534 2539
2534 2540
2534 2590
2534 2663
2535 2552
2535 2590
2535 2601
2535 2603
2536 2537
2537 2538
2538 2662
2538 2663
2538 2665
2539 2540
2539 2541
2539 2542
2539 2548
2539 2549
2539 2550
2539 2581
2539 2586
2539 2587
2539 2590
2540 2542
2540 2543
2540 2663
2540 2679
2541 2542
2541 2548
2542 2543
2542 2544
2542 2545
2542 2546
2542 2547
2542 2548
2543 2679
2545 2546
2546 2547
2547 2548
2548 2549
2548 2550
2549 2550
2551 2552
2551 2555
2551 2556
2551 2561
2551 2603
2551 2608
2551 2637
2551 2682
2551 2684
2551 2685
2552 2553
2552 2554
2552 2555
2552 2557
2552 2603
2552 2665
2552 2800
2553 2554
2553 2555
2553 2559
2553 2561
2554 2557
2554 2559
2554 2560
2555 2561
2556 2559
2556 2560
2556 2561
2556 2685
2556 2692
2557 2558
2557 2560
2557 2692
2557 2734
2557 2735
2557 2736
2557 2738
2557 2797
2557 2800
2558 2735
2558 2736
2558 2785
2558 2797
2558 2804
2559 2560
2559 2561
2560 2692
2562 2563
2562 2580
2562 2581
2562 2583
2562 2584
2563 2564
2563 2565
2563 2567
2563 2580
2564 2565
2564 2566
2564 2567
2564 2569
2564 2570
2564 2571
2565 2571
2565 2572
2565 2580
2566 2570
2566 2571
2566 2611
2566 2612
2567 2569
2567 2570
2568 2570
2568 2610
2568 2611
2568 2613
2570 2611
2571 2572
2571 2574
2571 2612
2572 2573
2572 2574
2572 2577
2572 2578
2572 2579
2572 2580
2572 2618
2572 2648
2573 2574
2573 2618
2573 2623
2574 2575
2574 2612
2574 2623
2575 2611
2575 2612
2575 2613
2575 2614
2575 2623
2576 2577
2576 2582
2576 2584
2576 2644
2576 2646
2577 2578
2577 2579
2577 2580
2577 2584
2577 2646
2578 2579
2579 2646
2579 2647
2579 2648
2580 2584
2581 2583
2581 2585
2581 2586
2582 2584
2582 2585
2582 2586
2582 2587
2582 2644
2583 2584
2583 2585
2584 2585
2585 2586
2586 2587
2587 2588
2587 2589
2587 2590
2587 2644
2588 2589
2588 2590
2588 2592
2589 2591
2589 2592
2589 2644
2589 2645
2590 2592
2590 2601
2590 2605
2591 2592
2591 2593
2591 2594
2591 2595
2591 2596
2591 2597
2591 2598
2591 2600
2591 2606
2591 2645
2591 2649
2592 2593
2592 2594
2592 2605
2594 2595
2594 2605
2595 2596
2595 2605
2596 2602
2596 2605
2596 2606
2597 2598
2597 2599
2597 2630
2597 2633
2597 2634
2597 2649
2598 2599
2598 2600
2599 2600
2599 2634
2599 2636
2600 2606
2600 2607
2600 2636
2601 2602
2601 2603
2601 2605
2602 2603
2602 2604
2602 2605
2602 2606
2603 2604
2603 2608
2604 2606
2604 2608
2606 2607
2606 2608
2606 2609
2607 2608
2607 2609
2607 2636
2608 2609
2608 2636
2608 2637
2610 2613
2610 2614
2611 2612
2611 2613
2613 2614
2614 2623
2614 2624
2615 2616
2615 2617
2615 2618
2615 2619
2615 2620
2615 2621
2615 2623
2616 2617
2616 2618
2616 2619
2616 2632
2616 2639
2616 2641
2617 2621
2617 2641
2617 2642
2617 2697
2617 2699
2618 2619
2618 2623
2618 2632
2618 2633
2618 2647
2618 2648
2620 2621
2620 2622
2620 2623
2620 2624
2620 2625
2620 2629
2621 2622
2621 2695
2621 2697
2622 2625
2622 2695
2622 2700
2622 2704
2623 2624
2624 2629
2625 2626
2625 2627
2625 2628
2625 2629
2625 2700
2626 2627
2626 2700
2626 2703
2627 2628
2627 2703
2628 2703
2630 2631
2630 2632
2630 2633
2630 2634
2631 2632
2631 2634
2631 2640
2632 2633
2632 2639
2632 2640
2633 2647
2633 2649
2634 2635
2634 2636
2634 2637
2634 2640
2635 2637
2635 2638
2635 2640
2636 2637
2637 2638
2637 2682
2638 2640
2638 2642
2638 2682
2639 2640
2639 2641
2639 2642
2640 2642
2641 2642
2642 2643
2642 2682
2642 2699
2643 2682
2643 2699
2644 2645
2644 2646
2645 2646
2645 2647
2645 2649
2646 2647
2647 2648
2647 2649
2650 2651
2650 2652
2650 2653
2650 2661
2650 2662
2650 2664
2650 2818
2650 2829
2650 2874
2650 2884
2650 2906
2651 2652
2652 2653
2653 2654
2653 2874
2653 2877
2653 2884
2654 2655
2654 2874
2654 2876
2654 2877
2655 2876
2655 2877
2655 2878
2656 2657
2656 2658
2656 2659
2656 2660
2657 2658
2657 2659
2657 2660
2658 2659
2658 2661
2658 2663
2658 2681
2661 2662
2661 2663
2662 2663
2662 2664
2662 2665
2663 2679
2663 2681
2664 2665
2664 2669
2664 2829
2665 2666
2665 2667
2665 2669
2665 2800
2666 2667
2666 2668
2666 2669
2666 2800
2666 2829
2667 2668
2667 2669
2668 2669
2669 2829
2670 2671
2670 2672
2670 2673
2671 2672
2671 2673
2671 2674
2671 2678
2672 2673
2674 2675
2674 2678
2675 2676
2675 2678
2676 2678
2676 2680
2677 2678
2677 2681
2678 2680
2678 2681
2679 2680
2679 2681
2680 2681
2682 2684
2682 2699
2683 2684
2683 2685
2683 2686
2683 2687
2683 2688
2683 2699
2683 2720
2684 2685
2684 2699
2685 2688
2685 2692
2686 2687
2686 2690
2686 2720
2686 2722
2686 2731
2687 2688
2687 2690
2687 2691
2688 2691
2688 2692
2689 2690
2689 2691
2689 2693
2689 2709
2689 2755
2690 2691
2690 2709
2690 2731
2691 2692
2691 2693
2692 2693
2692 2694
2692 2734
2692 2737
2693 2694
2693 2755
2694 2737
2694 2755
2694 2758
2695 2696
2695 2697
2695 2704
2696 2697
2696 2704
2697 2698
2697 2699
2697 2704
2698 2699
2698 2704
2698 2719
2698 2720
2699 2720
2700 2701
2700 2703
2700 2704
2701 2702
2701 2703
2701 2704
2702 2703
2702 2704
2702 2724
2703 2724
2703 2725
2704 2719
2704 2724
2704 2726
2704 2727
2705 2706
2705 2707
2705 2708
2705 2713
2705 2714
2705 2740
2705 2747
2706 2707
2706 2708
2706 2710
2706 2712
2707 2709
2707 2710
2707 2740
2707 2743
2707 2756
2708 2712
2708 2713
2709 2710
2709 2731
2709 2755
2709 2756
2710 2711
2710 2712
2710 2730
2710 2731
2711 2712
2711 2718
2711 2730
2712 2713
2712 2718
2713 2714
2713 2715
2713 2718
2714 2715
2714 2716
2714 2717
2714 2747
2715 2716
2715 2718
2716 2717
2717 2747
2717 2749
2717 2770
2717 2776
2719 2720
2719 2721
2719 2727
2720 2721
2720 2722
2720 2723
2721 2723
2721 2727
2721 2732
2722 2723
2722 2731
2723 2731
2723 2732
2724 2725
2724 2726
2725 2726
2726 2727
2726 2728
2727 2728
2727 2732
2728 2729
2728 2732
2728 2733
2729 2730
2729 2733
2730 2731
2730 2733
2731 2732
2731 2733
2732 2733
2734 2737
2734 2738
2735 2736
2735 2738
2735 2751
2735 2753
2735 2754
2735 2781
2735 2804
2737 2738
2737 2739
2737 2758
2738 2739
2738 2741
2738 2752
2738 2753
2739 2740
2739 2741
2739 2743
2739 2757
2739 2758
2740 2741
2740 2742
2740 2743
2740 2745
2740 2747
2741 2742
2741 2752
2742 2744
2742 2745
2742 2746
2742 2748
2742 2752
2743 2756
2743 2757
2744 2746
2744 2750
2744 2752
2744 2754
2744 2780
2744 2781
2745 2747
2745 2748
2745 2749
2746 2748
2746 2778
2746 2780
2747 2749
2748 2749
2748 2778
2749 2776
2749 2778
2750 2751
2750 2752
2750 2753
2750 2754
2751 2753
2751 2754
2752 2753
2754 2781
2755 2756
2755 2757
2755 2758
2756 2757
2757 2758
2759 2760
2759 2761
2759 2762
2759 2763
2759 2765
2759 2769
2759 2853
2759 2855
2760 2763
2760 2855
2760 2856
2761 2762
2761 2765
2761 2767
2761 2848
2761 2851
2762 2763
2762 2848
2763 2848
2763 2852
2763 2856
2764 2765
2764 2766
2764 2768
2764 2769
2765 2766
2765 2767
2765 2769
2766 2767
2766 2768
2766 2771
2768 2769
2768 2771
2768 2773
2769 2772
2769 2773
2769 2775
2769 2812
2769 2814
2769 2853
2770 2771
2770 2774
2770 2776
2771 2773
2771 2774
2772 2773
2772 2775
2772 2777
2773 2774
2773 2777
2774 2776
2774 2777
2775 2777
2775 2779
2775 2811
2775 2812
2776 2777
2776 2778
2777 2778
2777 2779
2778 2779
2778 2780
2778 2782
2779 2782
2779 2784
2779 2811
2780 2781
2780 2782
2780 2783
2780 2801
2780 2802
2781 2783
2781 2804
2782 2784
2782 2801
2783 2802
2783 2803
2783 2804
2784 2801
2784 2806
2784 2811
2785 2786
2785 2787
2785 2789
2785 2790
2785 2797
2785 2804
2785 2809
2786 2788
2786 2789
2786 2790
2786 2842
2786 2845
2787 2788
2787 2789
2787 2797
2787 2799
2788 2789
2788 2799
2788 2842
2788 2846
2790 2791
2790 2794
2790 2809
2790 2845
2791 2792
2791 2794
2791 2795
2791 2834
2791 2845
2792 2793
2792 2795
2792 2834
2792 2901
2792 2902
2793 2795
2793 2809
2793 2854
2793 2901
2794 2795
2794 2809
2795 2809
2796 2797
2796 2798
2796 2800
2797 2798
2797 2799
2797 2800
2798 2799
2798 2800
2798 2820
2798 2821
2798 2822
2799 2821
2799 2823
2799 2824
2799 2846
2800 2822
2800 2829
2801 2802
2801 2806
2802 2803
2802 2806
2803 2804
2803 2805
2803 2806
2803 2809
2804 2809
2805 2806
2805 2807
2805 2809
2805 2810
2806 2807
2806 2811
2807 2808
2807 2810
2807 2811
2808 2810
2808 2811
2808 2812
2808 2813
2809 2810
2809 2854
2810 2813
2810 2814
2810 2854
2811 2812
2812 2813
2812 2814
2813 2814
2814 2853
2814 2854
2814 2855
2815 2816
2815 2817
2815 2818
2815 2828
2815 2831
2815 2906
2816 2827
2816 2831
2816 2904
2816 2905
2816 2906
2817 2818
2817 2906
2818 2828
2818 2829
2818 2906
2819 2822
2819 2823
2819 2829
2819 2830
2820 2821
2820 2822
2820 2823
2821 2823
2822 2823
2822 2829
2823 2824
2823 2825
2823 2830
2824 2825
2824 2826
2824 2843
2824 2846
2825 2826
2825 2830
2826 2827
2826 2828
2826 2830
2826 2843
2827 2828
2827 2831
2827 2843
2827 2903
2827 2904
2828 2829
2828 2830
2828 2831
2829 2830
2832 2833
2832 2836
2832 2837
2832 2843
2832 2844
2832 2903
2833 2834
2833 2835
2833 2836
2833 2842
2833 2844
2833 2845
2834 2835
2834 2845
2834 2902
2835 2836
2835 2838
2835 2839
2835 2902
2836 2837
2836 2839
2837 2839
2837 2840
2837 2903
2838 2839
2838 2840
2838 2841
2838 2883
2838 2902
2839 2840
2840 2841
2840 2881
2840 2889
2840 2890
2840 2891
2840 2892
2840 2903
2841 2881
2841 2883
2842 2843
2842 2844
2842 2845
2842 2846
2843 2844
2843 2846
2843 2903
2847 2848
2847 2849
2847 2852
2847 2858
2847 2865
2847 2867
2848 2849
2848 2851
2848 2852
2849 2850
2849 2851
2849 2857
2849 2858
2849 2859
2850 2851
2850 2859
2850 2860
2852 2856
2852 2867
2852 2868
2853 2855
2854 2855
2854 2869
2854 2901
2855 2856
2855 2869
2856 2868
2856 2869
2857 2858
2857 2859
2857 2862
2857 2863
2857 2864
2858 2864
2858 2865
2859 2860
2859 2861
2860 2861
2862 2863
2862 2872
2863 2864
2863 2870
2863 2871
2863 2872
2864 2865
2864 2867
2864 2870
2865 2867
2866 2867
2866 2868
2866 2870
2866 2879
2866 2901
2867 2868
2867 2870
2868 2869
2868 2879
2868 2901
2869 2901
2870 2871
2870 2873
2870 2879
2870 2894
2871 2872
2871 2873
2872 2873
2873 2894
2874 2875
2874 2876
2874 2906
2875 2876
2875 2878
2875 2906
2876 2878
2877 2878
2877 2884
2877 2888
2877 2893
2878 2893
2878 2906
2879 2880
2879 2882
2879 2894
2879 2895
2879 2896
2879 2897
2879 2900
2879 2901
2880 2881
2880 2882
2880 2883
2880 2884
2880 2885
2880 2888
2880 2895
2881 2883
2881 2885
2881 2886
2881 2889
2882 2883
2882 2899
2882 2900
2883 2899
2883 2902
2884 2888
2884 2894
2884 2895
2885 2886
2885 2887
2885 2888
2885 2890
2885 2891
2885 2892
2885 2893
2886 2887
2886 2889
2887 2889
2887 2891
2888 2893
2888 2895
2889 2891
2890 2892
2890 2893
2890 2903
2891 2892
2893 2903
2893 2905
2893 2906
2894 2895
2894 2896
2894 2897
2895 2897
2896 2897
2898 2899
2898 2900
2898 2901
2899 2900
2899 2901
2899 2902
2900 2901
2901 2902
2903 2904
2903 2905
2904 2905
2905 2906
