0 1
0 12
0 21
0 27
0 84
0 87
1 2
1 13
1 15
1 21
1 25
1 84
2 11
2 15
2 21
2 22
2 28
2 35
3 4
3 9
3 18
3 27
4 5
4 6
4 9
4 17
4 18
4 24
5 9
5 24
5 77
6 7
6 10
6 17
6 18
6 23
7 10
7 19
7 22
7 23
8 13
8 14
8 15
8 16
9 12
9 27
9 77
10 17
10 19
10 20
10 26
11 18
11 21
11 22
11 23
11 27
12 27
12 77
12 87
13 15
13 25
14 15
14 16
15 16
15 25
15 28
16 28
17 24
17 26
17 29
18 23
18 27
19 20
19 22
19 35
19 37
20 26
20 29
20 37
21 27
22 23
22 35
24 29
24 51
24 52
24 77
24 81
24 94
24 97
25 84
25 96
26 29
28 31
28 35
28 36
29 34
29 37
29 52
30 32
30 34
30 40
30 45
30 48
30 52
30 55
30 67
31 36
31 44
32 33
32 40
32 45
32 48
32 66
33 41
33 42
33 43
33 45
33 53
33 66
34 37
34 45
34 52
35 36
35 37
35 38
35 45
35 46
36 41
36 43
36 44
36 46
37 45
38 39
38 45
38 46
39 42
39 43
39 45
39 46
40 48
41 43
41 44
41 53
42 43
42 45
43 46
47 55
47 65
47 69
48 55
48 61
48 66
49 50
49 51
49 57
49 59
49 72
49 95
49 113
50 51
50 59
50 62
51 52
51 62
51 67
51 94
51 95
52 67
53 54
53 60
53 63
53 64
53 66
54 60
54 61
54 63
54 69
55 61
55 65
55 67
55 68
55 69
56 64
56 65
56 120
57 58
57 59
57 113
58 59
58 65
58 68
58 113
58 120
59 62
59 68
60 61
60 66
61 66
61 69
62 67
62 68
63 64
63 65
63 69
64 65
65 68
65 69
65 120
67 68
70 71
70 85
70 87
70 93
70 96
70 101
71 85
71 93
71 99
72 79
72 92
72 95
72 98
72 113
72 117
72 123
73 74
73 75
73 79
73 81
73 88
73 91
73 97
74 79
74 81
74 92
74 94
75 77
75 87
75 91
75 97
76 79
76 83
76 100
77 87
77 97
78 79
78 83
78 86
78 88
78 93
78 99
78 101
79 83
79 88
79 92
79 98
79 100
80 82
80 85
80 89
80 99
80 100
81 94
81 97
82 85
82 90
82 98
82 100
83 89
83 99
83 100
84 87
84 96
85 90
85 99
85 102
86 88
86 91
86 101
87 91
87 96
87 101
88 91
89 99
89 100
90 98
90 104
90 105
90 106
91 101
92 94
92 95
93 99
93 101
94 95
98 100
98 105
98 117
103 107
103 108
103 109
103 115
103 116
104 106
104 111
104 114
105 106
105 108
105 112
105 114
105 117
106 114
107 108
107 109
107 112
107 120
107 121
108 112
108 114
108 115
109 116
110 113
110 120
110 122
111 114
111 115
112 117
112 118
112 121
113 119
113 120
113 122
113 123
114 115
117 118
117 119
117 123
118 119
118 120
118 121
118 122
119 122
119 123
120 121
120 122
