0 3
0 5
0 6
0 14
0 263
1 2
1 7
1 11
1 12
1 13
2 4
2 11
2 12
3 5
3 6
3 8
3 11
3 264
4 11
4 142
5 8
5 9
5 10
5 14
5 56
5 62
6 263
6 264
7 8
7 9
7 11
7 13
8 9
8 11
9 13
9 15
9 56
10 14
10 62
10 278
10 286
11 142
11 264
12 13
13 15
13 83
14 263
14 278
15 56
15 69
15 71
15 83
16 17
16 24
16 33
16 43
16 51
16 52
17 31
17 33
17 52
18 31
18 41
18 45
18 201
18 214
18 227
19 23
19 37
19 46
20 21
20 27
20 29
20 30
20 36
20 42
20 44
20 45
21 30
21 51
21 52
22 24
22 26
22 32
22 38
22 39
22 40
22 42
22 43
22 259
23 34
23 35
23 46
24 26
24 43
24 49
25 32
25 38
25 43
26 40
26 49
26 50
27 28
27 29
27 42
27 252
28 29
28 45
28 194
28 252
29 45
30 36
30 43
30 44
30 51
31 33
31 41
31 46
31 52
32 38
32 43
33 34
33 35
33 46
34 35
34 46
36 38
36 42
36 43
36 44
37 41
37 46
37 197
37 217
37 227
37 234
37 239
38 42
38 43
39 40
39 47
40 47
40 48
40 50
41 46
41 227
42 252
42 259
43 51
45 194
45 201
47 48
48 50
51 52
53 66
53 70
53 75
53 85
53 196
53 204
53 223
53 230
54 56
54 57
54 59
54 64
54 71
54 73
55 61
55 72
55 76
55 84
55 271
55 284
56 59
56 62
56 71
56 74
57 63
57 64
57 71
57 80
58 61
58 66
58 67
58 68
58 79
58 81
58 84
58 174
59 60
59 73
59 74
59 76
60 73
61 79
61 84
61 284
62 72
62 74
62 269
62 286
63 71
63 77
63 80
63 83
63 115
63 123
64 73
64 80
65 67
65 73
65 80
65 85
66 67
66 68
66 75
66 85
67 73
67 76
67 84
67 85
68 75
68 81
68 82
69 71
69 77
69 83
70 80
70 85
70 115
70 124
70 190
70 196
71 77
72 74
72 76
72 269
72 271
72 285
73 76
73 80
74 76
75 82
75 204
75 224
76 84
77 83
78 79
78 182
78 284
79 174
79 182
79 284
80 85
80 115
81 82
81 98
81 107
81 174
81 179
82 98
82 109
82 114
82 224
83 117
83 123
86 87
86 90
86 105
86 106
86 112
87 90
87 96
87 110
87 112
87 258
88 89
88 93
88 94
88 247
88 262
89 93
89 94
89 96
89 99
89 110
89 247
90 92
90 95
90 96
90 97
90 106
90 110
91 93
91 94
91 99
91 104
91 108
91 208
91 209
91 218
91 254
92 97
92 98
92 101
92 103
92 105
92 106
93 94
93 254
93 262
94 99
95 97
95 99
95 100
95 110
96 110
96 247
96 251
96 258
97 100
97 101
97 106
97 109
97 114
98 101
98 103
98 107
98 109
99 100
99 108
99 110
100 108
100 110
100 114
101 109
102 103
102 105
102 107
102 111
103 105
103 107
104 108
104 114
104 209
104 224
104 226
105 106
105 111
105 112
107 111
107 113
107 179
108 114
109 114
111 112
111 113
112 113
113 179
114 224
115 119
115 122
115 123
115 124
116 120
116 122
116 123
116 125
116 191
116 192
116 221
117 121
117 123
117 125
118 120
118 121
118 125
119 122
119 124
119 212
120 121
120 123
120 125
121 123
121 125
122 123
122 191
122 198
122 212
124 190
124 212
125 221
126 127
126 133
126 149
126 152
126 155
126 157
126 162
126 175
127 133
127 137
127 152
127 156
128 131
128 138
128 139
128 143
128 148
128 153
129 130
129 138
129 143
129 145
129 148
129 153
130 139
130 148
130 153
131 143
131 145
131 146
131 148
132 144
132 154
132 157
132 158
132 164
133 137
133 155
133 166
134 135
134 146
134 167
135 146
135 150
135 151
135 167
136 141
136 145
136 263
136 275
136 281
136 283
137 156
137 166
138 143
138 147
138 153
139 148
139 153
140 157
140 159
140 160
140 161
141 144
141 145
141 154
141 165
141 275
142 143
142 147
142 264
143 145
143 147
143 264
144 154
144 157
144 165
144 172
144 175
144 267
144 268
144 273
144 274
144 275
145 146
145 148
145 150
145 154
145 263
145 264
146 150
147 264
149 155
149 162
149 175
149 177
150 151
150 154
150 164
150 167
151 167
152 156
152 157
154 164
155 156
155 162
155 166
156 166
157 158
157 159
157 160
157 163
157 175
158 160
158 164
159 161
159 163
160 161
164 167
168 171
168 173
168 182
168 183
168 185
169 170
169 172
169 176
169 181
170 172
170 176
170 184
170 187
171 178
171 182
171 183
171 272
171 284
172 175
172 178
172 181
172 184
172 272
172 274
173 174
173 179
173 180
173 182
173 185
173 186
174 179
174 182
175 177
175 181
176 177
176 179
176 180
176 181
176 187
177 181
178 183
178 184
178 272
179 180
179 186
180 185
180 186
180 187
182 284
183 184
183 185
184 185
184 187
185 187
188 189
188 191
188 192
188 198
189 192
189 198
189 200
189 211
189 212
189 213
189 238
190 196
190 202
190 212
190 216
190 238
191 192
191 198
192 205
192 211
192 215
192 221
193 203
193 208
193 209
193 228
193 236
194 201
194 206
194 207
194 229
194 246
194 252
195 209
195 226
196 202
196 223
196 230
197 210
197 227
197 239
198 212
199 214
199 220
199 222
199 228
199 229
199 237
199 238
200 211
200 235
200 238
200 239
201 214
201 229
202 219
202 222
202 230
202 238
203 209
203 219
203 222
203 226
203 228
203 230
203 232
204 223
204 224
204 226
204 232
205 215
205 221
206 207
206 208
206 218
206 225
206 229
207 218
207 246
208 209
208 218
208 225
208 228
208 229
208 236
209 226
209 236
210 227
210 231
210 235
210 239
211 217
211 221
211 233
211 234
211 239
212 213
212 216
213 216
213 238
214 220
214 227
214 229
214 231
215 221
216 238
217 234
217 239
218 225
218 246
218 254
219 222
219 230
220 231
220 237
221 233
222 228
222 238
223 230
223 232
224 226
226 232
227 231
228 229
230 232
231 235
231 237
233 234
235 237
235 238
235 239
237 238
240 241
240 243
240 250
240 256
241 243
241 245
241 248
241 249
241 250
242 243
242 245
242 247
242 249
242 261
242 262
243 245
243 261
244 247
244 251
244 258
244 260
245 249
246 252
246 253
246 254
246 256
246 257
247 251
247 255
247 260
247 261
247 262
248 249
248 250
248 256
248 262
249 262
250 256
251 258
252 253
252 259
253 257
253 259
254 256
254 262
255 258
255 260
255 261
256 257
256 262
258 260
263 264
263 278
263 280
263 283
265 269
265 279
265 286
266 270
266 284
267 268
267 275
267 277
268 272
268 273
268 277
269 276
269 279
269 285
269 286
270 271
270 282
270 284
271 282
271 284
271 285
272 273
272 274
272 277
272 282
272 284
273 274
275 276
275 277
275 279
275 281
276 277
276 279
276 285
277 282
277 285
278 280
278 286
279 281
279 286
280 281
280 283
280 286
281 283
281 286
282 284
282 285
283 286
