0 2
0 6
0 12
0 15
0 19
1 7
1 11
1 13
1 18
2 3
2 6
2 14
2 15
2 40
3 5
3 14
3 15
3 19
4 10
4 17
4 18
4 20
5 8
5 13
5 14
5 16
5 19
5 22
5 23
6 12
6 15
6 40
6 96
6 104
7 9
7 10
7 11
7 13
7 16
8 13
8 23
8 64
9 10
9 11
9 16
10 11
10 12
10 16
10 17
10 19
10 20
11 13
11 17
11 18
12 19
13 16
14 22
14 40
15 19
16 19
17 18
17 20
21 25
21 29
21 31
21 41
21 51
21 53
21 86
22 23
22 24
22 35
22 40
22 44
23 24
23 42
23 64
24 42
24 44
24 64
24 70
25 27
25 31
25 41
25 103
25 109
26 28
26 31
26 34
26 36
26 37
26 98
27 29
27 33
27 41
28 34
28 37
28 38
28 57
28 71
29 33
29 41
29 86
30 31
30 36
30 39
30 98
31 36
31 37
31 51
31 71
31 98
31 109
32 34
32 35
32 38
32 44
32 46
32 57
33 86
34 35
34 36
34 38
35 36
35 40
35 44
36 39
36 40
37 71
38 57
39 40
39 98
39 104
40 104
42 47
42 50
42 64
42 70
43 48
43 49
43 52
43 56
43 66
44 46
44 70
45 52
45 55
45 56
45 61
45 62
45 63
45 112
46 47
46 57
46 60
46 68
46 70
47 50
47 54
47 58
47 68
47 70
48 49
48 59
48 66
48 67
48 69
49 56
49 67
49 77
50 58
50 64
50 113
50 116
51 53
51 59
51 69
51 71
52 55
52 56
52 66
53 59
53 67
53 86
54 58
54 61
54 62
54 65
54 68
55 60
55 61
55 66
55 68
56 77
56 82
56 112
56 121
56 123
56 128
57 60
57 66
57 69
57 71
58 65
58 113
59 67
59 69
60 66
60 68
61 62
61 68
62 63
62 65
63 65
63 112
63 113
63 127
64 116
65 113
66 69
67 77
67 86
67 87
69 71
72 73
72 78
72 90
73 78
73 81
74 76
74 84
74 93
75 78
75 85
75 88
76 82
76 83
76 93
77 82
77 83
77 87
78 81
78 88
79 83
79 84
79 87
79 91
79 93
80 90
81 88
82 83
82 123
83 87
83 93
84 89
84 90
84 91
84 93
85 88
86 87
86 89
86 92
87 89
87 91
89 91
89 92
94 95
94 99
94 100
94 103
95 99
95 100
95 102
95 107
96 98
96 102
96 104
96 105
96 106
96 107
97 99
97 101
98 104
98 106
98 108
98 109
99 100
99 101
99 102
100 103
100 107
100 109
102 105
102 107
103 109
105 107
106 107
106 108
107 108
107 109
108 109
110 113
110 114
110 125
110 126
110 127
111 112
111 115
111 120
111 121
111 128
111 129
111 130
112 115
112 124
112 126
112 127
112 128
113 114
113 116
113 127
114 116
114 118
114 125
115 124
115 129
117 119
117 122
117 125
117 129
117 131
118 125
118 131
119 122
119 131
120 122
120 129
120 130
121 123
121 128
121 130
122 129
123 130
124 126
124 129
125 126
125 129
125 131
126 127
126 129
