0 9
0 28
0 30
0 114
0 116
1 15
1 17
1 19
1 22
1 27
2 11
2 23
2 24
2 39
2 67
3 6
3 9
3 18
3 30
3 119
4 19
4 28
4 31
4 38
5 6
5 13
5 18
5 20
5 24
5 39
6 13
6 18
7 11
7 15
7 18
7 19
7 24
7 27
7 29
8 14
8 32
8 34
8 36
8 37
9 30
9 116
9 117
9 119
10 17
10 22
10 27
10 85
10 93
10 105
11 23
11 24
11 27
11 82
11 99
12 19
12 25
12 31
12 37
12 38
12 108
13 20
14 21
14 32
14 36
15 19
15 27
16 20
16 39
17 22
17 27
18 24
18 29
18 30
19 22
19 28
19 29
19 32
19 37
19 38
20 39
21 22
21 32
21 36
21 88
21 135
21 140
22 32
22 88
22 93
23 66
23 67
23 82
23 94
24 39
25 26
25 31
25 106
25 108
25 112
25 121
26 28
26 31
26 106
26 111
26 114
27 99
27 100
27 105
28 29
28 30
28 31
28 114
29 30
31 38
32 37
33 34
33 35
33 140
34 35
34 36
34 37
34 108
35 36
35 140
36 140
37 108
40 46
40 49
40 50
40 55
40 56
40 115
41 42
41 48
41 57
42 43
42 48
42 51
42 53
43 51
43 53
43 54
43 55
43 56
44 46
44 47
44 49
44 51
44 52
45 47
45 52
45 57
46 47
46 49
47 52
48 51
48 52
48 57
49 50
49 51
50 51
50 55
51 52
51 55
52 57
53 54
54 56
54 115
55 56
56 115
58 60
58 71
58 75
58 80
59 64
59 66
59 67
59 68
59 83
59 86
60 61
60 72
60 75
60 80
60 81
61 65
61 69
61 70
61 72
61 77
61 81
62 63
62 65
62 77
62 78
62 79
62 95
62 101
63 76
63 79
63 96
63 101
63 143
63 157
64 68
64 71
64 74
64 75
64 86
65 69
65 76
65 77
65 79
66 67
66 83
66 92
66 94
67 68
67 94
69 70
70 81
71 74
71 75
71 80
72 75
72 77
72 78
72 97
73 74
73 80
74 80
75 86
75 97
76 79
76 145
76 157
77 78
78 95
78 97
78 102
80 81
82 84
82 94
82 98
82 99
83 86
83 92
83 97
84 92
84 94
84 95
84 98
84 100
85 87
85 88
85 91
85 93
85 105
85 132
86 97
87 88
87 91
87 103
87 104
87 133
87 136
88 93
88 132
88 133
88 135
89 90
89 95
89 96
89 101
89 104
90 95
90 100
90 104
90 105
91 104
91 105
92 94
92 95
92 97
92 102
95 100
95 101
95 102
96 101
96 103
96 104
96 131
96 143
97 102
98 99
98 100
99 100
100 105
103 104
103 125
103 131
103 133
103 136
104 105
106 109
106 111
106 112
106 113
106 115
106 120
107 110
107 118
107 119
107 122
108 121
109 112
109 121
110 113
110 122
111 114
111 120
112 121
113 115
113 120
113 122
114 116
114 120
116 117
116 120
116 122
117 118
117 119
117 122
118 119
118 122
120 122
123 124
123 135
123 137
123 139
123 140
124 130
124 134
124 137
125 126
125 131
125 136
125 138
125 142
126 127
126 128
126 129
126 136
126 138
126 139
126 141
127 128
127 134
127 137
127 139
128 129
128 134
129 138
129 141
130 134
131 142
131 143
132 133
132 135
132 139
133 136
133 139
134 137
135 139
135 140
136 139
137 139
138 141
138 142
138 161
138 162
141 161
141 162
142 143
142 144
142 148
142 162
143 144
143 149
143 157
144 148
144 149
145 149
145 151
145 156
145 157
145 158
146 147
146 150
146 154
147 150
147 152
147 154
147 158
148 149
148 152
148 158
148 162
149 157
149 158
150 152
150 161
151 153
151 155
151 156
151 158
152 155
152 158
152 161
152 162
153 155
153 156
153 160
154 158
154 159
155 158
155 159
155 160
158 159
159 160
161 162
