0 9
0 10
0 12
0 18
0 20
1 2
1 10
1 11
1 16
2 5
2 6
2 10
2 11
2 18
2 19
2 48
2 60
3 4
3 16
3 17
4 7
4 12
4 13
4 17
5 6
5 11
5 36
6 36
6 60
7 9
7 12
7 13
8 15
8 18
8 19
8 20
8 48
9 12
9 13
9 20
10 12
10 16
10 17
10 18
11 16
11 36
12 17
13 14
13 15
13 20
13 48
13 73
13 87
13 89
14 87
15 20
15 48
16 17
18 19
18 20
19 48
21 23
21 25
21 32
21 36
22 26
22 29
22 31
22 38
22 40
22 41
23 25
23 36
23 37
24 27
24 30
24 36
24 39
25 29
25 32
25 36
25 37
25 41
26 27
26 31
26 39
26 40
27 36
27 39
27 40
27 41
28 30
28 34
28 36
28 39
28 55
28 57
29 33
29 37
29 38
29 41
30 36
30 39
31 35
31 38
31 39
32 36
33 37
33 38
34 36
34 57
34 60
35 39
36 39
36 41
36 60
37 38
39 46
39 50
39 55
40 41
42 45
42 52
42 59
43 44
43 51
43 53
43 54
43 56
43 58
43 62
44 52
44 54
44 56
44 71
45 46
45 50
45 52
46 50
46 52
46 55
46 56
46 58
46 61
47 52
47 56
47 59
48 49
48 51
48 60
48 62
48 73
49 54
49 62
49 73
49 84
51 53
51 55
51 58
51 60
51 62
52 56
52 59
52 65
52 71
52 90
53 58
54 62
54 71
54 84
55 57
55 58
55 60
55 61
56 58
57 60
58 61
59 65
63 69
63 77
63 80
63 83
64 72
64 74
64 78
65 66
65 81
65 90
66 77
66 78
66 83
66 90
67 69
67 70
67 74
67 76
67 82
67 88
68 69
68 71
68 75
68 79
68 84
68 85
68 88
69 71
69 77
69 80
69 82
69 88
70 76
70 86
70 88
71 80
71 83
71 84
71 90
72 74
72 76
73 75
73 84
73 85
73 89
74 76
74 78
74 82
75 84
75 85
76 86
77 78
77 82
77 83
78 82
79 85
79 86
79 87
79 88
80 83
80 90
83 90
85 87
85 89
86 87
86 88
87 89
