0 3
0 4
0 16
1 2
1 3
1 4
1 17
1 21
1 26
1 29
1 35
2 14
2 17
2 29
3 4
4 6
4 7
4 16
4 17
5 6
5 8
5 13
5 14
5 119
5 124
6 7
6 8
6 14
6 15
6 17
7 9
7 15
7 16
8 12
8 15
8 119
9 10
9 11
9 12
9 15
9 16
9 18
10 11
10 16
11 18
11 192
12 15
12 18
12 119
12 195
12 210
13 14
13 27
13 30
13 121
13 124
14 17
14 29
14 30
18 19
18 192
18 195
18 199
19 194
19 195
19 199
19 200
20 24
20 27
20 34
20 36
20 95
20 107
20 108
21 22
21 23
21 25
21 28
21 29
21 32
21 35
22 23
22 25
22 32
22 100
22 107
23 25
23 26
23 35
24 33
24 34
24 55
24 95
24 104
24 108
25 26
25 100
26 31
26 35
27 28
27 30
27 32
27 34
27 36
27 121
28 29
28 30
28 32
29 30
32 36
32 107
33 34
33 48
33 55
33 117
34 117
34 121
36 107
37 38
37 40
37 44
37 47
37 59
37 157
37 158
38 40
38 47
38 52
38 56
38 58
38 60
38 64
39 41
39 62
39 65
39 68
39 180
39 189
40 52
40 153
40 157
41 62
41 173
41 184
41 189
42 49
42 57
42 67
42 141
42 142
43 48
43 54
43 55
43 61
43 70
43 72
43 93
43 104
44 47
44 48
44 54
44 59
44 111
44 116
44 117
44 120
45 46
45 66
45 175
45 182
45 183
46 50
46 51
46 62
46 63
46 66
46 183
46 184
47 56
47 120
48 54
48 55
48 117
49 50
49 62
49 67
49 136
49 142
50 62
50 63
50 67
51 57
51 60
51 63
51 64
51 66
51 67
52 53
52 58
52 153
53 57
53 58
53 141
53 147
53 153
53 156
54 59
54 61
55 104
56 60
56 120
56 175
57 58
57 64
57 67
57 141
58 64
59 61
59 76
59 158
60 64
60 66
60 175
61 72
61 75
61 76
62 65
62 136
62 184
63 67
65 68
65 136
65 140
66 175
68 140
68 180
69 73
69 78
69 83
69 86
69 88
70 71
70 72
70 73
70 88
70 93
71 73
71 79
71 80
71 91
71 93
71 102
72 75
72 76
72 77
72 88
73 80
73 86
73 88
74 79
74 80
74 84
74 89
74 99
75 76
75 77
75 78
75 152
75 157
75 158
76 158
77 78
77 88
78 83
78 88
78 150
78 152
79 80
79 89
79 91
80 84
80 85
80 86
81 82
81 83
81 84
81 85
81 87
81 99
82 83
82 165
82 168
83 86
83 87
83 152
83 165
84 85
84 99
85 86
85 87
86 87
89 91
89 96
89 98
89 99
89 103
90 91
90 92
90 98
90 100
90 101
90 105
91 95
91 98
91 101
91 102
92 94
92 96
92 98
92 103
92 105
93 102
93 104
94 103
94 105
94 106
95 101
95 102
95 107
95 108
96 98
96 103
97 99
97 106
99 103
99 106
100 101
100 105
100 107
101 107
102 104
102 108
103 106
104 108
109 114
109 115
109 126
109 127
109 176
109 177
110 115
110 125
110 127
110 128
110 193
110 210
111 116
111 117
112 115
112 174
112 177
112 193
113 114
113 116
113 118
113 121
113 123
113 126
114 123
114 126
114 127
114 128
115 127
115 177
115 193
116 117
116 118
116 120
116 121
117 121
118 120
118 126
119 124
119 125
119 210
120 126
120 175
120 179
120 182
121 122
121 123
121 124
122 123
122 124
122 125
122 128
123 128
124 125
125 128
125 210
126 176
126 179
127 128
129 130
129 134
129 135
129 137
129 149
130 135
131 132
131 143
131 144
131 146
131 163
132 133
132 143
132 155
132 156
132 163
133 137
133 138
133 142
133 143
133 148
133 156
134 135
134 136
134 137
134 138
135 136
135 140
136 138
136 140
136 142
137 138
137 143
137 149
138 142
139 145
139 146
139 149
141 142
141 147
141 148
142 148
143 146
143 149
144 145
144 146
144 163
145 146
146 149
147 148
147 156
148 156
150 151
150 152
150 166
150 167
151 159
151 166
151 167
152 157
152 165
152 166
152 167
153 154
153 156
153 157
153 159
153 166
154 155
154 156
154 159
154 161
154 162
155 156
155 161
155 163
157 158
157 166
159 160
159 162
159 166
159 167
160 162
160 167
160 168
161 162
161 163
161 164
161 168
162 163
162 168
163 164
164 168
165 167
165 168
167 168
169 171
169 172
169 181
169 187
170 173
170 174
170 183
170 185
170 186
170 188
171 172
171 174
171 181
171 185
172 173
172 185
172 187
173 183
173 184
173 185
173 187
173 189
174 177
174 178
174 185
174 188
175 182
176 177
176 179
176 188
177 178
177 188
178 188
179 182
179 186
179 188
180 181
180 187
180 189
181 187
182 183
182 186
183 184
183 186
183 188
186 188
187 189
190 191
190 196
190 198
190 199
190 200
190 201
190 204
190 214
191 196
191 198
192 199
192 201
192 209
192 211
193 202
193 203
193 210
194 195
194 200
194 202
194 204
194 210
195 210
196 206
196 213
196 214
197 201
197 207
197 211
197 212
197 213
197 214
198 204
198 205
199 200
199 201
200 204
201 211
201 214
202 203
202 204
202 210
203 204
203 205
204 205
206 207
206 208
206 213
207 208
207 212
207 213
208 209
208 212
209 211
209 212
211 212
213 214
