0 2
0 5
0 6
0 7
0 8
0 16
1 10
1 13
1 14
1 15
1 242
1 249
2 3
2 8
2 11
2 14
2 15
2 16
2 244
3 11
3 15
3 82
3 89
3 92
4 5
4 17
4 270
4 320
5 7
5 16
5 17
5 270
6 7
6 8
6 9
6 11
7 9
7 270
7 277
8 11
9 11
9 67
9 90
9 277
10 13
10 22
10 84
10 245
10 249
11 89
11 90
11 92
12 16
12 17
12 231
12 241
12 312
12 319
13 14
13 15
13 82
13 84
14 15
14 242
14 244
15 82
16 17
16 231
16 244
17 312
17 319
17 320
18 20
18 21
18 22
18 81
19 20
19 23
19 24
19 25
19 34
19 81
19 175
19 187
19 206
20 21
20 24
20 81
21 22
21 24
21 175
22 81
22 84
22 114
22 175
22 245
23 25
23 206
23 208
23 210
24 175
25 187
25 208
26 38
26 39
26 66
26 85
26 86
26 87
27 33
27 37
27 38
27 39
27 41
27 42
28 32
28 33
28 36
28 37
28 40
28 43
28 44
29 30
29 38
29 42
29 86
29 91
30 31
30 32
30 33
30 40
30 42
30 91
31 34
31 35
31 40
31 83
31 91
31 94
32 33
32 40
33 37
33 42
34 35
34 40
34 81
34 194
34 206
34 209
35 81
35 94
36 37
36 44
36 170
36 625
36 626
37 41
37 621
37 625
38 39
38 42
38 86
39 41
39 66
39 72
40 43
40 194
41 72
41 621
41 625
43 44
43 194
43 197
43 198
44 170
44 197
45 47
45 51
45 58
45 105
45 106
46 51
46 56
46 58
46 60
46 382
46 398
46 501
47 50
47 51
47 53
47 96
47 102
47 105
48 58
48 60
48 103
48 106
48 107
48 112
48 317
48 382
49 50
49 52
49 53
49 55
49 59
49 102
49 110
50 51
50 52
50 53
50 54
50 576
51 56
51 58
51 576
52 54
52 59
53 102
54 55
54 57
54 59
54 226
54 576
55 57
55 59
55 101
55 110
55 113
56 501
56 576
57 101
57 215
57 225
57 226
58 60
58 105
58 106
58 107
60 382
61 62
61 65
61 68
61 69
61 70
61 272
61 416
62 70
62 79
62 272
62 400
62 416
63 71
63 75
63 76
63 77
63 78
64 67
64 68
64 69
64 74
64 88
65 67
65 69
65 272
65 274
65 277
66 68
66 70
66 72
66 73
66 74
66 77
66 85
66 87
67 69
67 88
67 90
67 277
68 69
68 70
68 74
70 77
70 79
71 76
71 78
71 419
71 622
72 73
72 75
72 76
72 621
73 75
73 77
74 85
74 88
74 95
75 76
75 77
76 621
76 622
77 78
77 79
78 79
78 400
78 419
79 400
80 81
80 82
80 84
80 93
80 94
81 84
81 94
82 84
82 89
82 93
83 86
83 91
83 93
83 94
85 87
85 89
85 92
85 95
86 87
86 91
86 93
87 89
87 93
88 90
88 95
89 92
89 93
90 92
90 95
92 95
93 94
96 98
96 100
96 102
96 105
96 109
97 100
97 104
97 109
97 113
97 238
98 105
98 106
98 108
98 109
98 238
98 239
99 103
99 106
99 107
99 108
99 232
99 250
100 102
100 109
100 110
100 113
101 111
101 113
101 225
102 110
103 107
103 112
103 236
103 243
103 250
103 317
103 323
104 111
104 113
104 238
105 106
106 107
106 108
107 112
108 232
108 239
109 238
110 113
111 113
111 221
111 225
111 235
111 238
114 125
114 175
114 245
114 247
115 116
115 119
115 128
115 131
115 133
116 117
116 119
116 131
116 211
116 220
117 119
117 123
117 220
117 221
117 223
118 119
118 121
118 133
118 134
119 123
119 127
119 133
119 134
120 122
120 132
120 177
120 341
120 373
121 132
121 133
121 134
121 173
121 174
121 190
121 193
122 128
122 129
122 130
122 132
122 365
122 373
123 127
123 221
124 125
124 127
124 134
124 183
124 221
124 246
124 247
125 175
125 183
125 245
125 246
125 247
126 128
126 129
126 130
126 212
126 216
127 134
127 221
128 130
128 131
128 132
128 133
128 212
129 130
129 216
129 365
129 541
129 544
131 211
131 212
132 133
132 177
132 193
134 174
134 183
135 138
135 140
135 148
135 149
135 150
135 152
135 334
135 338
135 348
136 145
136 146
136 422
136 429
136 431
137 144
137 146
137 147
137 151
137 429
138 146
138 149
138 152
139 142
139 144
139 148
139 149
139 151
139 186
140 143
140 152
140 334
140 338
140 350
141 147
141 182
141 188
141 191
141 204
141 429
142 148
142 150
142 177
142 186
143 145
143 146
143 152
143 336
143 346
143 350
143 431
144 146
144 149
144 151
145 146
145 152
145 431
146 149
146 152
146 429
147 151
147 182
147 184
147 429
148 149
148 150
150 177
150 341
150 348
151 184
151 186
153 157
153 160
153 168
153 169
153 257
153 264
153 435
154 158
154 159
154 160
154 163
154 164
154 167
154 168
155 156
155 167
155 168
155 170
155 172
155 196
155 199
155 200
156 157
156 168
156 169
156 196
156 200
156 432
157 160
157 168
157 169
158 159
158 160
158 163
158 171
159 163
159 165
159 166
159 171
160 168
160 171
160 257
160 264
161 162
161 166
161 170
161 575
161 612
162 163
162 164
162 166
162 170
162 172
163 164
163 166
164 167
164 172
165 166
165 171
165 251
165 567
165 574
165 575
166 575
167 168
167 172
169 428
169 432
169 435
169 437
170 172
170 197
170 199
170 612
170 613
170 626
171 251
171 257
173 174
173 180
173 185
173 190
173 192
174 180
174 183
175 176
175 181
175 183
175 187
176 179
176 181
176 183
177 178
177 186
177 193
177 341
178 186
178 190
178 192
178 193
179 180
179 181
179 182
179 183
179 185
179 189
180 183
180 185
181 187
181 189
182 184
182 185
182 188
182 189
182 192
184 186
184 192
185 192
186 192
187 188
187 189
187 208
188 189
188 191
188 208
190 192
190 193
191 201
191 204
191 205
191 208
194 195
194 198
194 203
194 209
195 203
195 206
195 207
195 209
195 210
196 200
196 201
196 204
196 429
196 432
197 198
197 199
197 202
198 199
198 202
198 203
199 200
199 201
199 202
200 201
200 202
201 202
201 204
201 205
201 207
202 203
202 207
203 207
204 429
205 207
205 208
205 210
206 209
206 210
207 210
208 210
211 212
211 219
211 220
212 216
212 217
212 219
212 227
213 215
213 224
213 227
213 228
213 554
214 215
214 222
214 224
214 226
214 229
214 230
215 218
215 220
215 224
215 225
215 226
215 228
216 217
216 541
217 227
217 537
217 541
218 220
218 221
218 223
218 225
219 220
219 227
219 228
220 223
220 228
221 223
221 225
221 235
221 246
222 229
222 230
222 525
222 552
222 577
222 585
224 229
224 554
226 230
226 576
226 585
227 228
227 537
227 551
227 554
229 552
229 554
230 585
231 240
231 241
231 244
232 237
232 239
232 250
233 234
233 237
233 238
233 240
233 242
233 244
233 249
234 237
234 240
234 244
235 238
235 246
235 248
236 241
236 243
236 250
236 319
237 238
237 239
237 240
237 250
238 239
238 245
238 248
238 249
240 241
240 244
240 250
241 244
241 250
241 319
242 244
242 249
243 319
243 323
245 247
245 248
245 249
246 247
246 248
247 248
251 256
251 257
251 260
251 567
252 255
252 258
252 259
252 261
252 262
252 263
252 266
253 260
253 261
253 262
253 265
253 565
253 568
254 267
254 459
254 469
254 555
254 558
254 566
255 259
255 266
255 459
255 461
255 468
256 257
256 258
256 260
256 261
256 264
257 264
258 261
258 263
258 264
259 262
259 265
259 267
259 459
260 261
260 567
260 568
261 262
262 265
263 264
263 266
263 290
263 309
263 473
264 309
264 435
265 267
265 565
266 461
266 473
267 459
267 558
267 565
268 272
268 273
268 283
268 403
268 415
268 416
269 271
269 275
269 279
269 324
269 440
270 277
270 278
270 313
270 320
271 279
271 280
271 282
271 287
271 315
271 324
272 274
272 283
272 288
272 416
273 281
273 283
273 403
274 276
274 277
274 286
274 288
275 279
275 439
275 440
276 277
276 278
276 280
276 282
276 286
277 278
278 280
278 287
278 313
279 282
279 284
279 285
280 282
280 287
281 283
281 285
281 403
282 284
282 286
283 284
283 285
283 288
284 285
284 286
284 288
286 288
287 313
287 315
287 328
289 293
289 294
289 295
289 297
289 304
289 307
290 300
290 302
290 305
290 309
290 473
291 292
291 301
291 303
291 306
291 426
292 294
292 298
292 301
292 306
292 307
293 294
293 295
293 298
293 302
293 305
293 308
294 298
294 307
295 300
295 304
295 305
296 303
296 306
296 307
296 339
296 340
297 304
297 307
298 299
298 301
298 308
299 301
299 308
299 425
299 433
299 434
300 304
300 305
300 471
300 473
301 425
301 426
302 305
302 308
302 309
302 421
303 306
303 336
303 340
303 424
303 426
304 471
306 307
308 421
308 433
309 421
309 435
310 325
310 326
310 327
310 329
310 386
310 389
310 394
311 315
311 318
311 322
311 325
311 327
311 328
312 317
312 319
312 320
312 323
312 330
313 314
313 320
313 328
314 316
314 320
314 325
314 328
314 330
315 318
315 324
315 328
316 317
316 325
316 330
316 382
317 323
317 330
317 382
318 321
318 322
318 324
318 441
318 447
318 448
319 323
320 330
321 322
321 326
321 441
321 443
321 448
322 326
322 327
322 329
324 440
324 447
324 452
325 327
325 328
325 382
325 386
326 329
326 389
326 443
327 328
327 329
331 333
331 334
331 336
331 349
331 350
332 342
332 364
333 334
333 342
333 343
333 344
333 349
334 338
334 344
334 350
334 351
335 339
335 342
335 343
335 347
336 340
336 346
336 349
336 350
336 424
337 338
337 341
337 345
337 348
337 371
337 376
338 345
338 348
338 351
339 340
339 347
339 349
340 349
341 348
341 371
341 373
342 343
342 344
342 364
343 347
343 349
344 351
344 352
344 361
344 362
344 364
345 351
345 352
345 354
345 370
345 376
346 424
346 431
347 349
351 352
352 362
352 370
353 354
353 360
353 368
353 376
354 360
354 362
354 370
354 376
355 365
355 368
355 372
355 373
355 375
356 360
356 368
356 374
356 375
356 594
357 358
357 363
358 363
358 366
358 595
358 598
359 360
359 366
359 367
359 369
359 374
360 362
360 368
360 369
360 374
361 362
361 364
362 364
362 369
362 370
363 366
363 367
365 372
365 373
365 375
365 544
365 547
366 367
366 374
366 595
366 598
367 369
368 371
368 372
368 375
368 376
371 372
371 373
371 376
372 373
374 594
374 595
375 547
375 594
377 381
377 382
377 386
377 395
377 398
378 380
378 383
378 386
378 387
378 394
379 383
379 384
379 387
379 388
379 393
379 396
380 381
380 383
380 386
380 399
381 386
381 390
381 395
381 399
381 500
381 518
382 386
382 395
382 398
383 387
383 390
383 393
383 399
383 500
383 516
384 385
384 387
384 388
384 391
384 392
384 394
384 497
385 389
385 391
385 394
386 394
387 393
387 394
388 396
388 497
389 391
389 394
389 443
389 455
390 399
390 500
391 392
391 455
391 491
392 477
392 481
392 491
392 497
393 396
393 397
393 509
393 516
395 398
395 518
396 397
396 492
396 497
397 492
397 509
397 510
398 501
398 518
400 408
400 412
400 416
400 419
401 407
401 408
401 410
401 412
401 414
401 420
402 403
402 409
402 414
402 417
402 418
403 409
403 415
404 408
404 411
404 419
404 629
405 406
405 413
405 414
405 418
406 418
407 409
407 414
407 415
407 417
407 420
408 410
408 411
408 412
408 419
409 415
409 417
410 411
410 413
410 414
410 615
410 616
411 616
411 629
412 416
412 419
412 420
413 414
413 615
414 417
414 418
415 416
415 420
416 420
419 622
419 629
421 433
421 435
422 423
422 427
422 429
422 430
422 431
422 432
423 430
423 432
423 436
423 437
424 426
424 431
425 426
425 427
425 430
425 434
426 427
426 431
427 430
427 431
428 433
428 434
428 435
428 436
428 437
429 432
430 434
430 436
432 437
433 434
433 435
434 436
436 437
438 439
438 442
438 448
438 449
438 452
438 456
438 457
439 440
439 452
439 456
440 452
441 443
441 446
441 448
441 449
441 458
442 444
442 445
442 456
442 457
443 454
443 455
443 458
444 445
444 450
445 446
445 449
445 450
445 451
445 453
445 457
445 458
446 449
446 458
447 448
447 452
448 449
448 452
449 457
450 451
450 489
451 453
451 480
451 482
451 489
451 491
453 454
453 458
453 491
454 455
454 458
454 491
455 491
459 468
459 469
459 470
459 472
460 462
460 464
460 465
460 475
460 476
461 464
461 468
461 471
461 473
461 475
461 476
462 465
462 468
462 474
462 475
463 465
463 466
463 467
464 475
464 476
465 467
465 470
465 474
466 467
466 469
466 470
466 566
467 470
468 472
468 474
468 475
469 470
469 566
470 472
470 474
471 473
471 476
472 474
475 476
477 481
477 492
477 497
478 479
478 481
478 485
478 490
478 492
478 495
478 498
478 510
479 481
479 485
479 493
479 494
479 498
480 482
480 487
480 491
481 485
481 491
481 492
482 487
482 489
482 496
483 486
483 488
483 496
484 490
484 495
484 499
484 503
484 504
484 510
485 486
485 491
485 493
486 491
486 493
486 496
487 491
487 496
488 489
488 496
489 496
490 495
490 510
491 496
492 497
492 510
493 494
494 498
495 498
499 504
499 505
500 502
500 516
500 517
500 518
500 584
501 502
501 518
501 576
501 585
502 518
502 584
502 585
503 504
503 508
503 510
503 512
503 514
504 505
504 507
504 512
505 506
505 507
506 507
506 580
506 581
506 583
506 592
507 512
507 583
508 509
508 510
508 514
509 510
509 511
509 514
509 516
511 512
511 513
511 514
511 516
512 513
512 514
512 583
513 515
513 516
513 517
513 583
513 589
513 593
515 517
515 586
515 589
516 517
517 584
517 586
519 520
519 521
519 529
519 530
519 532
519 533
520 521
520 527
520 530
520 531
520 532
521 525
521 526
521 527
521 528
521 530
521 549
521 553
522 525
522 527
522 528
522 534
522 579
522 582
523 524
523 533
525 526
525 528
525 534
525 549
525 552
525 577
525 579
526 528
527 528
527 531
527 580
527 582
529 530
529 553
529 600
529 611
530 553
531 532
531 580
532 533
534 579
534 582
535 537
535 538
535 539
535 543
535 546
535 548
535 551
536 539
536 545
536 546
536 550
536 553
537 540
537 541
537 543
537 551
538 540
538 543
538 546
538 547
538 548
538 594
538 610
539 542
539 546
539 549
539 551
539 553
540 541
540 543
540 544
540 547
541 544
542 549
542 551
542 552
542 554
544 547
545 550
545 553
545 602
545 611
546 548
546 550
547 594
548 550
548 601
548 610
549 552
549 553
550 601
550 602
551 554
552 554
553 611
555 556
555 558
555 563
555 564
555 566
555 570
555 572
556 560
556 562
556 564
556 570
557 563
557 564
557 569
557 571
558 565
558 572
559 569
559 571
559 573
559 619
559 631
560 562
560 564
560 571
560 575
561 565
561 567
561 568
561 570
561 574
562 570
562 574
562 575
563 564
563 566
564 571
565 568
565 570
565 572
567 568
567 574
569 571
569 615
569 619
569 620
570 572
570 574
571 573
571 575
573 575
573 617
573 627
573 631
574 575
575 612
575 627
576 585
577 579
577 585
577 586
577 587
578 580
578 581
578 588
578 590
578 592
579 582
579 587
579 588
579 590
579 591
580 581
580 582
580 590
581 592
582 590
583 592
583 593
584 585
584 586
585 586
586 587
586 589
587 589
587 591
588 589
588 590
588 591
588 592
588 593
589 591
589 592
589 593
592 593
594 595
594 608
594 609
594 610
595 598
595 609
596 598
596 599
596 605
596 606
597 598
597 603
597 605
597 607
597 608
598 605
598 608
598 609
599 600
599 602
599 606
600 602
600 611
601 602
601 604
601 607
601 610
602 604
602 606
602 611
603 604
603 605
603 606
603 607
604 606
604 607
605 606
607 608
607 610
608 609
608 610
612 613
612 627
613 618
613 626
613 627
614 619
614 622
614 623
614 624
614 629
614 630
614 631
615 616
615 620
616 620
616 624
616 629
617 618
617 623
617 625
617 626
617 627
617 631
618 626
618 627
619 620
619 624
619 631
620 624
621 622
621 623
621 625
621 628
621 630
622 629
622 630
623 625
623 628
623 630
623 631
624 629
625 626
625 628
