0 4
0 14
0 16
0 32
0 36
1 2
1 3
1 4
1 8
1 9
1 15
1 16
1 21
1 28
1 32
1 35
1 109
1 110
2 3
2 8
2 17
2 22
2 25
2 27
3 9
3 21
3 22
3 24
3 25
3 27
3 29
3 30
3 31
4 8
4 32
4 36
5 6
5 7
5 26
5 104
6 7
6 18
6 74
6 104
6 106
7 9
7 10
7 18
7 26
8 17
8 36
9 10
9 11
9 12
9 13
9 26
9 28
9 30
10 18
10 24
10 30
11 12
11 13
11 28
11 109
12 13
12 26
12 42
12 43
12 67
12 109
12 126
14 16
14 21
14 34
14 35
14 36
15 16
15 32
16 32
16 35
17 22
17 23
17 36
19 20
19 24
19 27
19 33
20 33
21 31
21 34
21 35
22 23
22 29
23 29
23 34
23 36
24 27
24 30
25 27
26 54
26 67
26 70
26 104
27 33
28 109
29 31
29 34
31 34
34 36
37 40
37 44
37 47
37 48
37 60
37 61
37 62
38 58
38 77
38 79
38 80
38 83
38 84
38 89
38 90
38 91
38 93
38 108
38 130
39 41
39 50
39 64
39 71
39 105
40 55
40 57
40 61
40 62
41 50
41 52
41 104
41 105
42 43
42 60
42 65
42 66
42 123
42 126
43 59
43 60
43 67
43 71
44 45
44 46
44 47
44 60
44 64
45 46
45 64
45 68
45 83
46 47
46 62
46 68
47 62
47 68
48 49
48 60
48 61
48 66
49 51
49 56
49 61
49 66
50 52
50 54
50 59
50 70
50 71
51 56
51 61
51 118
51 122
51 134
52 70
52 104
53 58
53 63
53 69
53 108
53 129
54 59
54 67
54 70
55 57
55 62
55 68
55 69
56 65
56 66
56 124
56 134
57 61
57 63
57 69
57 120
58 68
58 69
58 83
58 108
59 67
59 71
60 61
60 64
60 66
60 71
61 120
61 122
61 139
62 68
63 69
63 120
63 129
64 71
64 83
64 105
65 66
65 123
65 124
65 140
68 69
68 83
70 104
72 87
72 88
72 104
72 105
72 106
72 107
73 74
73 82
73 85
73 86
73 100
73 102
74 82
74 106
75 76
75 77
75 78
75 80
75 81
76 77
76 78
76 79
76 84
76 88
76 107
77 79
77 80
78 81
78 107
79 84
80 81
80 107
81 107
82 86
82 106
82 107
83 84
83 89
83 105
84 88
84 90
84 92
84 93
84 94
84 105
85 97
85 98
85 101
85 102
86 99
86 100
86 103
86 107
87 88
87 105
88 105
88 107
90 91
90 92
90 94
90 95
91 93
91 95
92 94
93 94
93 95
94 95
96 97
96 98
96 101
96 103
97 101
98 99
98 101
98 102
98 103
99 100
99 102
99 103
100 102
104 105
104 106
106 107
108 112
108 113
108 121
108 129
108 130
108 132
108 137
108 139
109 110
109 126
109 127
110 116
110 119
110 127
110 133
110 138
111 112
111 113
111 129
111 135
112 113
112 129
112 139
113 135
113 139
114 125
114 132
114 136
115 116
115 117
115 138
115 141
115 142
116 125
116 138
116 142
117 138
117 141
118 119
118 122
118 131
118 134
118 139
119 131
119 133
119 138
119 139
120 122
120 129
121 125
121 137
121 138
121 139
122 129
122 135
122 139
123 126
123 128
123 140
124 131
124 133
124 134
124 140
125 136
125 137
125 138
125 142
126 127
126 128
127 128
127 133
128 133
128 140
129 135
130 132
131 133
131 134
132 136
132 137
133 140
135 139
136 137
138 139
138 141
138 142
141 142
