0 11
0 19
0 35
0 36
0 54
1 2
1 3
1 15
1 47
2 3
2 15
2 49
3 49
4 5
4 30
4 58
5 58
6 28
6 32
6 33
6 39
6 48
7 16
7 24
7 36
7 124
8 17
8 59
8 60
8 62
9 43
9 47
9 61
10 23
10 26
10 28
10 39
10 57
11 36
11 54
11 133
11 149
12 13
12 14
12 37
12 42
12 45
13 14
13 19
13 35
13 41
13 45
14 41
14 42
15 17
15 18
15 26
15 31
15 47
15 49
15 50
15 52
15 56
15 57
16 24
16 36
17 50
17 52
17 60
17 62
18 26
18 48
18 55
18 56
19 35
19 41
19 53
19 54
20 21
20 23
20 29
20 58
20 60
21 60
22 25
22 27
22 38
22 46
23 29
23 32
23 39
23 52
23 57
23 60
24 35
24 36
24 124
25 38
25 46
26 28
26 31
26 33
26 48
26 57
27 34
27 38
27 43
27 44
27 51
28 33
28 39
29 32
29 35
29 58
30 50
30 58
30 59
30 60
31 57
32 35
32 37
32 39
32 40
32 45
32 48
33 48
34 43
35 36
35 45
35 58
35 124
36 124
36 133
37 42
37 45
37 48
37 223
37 229
37 237
38 46
38 51
38 218
38 222
39 40
41 42
41 53
41 130
41 141
42 130
42 237
42 239
43 44
43 61
44 51
44 61
46 218
46 219
46 227
47 56
47 61
48 51
48 55
48 222
48 223
49 50
50 59
50 62
51 55
51 61
51 222
52 57
52 60
53 54
53 141
54 141
54 149
55 56
55 61
56 61
58 60
58 124
59 60
59 62
63 101
64 65
64 77
65 77
65 101
65 121
66 75
66 79
66 91
66 96
67 102
67 109
67 129
68 69
68 70
68 87
68 100
69 70
69 78
69 100
69 122
69 125
70 78
70 87
70 112
70 127
71 92
71 98
71 113
71 118
72 73
72 74
72 109
73 74
74 109
75 78
75 91
75 96
75 103
75 110
75 125
75 127
76 80
76 98
76 114
76 115
76 116
76 117
76 126
76 135
77 113
77 118
77 121
77 127
78 125
78 127
79 91
79 96
79 119
79 122
80 93
80 94
80 98
80 124
80 126
81 88
81 99
81 100
81 108
81 122
82 83
82 85
82 86
82 120
83 84
83 86
83 87
83 108
83 120
84 87
85 86
85 120
85 180
85 196
86 87
86 196
87 100
87 108
87 112
87 196
88 99
88 122
88 128
89 92
89 124
90 97
90 108
90 120
90 123
90 192
91 122
91 125
92 95
92 98
92 124
93 94
93 95
93 98
94 95
94 124
95 98
95 124
96 103
96 107
96 119
97 120
97 192
97 194
98 113
98 115
99 108
99 111
99 128
100 108
100 122
101 102
101 121
102 118
102 121
102 129
103 107
103 110
103 127
104 105
104 106
104 127
105 106
105 110
105 127
106 110
106 127
107 119
108 111
108 120
108 123
109 129
110 127
111 123
111 128
112 113
112 114
112 115
112 127
112 155
112 177
112 196
113 115
113 118
113 127
114 115
114 135
114 145
114 164
114 177
116 117
116 124
116 126
116 133
116 135
117 126
118 121
118 129
119 122
120 180
120 194
122 125
122 128
123 128
124 126
124 133
130 141
130 239
130 240
131 135
131 138
131 145
131 148
131 149
131 151
131 152
131 163
132 136
132 138
132 139
132 142
132 146
132 154
132 167
132 175
133 135
133 149
133 151
134 140
134 141
134 142
134 143
135 145
135 151
136 139
136 140
136 143
136 146
136 150
137 138
137 142
137 148
137 149
138 142
138 148
138 152
138 159
138 175
139 144
139 150
139 154
139 171
140 141
140 143
140 150
140 240
141 142
141 149
141 240
142 143
142 146
142 149
143 146
144 147
144 150
144 171
144 204
144 207
145 163
145 164
147 150
147 204
147 207
147 238
147 240
148 149
149 151
150 240
152 157
152 159
152 161
152 163
153 161
153 162
153 176
153 177
154 167
154 169
154 171
154 172
155 160
155 162
155 168
155 177
155 196
156 158
156 165
156 166
156 168
156 179
156 186
156 189
156 195
157 161
157 163
157 164
157 174
157 177
158 166
158 168
158 173
159 161
159 175
159 176
160 162
160 168
160 173
161 163
161 176
161 177
162 173
162 176
162 177
163 164
164 174
164 177
165 166
165 169
165 170
165 172
165 195
166 170
166 173
167 169
167 170
167 175
168 173
168 186
168 196
169 170
169 172
170 173
170 175
170 176
171 172
171 206
171 207
172 195
172 206
173 176
174 177
175 176
178 181
178 182
178 184
178 185
178 189
178 194
178 195
179 180
179 185
179 186
179 189
180 185
180 186
180 194
180 196
181 182
181 184
181 190
181 191
182 183
182 184
182 188
182 190
182 194
183 188
183 190
183 193
183 197
184 191
184 195
185 189
185 194
186 196
187 188
187 192
187 197
188 192
188 194
188 197
189 195
190 191
190 193
191 193
191 195
191 198
191 210
191 211
192 194
192 197
193 198
195 206
195 210
198 208
198 211
198 213
199 200
199 201
199 204
199 210
199 211
200 201
200 211
200 212
200 215
201 203
201 204
201 215
201 217
201 226
201 238
202 203
202 205
202 212
202 214
202 215
203 214
203 215
203 220
203 226
203 231
204 207
204 209
204 210
204 217
204 238
205 208
205 212
205 213
205 214
205 215
206 207
206 209
206 210
207 209
208 213
208 214
209 210
210 211
211 212
211 213
212 213
212 215
214 220
216 224
216 225
216 228
216 230
216 232
216 234
217 225
217 226
217 229
217 231
217 232
217 237
217 238
218 219
218 222
218 223
218 229
218 233
219 227
219 230
219 233
220 231
220 235
221 224
221 227
221 234
221 235
222 223
223 229
224 225
224 231
224 234
224 235
225 231
225 232
226 231
227 230
227 234
228 229
228 230
228 232
228 233
229 232
229 233
229 237
230 233
230 234
231 235
232 237
236 237
236 238
236 239
236 240
237 238
237 239
238 240
239 240
