0 0.40815069089370914
1 0.5562072744901956
2 0.4688202605805396
3 1.4854554106318574
4 1.9103437342746423
5 1.5078725723206894
6 2.3564517823391467
7 1.5227516030378598
8 0.35660975736949585
9 0.8538714518256277
10 1.745567193055503
11 1.6663883043443586
12 0.5311867775683863
13 0.4200858660084286
14 1.4891515931485568
15 0.8930266827102173
16 0.6201001126111438
17 2.0183921472130146
18 1.7270371817740782
19 0.6250367758897794
20 0.8134241155549023
21 1.065193765153612
22 1.157053980241538
23 1.3158940232316103
24 1.1329243122320076
25 0.3064738114983582
26 1.1432998269574313
27 0.840382522621977
28 0.31026064336860654
29 0.6316693382939471
30 0.37636682459828374
31 0.43928125542022234
32 0.5245194881521995
33 0.25337797145659186
34 0.3280102411336948
35 0.3418770374834833
36 0.28827693355623796
37 0.30595611475186313
38 0.5091442615353127
39 1.3833531852293253
40 0.3872516292587199
41 0.2870450336190815
42 0.9023325250505565
43 0.37482124658448013
44 0.5098923314518725
45 0.6077808452943136
46 0.9967710383767077
47 0.7896034413791166
48 1.7795508870934515
49 1.36816053633299
50 1.1947991945742025
51 0.36704107341969205
52 0.40728092499928836
53 0.3487965770633409
54 1.5344190246254124
55 1.1192134054426364
56 0.19938340576728414
57 0.8084464942178309
58 1.3150064419491163
59 1.3655088432616764
60 0.6599577847375944
61 1.7276854776907085
62 0.8558478985089688
63 0.3213421011555811
64 0.261238553254024
65 0.3541744686064977
66 0.9310974860819141
67 0.3927036992970013
68 0.3500406637377717
69 1.5901986360987694
70 0.776357598721914
71 1.4311335272184866
72 0.42593072988105896
73 1.171930622883434
74 1.4097179851188426
75 0.5381229579455826
76 1.7089878128684841
77 0.7934160792261333
78 2.1274355347388454
79 1.942369929340144
80 0.5266288636346175
81 0.6330924926665884
82 0.2701939099570645
83 2.39485960137374
84 0.36859610163451106
85 0.46832646487842244
86 1.0651807863739944
87 0.5276820029664762
88 2.1101558230186273
89 0.814364498314686
90 0.22347626569373352
91 1.2634437847200095
92 0.68766796413044
93 1.521054056385272
94 0.4545698524459027
95 0.4971706796013001
96 0.3325382237063026
97 0.48672787657250743
98 0.3576138395131111
99 1.62771454019148
100 0.6270047704315053
101 1.0466797223310491
102 0.3519932101601224
103 0.28963172182877983
104 0.2155178491905178
105 0.2833105837744798
106 0.29843963035109355
107 0.2400826635135112
108 0.2279772681235843
109 0.22782102197975976
110 0.2692764417102454
111 0.27052990671151483
112 0.46503782900942287
113 0.2944250197492959
114 0.38422045879901323
115 0.25654057050851786
116 0.2906748434789833
117 0.46448754052930613
118 1.4274838646054984
119 1.0421431976070183
120 0.2749463371538642
121 0.9108172064445885
122 0.6897814834227942
123 0.3456175716646045
