0 1.8611839596494018
1 2.5682574034175607
2 1.1949279900220127
3 1.3456043462714007
4 2.067536578105176
5 1.1996842604788616
6 1.4074608930428065
7 2.259799309830634
8 1.4817384936930036
9 1.843393154347305
10 2.4848359616458824
11 1.9837340040669738
12 1.8616518814024154
13 1.0299773723039114
14 1.2873186816678617
15 2.6514154360205184
16 0.8002423919236954
17 2.530017707985857
18 1.9473177495951342
19 2.7662197901590417
20 0.850095740241769
21 1.1193558586392418
22 2.0421683932412313
23 1.6960040743159128
24 1.7980842662176109
25 1.0969821381963274
26 1.0490232567503481
27 2.7581485176482
28 1.9783054579613826
29 2.3183892004605235
30 2.0578075396469444
31 1.5559745030794296
32 2.054583535924933
33 0.7761708628573389
34 0.8370459549621629
35 0.8083741468251519
36 0.9608164935864165
37 1.460978316283976
38 1.842844019741049
39 1.3222347316909664
40 0.8335939394040677
41 1.0977560829688722
42 1.3534259278257024
43 1.2003599127920372
44 2.5355383029375043
45 1.3716695555966107
46 1.5789752020633419
47 1.489844593327477
48 1.5859286866807185
49 1.854325713684338
50 1.301486158886156
51 2.47531098534866
52 1.791373193456869
53 1.6114338288450818
54 1.1190100743728117
55 1.2017725739227112
56 0.6409437511434743
57 1.238669201892778
58 0.3964163536835651
59 0.7135816005269977
60 0.6374204884271497
61 0.6005058778481775
62 0.8882997979519871
63 0.510528163643849
64 0.8182642619400671
65 0.24501506980426346
66 0.9328251520609311
67 0.5974653501346643
68 0.5132396833904491
69 0.25180279585667104
70 0.2778262041224526
71 0.7430269762630857
72 0.9943534692448814
73 0.3195237064083676
74 0.47927215009021673
75 0.4868672612382571
76 0.3136002149010664
77 1.1309449530789069
78 1.4951964605210315
79 0.3977862533733051
80 0.3999822678832903
81 0.2407394707268334
82 1.5815423316566242
83 0.7936867298938648
84 1.331394559542283
85 1.2844232726332003
86 0.7494927605608189
87 0.6880386359366447
88 1.4489133653730848
89 1.1654489981179843
90 1.9629075790675414
91 1.4724719217642517
92 1.2489553948238405
93 1.4886773316261424
94 1.2127213838093094
95 1.8632747355461272
96 0.663524593663742
97 0.6296824657383981
98 2.0804743028591264
99 2.6787212698712746
100 2.294370991024606
101 1.3676845320226816
102 0.9515782264395671
103 0.9917678776141298
104 1.3003100012064208
105 2.215262909279188
106 0.7439971781104644
107 0.9603376546978171
108 0.5301868723971128
109 0.6204212273607242
110 0.499648022903791
111 0.8267233095296442
112 0.6756622226143992
113 0.4870969562297656
114 0.9457461922011003
115 0.4726578725609101
116 1.049104433712676
117 1.0486996962048636
118 0.7832726237226939
119 0.8064654540207612
120 1.116646710943638
121 0.654076895137608
122 0.9403089810083298
123 0.5195305314903067
124 0.42816769433458723
125 1.2812462873839496
126 1.1279529148636933
127 1.053355223452355
128 0.3614403927080829
129 0.37223809635908905
130 0.3826622901915785
131 0.962616307858293
132 1.7227793320617368
133 2.0172394428109444
134 0.26655859233728685
135 0.7353439018746366
136 1.97947925554951
137 0.6579123441342571
138 0.6343103147324944
139 1.9567261951597767
140 0.7649858005187482
141 0.6318257568934991
142 1.1166820660110754
143 1.0991288743720173
144 1.1993514600728785
145 1.9897991394572132
146 0.7969424637560403
147 1.6333728665476097
148 1.3535728720626314
149 2.0263198380887086
150 1.0159263064895236
151 2.075542678970801
152 2.284870917586235
153 1.0310455240302911
154 1.306719527424565
155 2.108480486026394
156 1.3145518669513574
157 1.1416905117659337
158 2.7852695979590276
159 1.1164505925216113
160 1.0138055127882497
161 0.5392594357055303
162 1.055218384419881
