0 0.5747521657971875
1 0.2286624095870016
2 0.29415086739668983
3 0.27494037081397227
4 0.21309639092914187
5 0.20674931292487936
6 0.2128650178948532
7 0.2848242010950772
8 0.21566607696999684
9 0.6136246761362287
10 0.21048286352383622
11 0.2320787655049172
12 0.45816177005778547
13 0.2203938415979383
14 0.22535220334213657
15 0.18681507146801896
16 0.16740219381111843
17 0.2533871054984347
18 0.31897187141438216
19 0.2316926009750558
20 0.29813597590437657
21 0.2517246164763597
22 0.4273653481835774
23 0.20693195046232876
24 0.6484642982313626
25 0.4292786739845152
26 0.7628695184814621
27 1.5491421528860998
28 0.21391647478777365
29 0.2733859229485292
30 0.2899924033739282
31 0.4651720918714961
32 0.31132170071627985
33 0.23679008981839694
34 0.2707174987745274
35 0.259031664601983
36 0.2473169727897103
37 0.29183019157825196
38 0.49143097106895606
39 0.26922715563183086
40 0.9615796152308881
41 1.234872110996396
42 0.1680865491134349
43 1.5104376601576541
44 0.39927437357705253
45 0.2671589135679431
46 0.20114906526262943
47 0.24577320610751321
48 0.22480497597366578
49 0.2143527267836609
50 0.23095155594908862
51 0.3049104614640636
52 0.2549636720305448
53 1.347119968172347
54 1.0062400952565629
55 0.25680862681504646
56 0.6206571602586888
57 0.19030142049806642
58 0.4673804394592166
59 0.24125233222882608
60 0.2772164022855352
61 0.2233787351910969
62 0.29321141098145775
63 1.0042718161908528
64 0.6016213795728746
65 0.3912089604647885
66 0.3433204068370394
67 1.1421045930409675
68 2.272062863513991
69 2.1300336363813868
70 0.8985163705886909
71 1.8048082092157929
72 0.5224083969916771
73 0.2942711494302379
74 0.7565370644499225
75 1.3029740844087228
76 0.9023031458342416
77 1.1015508842668897
78 0.5559528031728543
79 0.5584785976121063
80 1.4208634827581301
81 0.379030502693514
82 1.3926050871875921
83 0.481402445302483
84 1.0434734876295608
85 0.4959947634230135
86 0.384566548531245
87 0.24457297607505024
88 1.560599555587055
89 0.2857517714745476
90 0.5090528018106262
