0 2.7161752772086096
1 2.8363176715892418
2 2.454801197281235
3 2.520881391454828
4 2.693988277769961
5 2.6489188049200636
6 2.4917304291422626
7 2.305785929399174
8 2.6075602005948415
9 2.0551122049774664
10 2.722973842664585
11 2.368795153338713
12 2.996727454264695
13 2.9437112315969918
14 2.828669543873338
15 2.7966452651894205
16 2.8566930214315214
17 2.6997914484523253
18 1.7469032390365293
19 2.4624781651275
20 1.7934519283657755
21 1.7614621394170014
22 2.1228120337945415
23 2.4645312702602338
24 2.3867741343729185
25 2.4567827001197284
26 2.884783526209525
27 2.7361370512950693
28 2.8842456809581996
29 2.5764021106278037
30 2.861959896552817
31 2.6994996398914544
32 2.8149381854201265
33 2.875895362218702
34 2.934281962676685
35 2.9526834589292044
36 2.860735977831753
37 2.9488474684381334
38 2.42374945564827
39 2.7695745388098176
40 2.746973325507441
41 2.7570095727432826
42 2.715691159163848
43 2.6500536626655915
44 2.6899993739316344
45 2.625692474871661
46 2.771401535593894
47 2.9089224238860547
48 3.0265320679110697
49 2.6595180519128094
50 2.6581529408625846
51 2.6862696869616247
52 2.236999749460338
53 2.8518893249015003
54 1.9300500932543867
55 2.1446137212580823
56 2.358371787120653
57 2.5480187707119257
58 2.9245976507998748
59 2.3779693229913565
60 2.984598930676258
61 2.153895234695543
62 3.144911748414643
63 3.253764175832666
64 2.116105088271452
65 2.15620638556066
66 3.1089084796186706
67 2.14182339891226
68 2.5529204013128295
69 1.914260960031815
70 3.295345028646137
71 3.029788644623422
72 3.06574644023235
73 3.328578029648976
74 2.3882675875307973
75 3.277174068808025
76 3.189332989762814
77 3.3027035737917787
78 3.1850694335174365
79 3.3554592847330866
80 2.4665654805781654
81 2.7467000259212706
82 2.6650863192342227
83 2.3454526777582685
84 2.5229892833709116
85 3.0111179114613726
86 2.2695818540861326
87 2.577226486888769
88 2.59836463173192
89 2.7930510205453247
90 2.5703949502244807
91 2.59887860508712
92 2.4680799811357557
93 2.3369054235761593
94 2.301601331676973
95 2.640716563802326
96 2.963446304332895
97 2.817120126140692
98 2.573826465811368
99 2.784936916623196
100 2.731503083233492
101 2.734734589799202
102 3.0733492625896557
103 3.081641937675596
104 2.67633411691717
105 2.930233802792663
106 2.4787768846670515
107 2.880731650002085
108 2.6097345171163777
109 2.8781430593108537
110 2.5727941941757457
111 2.1782459385181876
112 2.7104550164526273
113 2.4108973302915273
114 2.643564135338737
115 2.541415108829737
116 2.128027388037354
117 2.3042257361471337
118 2.6965891607603045
119 2.5952495774678583
120 2.4411860432477877
121 2.523518623615141
122 2.6449550395793855
123 2.6915399995891134
124 2.6729062333551514
125 2.5770344927981883
126 2.67801945000902
127 2.734464085149362
128 2.60258570145951
129 2.832422149726689
130 2.7867447294315335
131 2.465625386813703
132 2.3855050420269253
133 2.6475095747246398
134 2.675917542382253
135 2.4287244182031094
136 2.18444810900187
137 2.5873276941236183
138 2.6570945368919983
139 2.4292990614030834
140 2.2318543145703993
141 2.807670090652716
142 2.3795361584639885
143 2.252045588594443
144 2.6603827389970105
145 2.261282942192908
146 2.790209397101389
147 2.8020290234097915
148 2.444003229032733
149 2.7279118019469504
150 2.388971153545174
151 2.6581483101992145
152 2.3975530344476574
153 2.9481448689700622
154 2.8516005392555788
155 2.7869648262950726
156 2.830188363823998
157 2.767963408916853
158 2.7781765881109215
159 2.2964753715930932
160 2.9096758034499777
161 2.937174718251849
162 2.996267347272785
163 2.349528482391311
164 2.3720071361543393
165 2.813271629809264
166 2.6785535015040227
167 2.943210682701838
168 2.966358151654126
169 2.838687271024831
170 3.12185444274333
171 2.8545384866592034
172 3.027044063952222
173 2.6107782783903835
174 2.642086228387793
175 2.589450669533557
176 2.855359750926857
177 2.2506666042667027
178 2.043374284107501
179 2.7467170575149464
180 2.721149597252816
181 2.5804728794968295
182 2.6183852236110274
183 2.68909731214145
184 2.5657772285593747
185 2.674862745802482
186 2.20974811356196
187 2.525597677986973
188 2.6471984390513894
189 2.6448648392956757
190 2.5054595082241096
191 2.541144194626939
192 2.5031742988692818
193 1.7449711624397743
194 2.258296297096164
195 2.18473627145561
196 2.725658444708573
197 2.259045304653486
198 2.1441299688989317
199 2.2156929212733703
200 2.2289667558726687
201 2.3903238522399484
202 2.197635569075684
203 2.3421111960422714
204 2.8119760117575936
205 2.2201140702814497
206 2.3492248076012556
207 2.043681209382555
208 2.357326442074364
209 2.321109469883421
210 2.339330582733501
211 1.8429033848933782
212 2.126218901412884
213 2.1667693891388873
214 2.2143565150932787
215 2.0657258290355074
216 2.642944575720376
217 2.772301609973434
218 2.688438931430576
219 1.8777654042954628
220 1.7582201447474566
221 2.6640394708592945
222 2.6170934150310647
223 1.8473195212798381
224 2.1552983220456388
225 2.4321404043721024
226 1.7068108258616155
227 2.8689999376153255
228 1.734210670243693
229 2.577332897348672
230 2.2334944276365487
231 2.8072179728313325
232 2.9189189080092817
233 2.9828092474638854
234 3.13549196532989
235 2.8202849474835916
236 3.113740921468538
237 3.0849473682363007
238 2.820958125862089
239 3.134744960651238
240 2.87343819225568
241 2.86813948385796
242 2.7980658092560473
243 3.025586487503946
244 3.0885318433362254
245 2.611890672827327
246 2.331514325984685
247 2.6329940553899567
248 2.4632159815852543
249 2.9171774830976593
250 3.185059230590928
251 2.85406254274673
252 1.7080238909114385
253 2.172210349412265
254 2.061777912353798
255 1.51129306482955
256 2.245793799945747
257 2.6926866145416763
258 1.833831400488184
259 1.7173690151595937
260 2.394363407580186
261 1.7981698447554328
262 1.775290564591173
263 2.0115032490280846
264 2.3223057559479705
265 1.8259932824531195
266 1.7689998868763106
267 2.2265809566955195
268 2.5938250554258495
269 2.98009611552064
270 3.033688293345943
271 3.155626277748264
272 2.6999695637328927
273 2.0872512420629454
274 2.4365076967747417
275 2.39177203797634
276 2.5854852835546613
277 2.230916772200871
278 2.6957324725412697
279 2.546935566009804
280 2.758637052373465
281 1.7632730831230468
282 2.524130689938571
283 2.251742100356005
284 2.468058751305964
285 2.0684872283690767
286 2.7499776672325047
287 3.0248112413223778
288 2.7348491253389833
289 0.8106590097523345
290 1.6063543298225629
291 0.7172098148430157
292 0.815787003924262
293 0.9439511149921602
294 1.0722588021166466
295 1.1011926168649744
296 0.9598945447981182
297 0.9089242043640068
298 1.199390941993784
299 1.2025032443713375
300 1.6915688642241933
301 1.149182720720532
302 1.6645778078590945
303 0.8951247119597884
304 1.384877336978473
305 0.9905432562837283
306 0.9256418238811444
307 0.7391841811619329
308 1.154935411449431
309 1.9547680362476108
310 2.5636134037980898
311 3.0702665593445118
312 2.97951000655949
313 3.189744152127147
314 3.2703921455687075
315 3.0172535870661195
316 3.104607417781967
317 3.1089427087618144
318 2.3114866637390112
319 3.05545294446498
320 3.124779200664831
321 2.779067619915737
322 2.9866969806902928
323 2.7712067745141904
324 2.7185217598924645
325 2.9950309019201056
326 2.8533579076467257
327 2.933929280292321
328 3.0933088168616774
329 2.414933301305557
330 3.3216590296432384
331 1.2882805014745018
332 0.4747047574320396
333 1.1450248588249408
334 1.633484853420197
335 0.8284376641184086
336 1.0957743077913302
337 1.6047253859417316
338 1.5577764132587306
339 1.1895945388899551
340 1.1158967216846416
341 2.2796156247929145
342 0.5418803685893396
343 0.8365719527172519
344 0.8571183815061059
345 1.3130672345738614
346 1.394420453921165
347 1.0719715442218642
348 2.122988397710757
349 0.8790070530806736
350 1.5376544327400388
351 1.321312493762501
352 0.992811442168557
353 2.5289598454978224
354 2.059430353859048
355 2.830871309547603
356 2.9223478809144776
357 1.186018354696706
358 1.6018527572631633
359 2.069016909331478
360 2.61074713702836
361 1.7020015696087176
362 1.588963743243872
363 1.6164172700694412
364 1.3660760416720124
365 2.908949492496888
366 2.0113658453511913
367 1.3223638571341618
368 2.832268161505838
369 1.3799879544156926
370 1.8322827203059422
371 2.5304197347862747
372 2.6820102762056317
373 2.705215998314689
374 2.4810149453580586
375 2.879096733468924
376 2.4720219897215374
377 2.9989200274010135
378 2.7189494710141093
379 2.7738348488284137
380 2.6217343825438686
381 2.6400211711582124
382 3.128178465556786
383 2.6739548998103175
384 3.031135316763696
385 2.9653128742153303
386 2.9673097394810437
387 2.7555365842434094
388 2.535429784436004
389 2.9100378338075017
390 2.302735217729367
391 2.9028316898867246
392 2.848937692344597
393 2.6905387532166607
394 3.031015736478839
395 3.0654093724968554
396 2.1850619002337734
397 2.2802550090616225
398 2.217869592329424
399 2.4065440923302717
400 3.1612753924675294
401 2.3824442228178917
402 1.9820513554601584
403 2.4385793423613733
404 3.1273523795802296
405 2.7854690052017173
406 2.688650106706807
407 2.0493670312389884
408 3.2399595263128482
409 1.9814672882322903
410 3.0227877893001844
411 3.129009108769533
412 3.0532599486062697
413 2.9894803435483515
414 2.6434350138435585
415 2.7132296341823556
416 2.8234984664904133
417 1.7689274796422139
418 2.5906826548917623
419 3.2592822437682165
420 2.3668720030620976
421 2.103190331807376
422 1.679296131476477
423 2.2765475111795683
424 1.4886494217224462
425 1.1539313750975397
426 1.438159293076235
427 1.773530028557637
428 2.541867852676245
429 2.3872446264003537
430 2.179622197957917
431 1.877980464140265
432 2.319572213694404
433 2.5124532486751647
434 2.0023675804763634
435 2.2138475487147096
436 2.5479527966453333
437 2.556492666114491
438 2.3220061710235456
439 2.376707262211469
440 2.765159588228228
441 2.804293986342348
442 2.440482897190244
443 2.6779142621564667
444 2.0564602562873877
445 2.248305874159364
446 2.6277473632382327
447 2.2948539413911986
448 2.1701192296030927
449 2.8348799526383326
450 2.084468036799474
451 2.0224529274758005
452 2.4193641820549954
453 2.5350165168395886
454 2.797339950832899
455 2.8636597528830707
456 2.2383825125792955
457 2.846645075180629
458 2.6181977322925976
459 1.5492195788136585
460 0.5796952164152196
461 0.9991426592616154
462 1.0752770872877915
463 0.9735332940688116
464 0.6762018159207426
465 0.8688214386120342
466 0.9291837137033512
467 1.1365246581943214
468 0.8153468819124503
469 0.9508770862775842
470 0.766815003797646
471 1.048255033362349
472 1.3643527675093932
473 1.1003803394283458
474 0.9411855471433961
475 0.7359765799800034
476 0.5518560395888865
477 2.707464013602209
478 2.7234598239582426
479 2.203978991864325
480 1.4990941492459084
481 2.2637069315885574
482 1.4416683674558977
483 1.0743396392382327
484 2.659098373086384
485 2.0058439125303007
486 1.3751017896723357
487 1.4077089333086041
488 1.9587542519235193
489 1.9674221495330533
490 2.578549433463603
491 1.8991703988677178
492 2.6874218614949097
493 1.8424709815218243
494 2.3168040534012246
495 2.074339689712894
496 1.4274886502321888
497 2.7696162838857874
498 2.143394029435851
499 2.145179740268084
500 2.59493761383028
501 2.1049605544864174
502 1.9981240913861564
503 2.6313093650403063
504 2.3016956551751875
505 2.2103640975031293
506 2.169888009677874
507 2.0249906058857494
508 2.528467777455029
509 2.5495520228375006
510 2.570374911582641
511 2.601992439077775
512 2.697352918808561
513 2.397442677434252
514 2.5418135754666418
515 2.3848941937615384
516 2.5998492971243006
517 2.510937096385854
518 2.3575105451087865
519 1.9466771436729258
520 1.6758043928705915
521 2.1118560912316147
522 1.9189946112004796
523 1.3039289901975466
524 1.1878243826722452
525 2.559393350171452
526 2.214508617475957
527 2.0514402363199093
528 2.3387944912284198
529 1.9076188334844735
530 2.2437895597938073
531 1.9360936466971663
532 1.7174018279930383
533 1.8701720320711315
534 1.7121325109425518
535 2.387606191567586
536 2.047754035191942
537 2.761630333888248
538 2.6434987514610615
539 1.9856220939581637
540 2.836100274444304
541 2.9575580348377493
542 2.2228765040419165
543 2.8794285702531193
544 2.8099297453314085
545 1.7093873777388398
546 2.2701404192745254
547 2.4754089399521084
548 2.4203586106687625
549 2.0078327945832175
550 2.2486070972007495
551 2.185227950232477
552 1.8341518386165783
553 2.1797614771981553
554 2.0823740988659596
555 2.607976679974877
556 2.5736638755865404
557 1.9890116179442254
558 2.515312556429323
559 1.9394190694604643
560 2.4500987915574415
561 2.6501728624678615
562 2.5525900374616795
563 2.0932826220406797
564 2.4257654273923857
565 2.6543813904823157
566 1.9715268829203103
567 2.7997811582942242
568 2.552441911679402
569 1.6108590967817
570 2.7633831078278845
571 2.350975466283697
572 2.718744022106137
573 2.0839245463957647
574 2.633613403770772
575 2.0325053507352706
576 1.8325639637170936
577 1.4075977722670536
578 1.215674946724488
579 1.8802723667671883
580 1.210856727642474
581 1.5418438748366419
582 1.327513167863959
583 1.9765503289469182
584 1.816229567045745
585 1.5590131572946817
586 1.8003084134911884
587 1.791358917106551
588 1.27733104206563
589 1.51038928507823
590 1.1504444958073885
591 1.5682347415411508
592 1.5745089687563318
593 1.7501580913775765
594 1.5052214778408417
595 1.7413575673074768
596 1.6535632803172033
597 1.270478114992922
598 1.25631940249565
599 1.491919460689294
600 1.2527843139200183
601 1.746536248936167
602 1.4732141898743134
603 1.9213507092557425
604 1.6940090366700038
605 1.981126996097064
606 1.8110486970769246
607 1.3315607222103365
608 1.451476927705321
609 1.5510578554079193
610 1.6994227946775484
611 1.6181370764500311
612 3.0369031740717034
613 3.0692116822640845
614 2.818616846001925
615 1.383301832818976
616 1.7566723131387292
617 2.9074289785387255
618 3.140158103709802
619 2.12998207997022
620 1.7163555542886626
621 2.9682027500416
622 2.9173761228805217
623 2.9078868327128413
624 2.1644043857094393
625 3.07078015727579
626 3.0971219347059487
627 2.835462843050976
628 2.998160930253241
629 2.404711969442067
630 2.990089530778909
631 2.814184844769885
