0 1.4228447910536421
1 0.5208634540426879
2 0.5377989019094068
3 0.3993868530438375
4 1.271502040166504
5 0.224643255495393
6 0.29280747574413646
7 0.25101163883309396
8 0.7082602435064355
9 0.37329907479664304
10 0.2981796379215452
11 0.332917671906637
12 0.34052785401915536
13 0.33708010155373114
14 1.2352150849893841
15 0.6454200231272167
16 0.925309861948459
17 0.6440278645353487
18 0.2537485531067657
19 0.29767916159648444
20 0.24433623830645618
21 0.8408110012520787
22 0.8218852784620074
23 0.7817890308436468
24 0.27294952273148
25 0.38752308208649094
26 0.1589240595813238
27 0.29032139118699973
28 0.34402321623753035
29 0.6036506018296798
30 0.2186104032680053
31 0.7028071046148875
32 1.0455098262604434
33 0.2760491214428655
34 0.7936924942398431
35 0.7946564624452133
36 1.1739720550960924
37 2.0288963406442018
38 0.7497221682219481
39 0.7507616486080751
40 1.0754658170452323
41 0.48748369105279465
42 0.8372405736505495
43 0.888759934433798
44 1.9020716859195714
45 1.1011964908583667
46 1.2084483138021325
47 1.078724798311701
48 2.1778940528633965
49 1.9101217134900186
50 0.8325337731623541
51 1.3216463452002374
52 0.43588192109762186
53 1.0426179323027016
54 0.535296433446347
55 0.7989090900591578
56 1.4438784112284062
57 1.4380605591186437
58 0.782056933360674
59 0.8550141863028392
60 2.471353016218075
61 1.8196488695795345
62 1.0596188860228355
63 1.1917600749147077
64 1.0623103095563975
65 0.8663101309697034
66 1.4600690749064058
67 0.45900483719536106
68 0.9324205859021935
69 0.8540825819548535
70 0.38235297408670554
71 1.2391029207922524
72 0.3405432475841422
73 0.3824306824567875
74 0.3668119814243539
75 0.3965773333031753
76 0.3443844614394461
77 0.40101691088524044
78 0.34840485023542744
79 0.20612991111052897
80 0.26101880445417447
81 0.32851899615750324
82 0.3962125115255326
83 0.48371418216800055
84 0.33848227033007516
85 0.2533805311638752
86 0.34587975733973775
87 0.3004085339120659
88 0.30254564617622004
89 0.31842980280516864
90 0.5715891284251884
91 0.34433203838805404
92 0.33043638251419544
93 0.2694389718081153
94 0.38754647493701555
95 0.2998894718345389
96 1.019646327135542
97 0.530665686203269
98 0.4913787499544584
99 0.2947707243876956
100 0.3031182061851574
101 0.5376516428694182
102 0.4103524697906982
103 0.6090966560426405
104 0.2400391737293085
105 0.44807036608622586
106 0.28426513816322074
107 0.2953954570637801
108 0.39034175935120424
109 0.275866798144456
110 0.35527536985437697
111 1.0572533827287005
112 1.1762775010106488
113 0.9934791295460426
114 0.4409095857948212
115 0.2575416949671917
116 0.23128006988097355
117 0.3756557465103379
118 0.525282263069276
119 0.6070792160088267
120 1.1364533534560004
121 0.3035087930231016
122 1.0572519537524245
123 0.38627777686168163
124 0.5413307644261249
125 0.19859311832362975
126 0.23673229111557237
127 0.2668413685294278
128 0.3562916695092454
129 0.7641660888985242
130 0.4006092911133166
131 0.386022181966474
132 0.2601661132513375
133 0.478727241384223
134 0.5775416553874475
135 0.6349184134325256
136 0.39039936032393674
137 0.3343704678215228
138 0.33375945632472004
139 0.40824778726554306
140 0.48146251256160144
141 0.38649497730822047
142 0.3851674365147466
