0 0.7379245113439007
1 0.41564996713739466
2 0.5263921884852527
3 0.2840048555394884
4 1.4901439102745755
5 0.8594377051088384
6 1.878825583106988
7 1.7478888699625472
8 1.2480045900836703
9 0.9839319775268669
10 0.3540173856538417
11 0.3483994442821805
12 0.9315027230317848
13 0.4288328591930144
14 0.4043547233273182
15 1.9486512283016184
16 0.7311328607717551
17 0.8996040175337487
18 0.37188891363912663
19 0.3912117090434378
20 0.9400614700615875
21 0.5247179260950103
22 1.303502788880921
23 0.5856034102166057
24 0.9536974302674648
25 0.9863443500435292
26 0.28759035319868176
27 0.8809056799606323
28 0.6104648139644506
29 0.38919212085723054
30 0.643348375907539
31 0.40489613815086734
32 1.2350831766524268
33 1.3522204209386417
34 1.032621506422133
35 0.29902546004388053
36 0.6699356759218855
37 1.6194672302649988
38 2.6965131874609485
39 1.1253340262622065
40 1.7748217572664273
41 1.120632465082787
42 1.8036004910575059
43 1.1107974677580903
44 2.539691195015152
45 1.3819041062897313
46 1.6697737372331907
47 2.1070222067359867
48 2.2406547240430212
49 1.530406537148904
50 1.3788188466486928
51 2.089013809800701
52 1.8054782271918597
53 2.0779454467738976
54 1.7187105283752455
55 1.1137478408447485
56 2.460505861426826
57 1.9836224363330064
58 2.3486508785267795
59 1.228226583917404
60 2.827802291863496
61 0.9460180652055226
62 1.2013930318904102
63 1.8031787630290554
64 2.4953256910942083
65 1.1679270658239975
66 2.341437198707938
67 1.5890431448228903
68 1.1048832912505202
69 1.4608294470841368
70 0.7270179947357627
71 0.8901270705763042
72 0.6572954461839878
73 1.3454480938946
74 0.36740595730914705
75 0.3655870597841692
76 0.47437304821190057
77 0.7306750019891032
78 1.437877742846356
79 0.29995384019075577
80 0.518872406910935
81 0.30214110239093905
82 0.2878253900790878
83 0.3136861559811448
84 0.4509854926853197
85 0.47901929403704624
86 1.4693390143164153
87 1.0163945413709738
88 1.5994592952704503
89 1.0205252319084082
90 0.9774584456429275
91 0.8309582409065754
92 1.8810154824734662
93 0.5097223086722138
94 0.9167265996675055
95 0.6027789948685092
96 1.4486528651646622
97 0.28502721439138046
98 1.592960421327962
99 0.3168355641833455
100 0.5856730340994056
101 0.5611725650253919
102 0.4433756409053915
103 1.1509183966017844
104 0.5571513175210393
105 1.189021108321047
106 0.4641525300559778
107 0.4084649666659701
108 0.6420978918465109
109 0.9030895316585426
110 0.537279649706234
111 1.6508584528116614
112 0.48810366528966354
113 0.5975820113527719
114 1.031226076169768
115 0.4553718489789725
116 1.5290827498862098
117 1.3426174692328239
118 1.150331485301661
119 0.5950383943603904
120 1.66907922784968
121 0.7329370259580548
122 0.5761567740885079
123 0.5784346132386118
124 0.5096530739684803
125 0.4196704112146419
126 1.0463659963413894
127 0.7121163493332554
128 0.4696729387274037
129 0.7624167574243716
130 0.5001465889133956
131 0.3669972175563806
132 0.2925204473255286
133 0.7025303245303419
134 0.7227153119186107
135 0.7514226386669961
136 1.1635731472848514
137 0.7636927516321141
138 0.6317037608262754
139 0.4926917161826374
140 1.054700525782096
141 0.9666187293034183
142 1.1524871286647616
143 0.40046656329538094
144 0.32999694271489066
145 0.31120996903838066
146 0.44149637644300577
147 0.6415373576760068
148 0.6683447817234186
149 0.5404092412678942
150 0.8549055425210312
151 1.1045280497721202
152 0.8551282656732021
153 0.5187144714736244
154 0.44785717507587874
155 0.4270276587006385
156 0.4407296695563661
157 0.5429316518387326
158 0.39964131640480083
159 0.5207414213821997
160 0.4052512263351834
161 0.6296915173739184
162 0.5164535019094656
163 0.7985833840635885
164 0.32815548449899934
165 0.3776367454953977
166 1.428395411767021
167 0.449710739630671
168 0.4243346448837484
169 0.9546133357315287
170 0.6553315904614414
171 0.8445044014792393
172 0.9271322156638824
173 0.8995873671014789
174 0.6062123773276368
175 2.523411618842612
176 0.6053082642171499
177 0.4459728038185197
178 0.4589499654484933
179 1.4617668707751605
180 1.1806258683834518
181 0.8018465421207814
182 2.0112961353712815
183 0.9524309761510894
184 0.7933064872246018
185 0.932338032776561
186 1.426875184206314
187 0.5532647138015041
188 0.7006559510482198
189 0.7638625832208606
190 0.37538372848643853
191 0.21041999811175938
192 0.23576390626347313
193 0.3398603493679989
194 0.3496155961976445
195 0.33482448965570133
196 0.1576164577976705
197 0.44404526990875204
198 0.25034039899236615
199 0.24790312118939872
200 0.1839629668791133
201 0.45775628466128776
202 0.5400816192746769
203 0.34730262456468397
204 0.4586686912972733
205 0.280228430396009
206 0.19389120882266986
207 0.2998043296120932
208 0.18571687142295096
209 0.31165800588065673
210 0.3555704825041195
211 0.5386924249181428
212 0.40050412703535476
213 0.16436634207843429
214 0.31310258920119194
