0 0.19000278319959366
1 0.10323580274283191
2 0.14295183768905262
3 0.1760301958044177
4 0.22862066361855826
5 0.15230507627177786
6 0.15620981834061598
7 0.1830212462898804
8 0.2929593786721292
9 0.12280238711748007
10 0.1862599287779241
11 0.20799541839101393
12 0.12623930853004026
13 0.21141302269678763
14 0.273429057923674
15 0.2623128658391001
16 0.30213296643753795
17 0.1539716695769464
18 0.1513095459839634
19 0.0924804558409543
20 0.46731849280777926
21 0.3322409004384631
22 0.38925024906843586
23 0.11486007840902485
24 0.15301463859021622
25 0.26417177961375
26 0.21816493376987356
27 0.24157846409691522
28 0.23270088906639103
29 0.20701940870337315
30 0.26323684553777604
31 0.0951629163755446
32 0.27269283105028985
33 0.1868948060551435
34 0.1773699166371631
35 0.15625859558462707
36 0.5600794478653369
37 0.17671379887346228
38 0.43137323386363224
39 0.22085626150504914
40 0.1791532771011975
41 0.24340925002380093
42 0.503291811797714
43 0.3495577369844721
44 0.6312444844743395
45 0.220492906294999
46 0.12204527642745101
47 0.2586500805089401
48 0.28098961200650047
49 0.21225983616451277
50 0.1657384206693206
51 0.14693413698987676
52 0.19227373159801806
53 0.22062444084603733
54 0.17507103439823696
55 0.18026876777402884
56 0.15200507143251268
57 0.18383504041192383
58 0.20996769071312643
59 0.252335883059576
60 0.1930683010436705
61 0.1735191263132983
62 0.16051942593716903
63 0.11702787456995903
64 0.15382463738931906
65 0.20448891255659715
66 0.20456540047824445
67 0.19359803577304596
68 0.2706631738574068
69 0.12385430628222793
70 0.20048135985393656
71 0.15726980215597025
72 0.19408766617693102
73 0.20867869457008298
74 0.14451630964713275
75 0.2797077256070114
76 0.13938215841925508
77 0.1569808490398984
78 0.18983547708433235
79 0.2178493761217405
80 0.16764729541293433
81 0.26057441376944546
82 0.3379784957583669
83 0.13030855313282255
84 0.16916754440062476
85 0.2910209068737051
86 1.944499323164779
87 2.051224875578733
88 0.6441456118857644
89 1.1232877778727066
90 1.461890928702895
91 0.46117817623093277
92 1.1077538292955038
93 0.7653667531856874
94 0.6832366343617309
95 1.348572451948494
96 2.068043465636694
97 0.8721735186390195
98 0.6266383220715224
99 0.7064694647083617
100 0.809651817523281
101 0.6571516604443903
102 0.7298008165548191
103 0.9516049473915467
104 0.38969691220548974
105 1.1495065189258966
106 1.657494442969177
107 1.0062035804720866
108 0.5797714364824539
109 0.3828971217250183
110 1.9481607085428192
111 0.6180080112258136
112 1.2950464724654913
113 0.8967925316175536
114 0.5302234931798259
115 0.154685740942439
116 0.38861090090046785
117 0.4222286509638162
118 0.5402498027234915
119 0.16151577200053802
120 0.4279672966405579
121 0.3972596885267704
122 0.21758913780540665
123 0.4313730011720828
124 0.20960537485094646
125 0.2810649330379632
126 0.16099419747943677
127 0.1698766253835035
128 0.4616132684359936
129 0.29638887759577914
130 0.2608233697788189
131 0.18449554569032633
132 0.2808889322141856
133 0.1775198921352238
134 0.398370920975069
135 0.37692855839349015
136 0.1862686852651947
137 0.25049110590150786
138 0.5537190627618241
139 0.42795933433895816
140 0.34165617857090436
141 0.1978488156776465
142 0.18576860711509546
143 0.23846412507367346
144 0.1730093708097964
145 0.2514737697489365
146 0.19771003705294907
147 0.27853876500127256
148 0.22619910048519043
149 0.18003677336601068
150 0.18958419317414393
151 0.2847388675242316
152 0.22188980087773602
153 0.36083315920554554
154 0.16892561131228723
155 0.19968989073215349
156 0.17390573763000625
157 0.26833271492505995
158 0.2575501000290754
159 0.27072012315825866
160 0.310198087256825
161 0.5006008172628749
162 0.20759914903525256
163 0.3148038523097536
164 0.23735264677331244
165 0.31595878355903784
166 0.21032680707551335
167 0.2352045884626897
168 0.8359753976891238
169 0.6688618684640995
170 0.5824768468862627
171 0.4900982418562272
172 0.34041132310245625
173 0.6614039596817126
174 0.41232217695908824
175 0.435393271737993
176 0.857326517427695
177 0.2498367920230526
178 0.3820770284321411
179 0.6021176423084471
180 1.9572006459302798
181 0.44716452448983046
182 0.46618426636851584
183 0.65880281351525
184 0.673974429168114
185 1.5827824795189378
186 0.7775076899569974
187 1.6162634565185687
188 0.237834334839727
189 0.1840333502992877
190 0.2591763907588512
191 0.3537181426390129
192 0.2008684809518256
193 0.20921879966394916
194 0.19361388462708662
195 0.2547522853464439
196 0.2447994968210883
197 0.15324199103561217
198 0.24508826064311628
199 0.14596499883210012
200 0.12883459665220404
201 0.15049507367179135
202 0.26856471181078595
203 0.6029859127717393
204 0.2774858883619931
205 0.21668538607586207
206 0.35479125704136255
207 0.22758387543370617
208 0.2480509031183789
209 0.21689026811931317
210 0.2522917569531842
211 0.08729096418380188
212 0.15200632094874997
213 0.24625118438235438
214 0.16086787586486329
215 0.2753432654255764
216 0.18878746911065789
217 0.1688474498332045
218 0.35371253294341326
219 0.32875250740532824
220 0.255648856711472
221 0.10982500571985213
222 0.21258246396243252
223 0.2367610354669405
224 0.31252988491701883
225 0.4129095331007121
226 0.30290261578795963
227 0.2850701680555233
228 0.18645974290260864
229 0.18009015804580666
230 0.2917589416782851
231 0.22624114803214387
232 1.3242844862012797
233 0.1645256649981825
234 0.1301572525293386
235 0.24703246322307915
236 0.21282343500555562
237 0.2146458864713222
238 0.2017757216512236
239 0.18600824963805318
240 0.30042464702207095
241 0.4643420217942714
242 0.44983451089513254
243 0.5181507965211111
244 0.3950939885553527
245 0.36664711267744027
246 0.28554334567147577
247 0.331373829673599
248 0.2746473512693192
249 0.32785531618650054
250 0.33211998280179356
251 0.8385778381496314
252 0.22857256415233132
253 0.43646123241508583
254 0.28480501008760645
255 0.4808270435259775
256 0.2474340438963598
257 0.3407459317821358
258 0.6326703349682238
259 0.183135605061583
260 0.4412116780128367
261 0.40180992554729394
262 0.3734182400073592
263 0.14175064461416909
264 0.19138032167401609
265 0.22471739065118046
266 0.24007451530816595
267 0.25694850457163265
268 0.20265849919983042
269 0.5053444756697917
270 0.22837819538023074
271 0.2415208823206734
272 0.4718075207120874
273 0.2729625698491139
274 0.31137545062996963
275 0.09978350072896663
276 0.17409328607368846
277 0.2897718876798011
278 0.13807329241799438
279 0.19747156778645492
280 0.16005020995993344
281 0.12211937416999938
282 0.23222831495879762
283 0.17079886343674294
284 0.25717628101753864
285 0.2288670453429069
286 0.10151341866304259
