0 0.19019384557863755
1 0.11110237984013065
2 0.21776305846699723
3 0.2223750689427415
4 0.18516030947494683
5 0.24478278157184558
6 0.2509629370540793
7 0.1819153118414975
8 0.2534554772997473
9 0.12504925117969726
10 0.27570349499715957
11 0.15707679587000672
12 0.21393067753033435
13 0.16432153828180068
14 0.2195540532503918
15 0.1625211051037897
16 0.2880937007203813
17 0.22664729836085024
18 0.17442457491892915
19 0.1232490398008295
20 0.14500714423515465
21 0.16503589088141601
22 0.36548130227043135
23 0.21576488868542706
24 0.30227402205461573
25 0.15567864347358207
26 0.46930939375773284
27 0.1484098469867997
28 1.07364026225582
29 0.18805450084315467
30 0.12282311469803396
31 0.17954408742295325
32 0.5200019438759365
33 0.6717192208633951
34 0.17978986012425452
35 0.21681179458613045
36 0.19036104828225886
37 0.18291064085524986
38 0.15018200670325965
39 0.9082636123287029
40 0.39587837532140707
41 0.1863087344933738
42 0.1987919910986068
43 0.17696545454619528
44 0.12035227784895457
45 0.22395234174267428
46 0.18480915119629718
47 0.19882648853173976
48 0.22782568150596993
49 0.21398408556626602
50 0.1582680886042626
51 0.1831893990068704
52 0.13059436235735977
53 0.12818663902386213
54 0.17256567115839394
55 0.1925698246375971
56 0.13451262041997253
57 0.15579405974626268
58 0.16402410174605678
59 0.24612860869175673
60 0.13834303630750813
61 0.19590166468968997
62 0.20725337081835407
63 0.30688232180928326
64 0.12594019678989626
65 0.10587398878708709
66 0.2218778884846307
67 0.16547014385265854
68 0.1646353759532439
69 0.1426757219326352
70 0.22132104019339804
71 0.22714411567426354
72 0.3473104922844116
73 0.32430597974157815
74 0.18484879650817326
75 0.13326326803020652
76 0.21866918247451894
77 0.41597132947883186
78 0.16262645386834867
79 0.16018117190773015
80 0.1790639789426945
81 0.1769000692688798
82 0.18837815734851174
83 0.16197646419427597
84 0.17432438323112745
85 0.12213156881480079
86 0.16334892033401807
87 0.1845983843121703
88 0.30067868950919496
89 0.12216758847046338
90 0.1423664857496185
91 0.1024008384901851
92 0.14747143801636295
93 0.23358516547295746
94 0.2860183801879803
95 0.2579548672259417
96 0.39529822738522125
97 0.1280966677696168
98 0.16241086684963477
99 0.1569622853657295
100 0.19190834431936088
101 0.20078656801174155
102 0.17581890994137572
103 0.1868025455097735
104 0.21215056421196693
105 0.25170214601203333
106 0.2669347957762362
107 0.16645825933866198
108 0.16889198384413634
109 0.17938708554583468
110 0.1986445272802958
111 0.11450220677635103
112 0.286132690679807
113 0.32677040652804823
114 0.4740901351000143
115 0.529916633560712
116 0.22583932870563794
117 0.14982393902136112
118 0.15973657380884398
119 0.18231602326824897
120 0.15945718868693065
121 0.12454555131038361
122 0.11860716826437193
123 0.10578181331751357
124 0.21936255560309284
125 0.13352764376683646
126 0.2187784394479152
127 0.21789776180319423
128 0.21393468634705698
129 0.1572232417398678
130 0.28381458939399473
131 0.2449214943999649
132 1.188239786129742
133 0.18501502607806158
134 0.23317827498278598
135 0.17115716224569816
136 0.5295689582622061
137 0.24341054928175537
138 0.6798485707538109
139 0.5205662980116925
140 0.3979429231681199
141 0.23481497357998732
142 0.6838405602196196
143 0.28337149092405906
144 0.2745082242364391
145 0.1962122575380479
146 1.1109878105645494
147 0.2394752322357302
148 0.2679630704370952
149 0.20364944032390558
150 0.22468744088094705
151 0.16331997420868033
152 0.8443515105536586
153 0.9512323252336768
154 0.8889913023257021
155 0.7006272331826202
156 0.9618558123421417
157 0.2661038363577934
158 0.929245821103912
159 2.1184802103473395
160 0.6786490104908796
161 0.9307588108748696
162 0.950148918168431
163 0.2618294628152261
164 0.2543555776816997
165 0.8267673001755695
166 0.8775809993962098
167 1.3292883677238538
168 0.8782510728087246
169 1.013261958564566
170 1.1168360736209406
171 0.5976188741459509
172 0.44262629185737745
173 0.9653951062121808
174 0.20536992259439915
175 2.0875874459776917
176 2.2728650456283486
177 0.4672487285286629
178 0.19598494860995286
179 0.3254314631834435
180 0.22477507523153245
181 0.38313191899862287
182 0.4308709485671264
183 0.2584172931552076
184 0.31420668971043464
185 0.3511473284929847
186 0.4951820931920249
187 0.2624642347886938
188 0.3258976468903786
189 0.3101311060369808
190 0.3139623015354481
191 0.4644136150464822
192 0.21293062276994668
193 0.3407910889953929
194 0.3927098117095881
195 0.5010637102032887
196 0.21606641259940912
197 0.5135484804429445
198 0.955056841425212
199 0.23901395082397206
200 0.3509924707272456
201 0.24382726195148668
202 0.2562760098703565
203 0.33586283551661417
204 0.14041092579660552
205 0.2052450350180635
206 0.2445745710774313
207 0.19783719475706033
208 0.2512877778282584
209 0.19651334473604634
210 0.2489427557831348
211 0.6167636943369278
212 0.42296787080893206
213 0.436980702391665
214 0.21482360809387602
215 0.1779929221652621
216 0.6621197048338995
217 0.16443074406422306
218 0.17960855207793208
219 0.1849192191403644
220 0.14208033948558701
221 0.8294587181686311
222 0.14796457156359177
223 0.1524386458024129
224 1.3322157372995853
225 0.39937506252289323
226 0.13165575388576184
227 0.2501212713629367
228 0.17978726301338105
229 0.19909056488031163
230 0.20506817840549102
231 0.17855500514806372
232 0.2025409550315952
233 0.17009113128596484
234 0.6290390219778822
235 0.5605380635442847
236 0.18198062514992763
237 0.30452306036301835
238 0.24994455014367412
239 0.2803910303206233
240 0.23522969480441625
