0 0.2630731827767739
1 0.20791366185590704
2 0.29298274241657524
3 0.15987134766540026
4 0.3132490578316719
5 0.2171415545531737
6 0.254666967222523
7 0.25070177102527846
8 0.22431217902740247
9 0.19344668157618589
10 0.29413969392869077
11 0.32766885339022944
12 0.25640663573373124
13 0.2073259153760897
14 0.2515516517078765
15 0.2535878674552071
16 0.32666370318709603
17 0.27751610783762753
18 0.27363786588378225
19 0.3338418467349726
20 0.2219585014335443
21 0.27408870349469816
22 0.3733796876375247
23 0.41408102961963983
24 0.4108440370798583
25 0.16472162693685263
26 0.342872214251159
27 0.2862760152049167
28 0.21512221358133343
29 0.18769301862812449
30 0.3594602063185814
31 0.2745284516083867
32 0.19431364203100732
33 0.2515881830827638
34 0.2517540535954476
35 0.21827476771520268
36 0.21423045110302008
37 0.2759422901539323
38 0.25150775029114186
39 0.3557345920899885
40 0.2751942745780224
41 0.2210650350189669
42 0.5601821928499326
43 0.5074267000790957
44 0.44003314773413543
45 1.8645128968523714
46 0.5107088642277744
47 0.7692139121916286
48 0.284606766735065
49 0.3680544744501656
50 0.6926458880470322
51 0.5445990812797561
52 0.7718580915065895
53 0.44399981230609964
54 1.3603168760487503
55 1.6002811253379035
56 0.7179874771211411
57 0.4336583367779112
58 0.6783056212661613
59 0.4722742777105455
60 0.627728809083296
61 2.080962228877975
62 2.3736589036365796
63 1.2889372151054714
64 0.5875549578418153
65 1.081617426957239
66 0.77222875470496
67 0.4656021429101718
68 0.8865330369113267
69 0.3775111258050164
70 0.6195548490695922
71 0.6134522482059573
72 0.2970174013583471
73 0.35773962719716706
74 0.42838311473429613
75 0.5896982289079068
76 0.47888618281963946
77 0.2999448907430813
78 0.8657197901193714
79 0.2440059096576908
80 0.2748937042034807
81 0.6789256949269054
82 0.4545978651217131
83 0.2387418893171822
84 0.2427151736980371
85 0.2654971339680594
86 0.17956180865118482
87 0.20804000793047417
88 0.4340950322817414
89 0.18539824629252688
90 0.3188802091133568
91 0.1646143391911291
92 0.21902227656418913
93 0.3135135224102755
94 0.18088435943094772
95 0.18065095095486103
96 0.20209019811546045
97 0.33370020833059666
98 0.2508337485287668
99 0.19785284540527792
100 0.15359452031402496
101 0.31508284648634755
102 0.27978971772128725
103 0.19997789736129618
104 0.3199200421901124
105 0.21054336985413818
106 0.3602403848312775
107 0.3407234326477496
108 0.2407254735435584
109 0.19942904382881316
110 0.3070234928267862
111 0.3854152912090374
112 0.6399928942232265
113 0.3239602387572394
114 0.26623561079990593
115 0.38324640174274294
116 0.22004025224780088
117 0.25682284542640005
118 0.34507915151422397
119 0.37837461318532284
120 0.3129580136829732
121 0.35192740329199157
122 0.2461586677447189
123 0.4275068380137487
124 0.4013539230957076
125 0.2599810574867562
126 0.35108494622351616
127 0.39706002917727423
128 0.38503435923150897
129 0.33001198748658345
130 0.28733177641174357
131 0.41289578675997624
