0 1
1 0
0 3
3 0
0 4
4 0
0 5
5 0
0 30
30 0
0 31
31 0
1 2
2 1
1 3
3 1
1 31
31 1
1 45
45 1
2 3
3 2
2 7
7 2
2 9
9 2
2 21
21 2
2 31
31 2
2 45
45 2
3 4
4 3
3 5
5 3
3 6
6 3
3 21
21 3
4 5
5 4
4 23
23 4
4 30
30 4
5 6
6 5
5 21
21 5
5 23
23 5
6 21
21 6
6 22
22 6
6 23
23 6
7 8
8 7
7 9
9 7
7 10
10 7
7 11
11 7
7 21
21 7
8 9
9 8
8 10
10 8
9 10
10 9
9 17
17 9
9 45
45 9
9 47
47 9
10 11
11 10
10 15
15 10
10 16
16 10
10 17
17 10
11 12
12 11
11 14
14 11
11 15
15 11
11 16
16 11
11 21
21 11
12 14
14 12
12 15
15 12
12 21
21 12
13 20
20 13
13 22
22 13
13 56
56 13
13 107
107 13
13 108
108 13
13 109
109 13
13 129
129 13
13 130
130 13
14 15
15 14
14 19
19 14
14 20
20 14
14 21
21 14
15 16
16 15
15 18
18 15
15 19
19 15
16 17
17 16
16 18
18 16
16 19
19 16
17 18
18 17
17 47
47 17
17 50
50 17
17 51
51 17
17 52
52 17
18 19
19 18
18 51
51 18
18 52
52 18
18 53
53 18
19 20
20 19
19 53
53 19
19 56
56 19
20 21
21 20
20 22
22 20
20 53
53 20
20 56
56 20
21 22
22 21
22 23
23 22
22 129
129 22
23 30
30 23
23 129
129 23
24 25
25 24
24 26
26 24
24 27
27 24
24 37
37 24
24 38
38 24
24 940
940 24
24 941
941 24
24 943
943 24
24 944
944 24
25 27
27 25
25 28
28 25
25 29
29 25
25 130
130 25
25 940
940 25
26 27
27 26
26 34
34 26
26 38
38 26
27 28
28 27
27 34
34 27
27 38
38 27
28 29
29 28
28 33
33 28
28 34
34 28
29 30
30 29
29 31
31 29
29 33
33 29
29 130
130 29
30 31
31 30
30 129
129 30
30 130
130 30
31 32
32 31
31 33
33 31
31 42
42 31
31 44
44 31
31 45
45 31
32 33
33 32
32 42
42 32
32 44
44 32
33 34
34 33
33 41
41 33
33 42
42 33
34 38
38 34
34 41
41 34
34 42
42 34
35 36
36 35
35 40
40 35
35 42
42 35
35 43
43 35
35 45
45 35
36 37
37 36
36 38
38 36
36 39
39 36
36 40
40 36
36 45
45 36
36 1000
1000 36
37 38
38 37
37 39
39 37
37 943
943 37
37 944
944 37
37 1000
1000 37
38 39
39 38
38 40
40 38
38 41
41 38
39 40
40 39
39 41
41 39
40 41
41 40
40 42
42 40
40 43
43 40
41 42
42 41
42 43
43 42
42 44
44 42
43 44
44 43
43 45
45 43
44 45
45 44
45 46
46 45
45 47
47 45
45 997
997 45
45 999
999 45
45 1000
1000 45
46 47
47 46
46 62
62 46
46 798
798 46
46 799
799 46
46 800
800 46
46 853
853 46
46 997
997 46
47 48
48 47
47 49
49 47
47 50
50 47
47 62
62 47
48 49
49 48
48 52
52 48
48 54
54 48
48 55
55 48
48 57
57 48
48 58
58 48
48 59
59 48
48 62
62 48
49 50
50 49
49 52
52 49
50 51
51 50
50 52
52 50
51 52
52 51
52 53
53 52
52 54
54 52
53 54
54 53
53 56
56 53
54 55
55 54
54 56
56 54
55 56
56 55
55 57
57 55
55 73
73 55
55 76
76 55
55 105
105 55
55 107
107 55
56 105
105 56
56 107
107 56
57 58
58 57
57 73
73 57
58 59
59 58
58 60
60 58
58 73
73 58
59 60
60 59
59 61
61 59
59 62
62 59
60 61
61 60
60 66
66 60
60 72
72 60
60 73
73 60
61 62
62 61
61 72
72 61
62 63
63 62
62 72
72 62
62 799
799 62
63 64
64 63
63 71
71 63
63 72
72 63
63 799
799 63
63 832
832 63
64 65
65 64
64 67
67 64
64 70
70 64
64 71
71 64
64 832
832 64
65 67
67 65
65 69
69 65
65 70
70 65
65 83
83 65
65 832
832 65
65 835
835 65
66 67
67 66
66 68
68 66
66 70
70 66
66 72
72 66
66 73
73 66
66 74
74 66
66 75
75 66
67 70
70 67
67 71
71 67
67 72
72 67
68 74
74 68
68 75
75 68
69 70
70 69
69 75
75 69
69 82
82 69
69 83
83 69
69 87
87 69
70 75
75 70
71 72
72 71
73 74
74 73
73 76
76 73
74 75
75 74
74 76
76 74
75 76
76 75
75 80
80 75
75 82
82 75
76 77
77 76
76 79
79 76
76 80
80 76
76 102
102 76
76 105
105 76
77 79
79 77
77 80
80 77
77 81
81 77
77 91
91 77
78 79
79 78
78 92
92 78
78 96
96 78
78 99
99 78
78 101
101 78
79 91
91 79
79 92
92 79
79 99
99 79
79 101
101 79
79 102
102 79
79 105
105 79
80 81
81 80
80 82
82 80
81 82
82 81
81 88
88 81
81 90
90 81
81 91
91 81
82 87
87 82
82 88
88 82
82 90
90 82
83 84
84 83
83 85
85 83
83 86
86 83
83 87
87 83
83 139
139 83
83 835
835 83
84 85
85 84
84 86
86 84
84 87
87 84
84 88
88 84
84 89
89 84
84 93
93 84
85 86
86 85
86 93
93 86
86 135
135 86
86 139
139 86
87 88
88 87
88 89
89 88
88 90
90 88
88 91
91 88
89 90
90 89
89 91
91 89
89 92
92 89
89 93
93 89
89 96
96 89
90 91
91 90
91 92
92 91
92 93
93 92
92 96
96 92
92 99
99 92
93 95
95 93
93 96
96 93
93 135
135 93
93 137
137 93
94 95
95 94
94 96
96 94
94 98
98 94
94 121
121 94
94 132
132 94
94 136
136 94
94 137
137 94
95 96
96 95
95 98
98 95
95 135
135 95
95 136
136 95
95 137
137 95
96 97
97 96
96 98
98 96
96 99
99 96
96 116
116 96
97 98
98 97
97 99
99 97
97 116
116 97
97 119
119 97
98 119
119 98
98 121
121 98
99 101
101 99
99 116
116 99
100 101
101 100
100 102
102 100
100 103
103 100
100 104
104 100
100 105
105 100
100 116
116 100
100 117
117 100
101 102
102 101
101 116
116 101
101 117
117 101
102 105
105 102
103 104
104 103
103 117
117 103
104 105
105 104
104 117
117 104
104 118
118 104
105 106
106 105
105 107
107 105
105 118
118 105
106 107
107 106
106 113
113 106
106 114
114 106
106 115
115 106
106 118
118 106
107 108
108 107
107 110
110 107
107 113
113 107
107 118
118 107
108 109
109 108
108 110
110 108
109 110
110 109
109 111
111 109
109 130
130 109
110 111
111 110
110 112
112 110
110 113
113 110
111 112
112 111
111 114
114 111
111 130
130 111
112 113
113 112
112 114
114 112
113 114
114 113
114 115
115 114
114 130
130 114
115 118
118 115
115 130
130 115
116 117
117 116
116 119
119 116
117 118
118 117
117 119
119 117
117 120
120 117
118 119
119 118
118 120
120 118
118 130
130 118
118 506
506 118
119 120
120 119
119 121
121 119
119 122
122 119
119 124
124 119
120 122
122 120
120 124
124 120
120 130
130 120
121 122
122 121
121 123
123 121
121 125
125 121
121 126
126 121
121 131
131 121
121 132
132 121
122 123
123 122
122 124
124 122
123 124
124 123
123 125
125 123
123 126
126 123
124 126
126 124
124 130
130 124
124 511
511 124
125 126
126 125
125 127
127 125
125 128
128 125
125 131
131 125
126 127
127 126
126 128
128 126
126 130
130 126
127 128
128 127
128 130
130 128
129 130
130 129
130 488
488 130
130 489
489 130
130 490
490 130
130 491
491 130
130 492
492 130
130 494
494 130
130 505
505 130
130 506
506 130
130 511
511 130
130 512
512 130
130 513
513 130
130 940
940 130
131 132
132 131
131 142
142 131
132 135
135 132
132 136
136 132
132 142
142 132
133 135
135 133
133 136
136 133
133 137
137 133
134 135
135 134
134 138
138 134
134 140
140 134
134 143
143 134
134 144
144 134
135 136
136 135
135 137
137 135
135 138
138 135
135 139
139 135
135 141
141 135
135 142
142 135
135 144
144 135
136 137
137 136
138 139
139 138
138 140
140 138
138 836
836 138
138 837
837 138
139 835
835 139
139 836
836 139
140 143
143 140
140 147
147 140
140 148
148 140
140 837
837 140
140 849
849 140
140 850
850 140
141 142
142 141
141 144
144 141
142 144
144 142
143 144
144 143
143 145
145 143
143 146
146 143
143 147
147 143
144 145
145 144
144 146
146 144
145 146
146 145
145 147
147 145
145 148
148 145
145 149
149 145
147 148
148 147
148 149
149 148
148 850
850 148
149 850
850 149
150 152
152 150
150 153
153 150
150 154
154 150
150 155
155 150
150 381
381 150
151 152
152 151
151 153
153 151
151 1581
1581 151
152 153
153 152
152 381
381 152
152 1398
1398 152
152 1581
1581 152
153 154
154 153
153 1581
1581 153
153 1601
1601 153
154 155
155 154
154 156
156 154
154 157
157 154
154 171
171 154
154 172
172 154
154 1581
1581 154
154 1601
1601 154
155 156
156 155
155 381
381 155
156 157
157 156
156 158
158 156
156 159
159 156
156 160
160 156
156 166
166 156
156 169
169 156
156 284
284 156
156 381
381 156
157 158
158 157
157 171
171 157
157 172
172 157
158 166
166 158
158 169
169 158
158 172
172 158
159 160
160 159
159 161
161 159
159 163
163 159
159 165
165 159
159 166
166 159
160 161
161 160
160 284
284 160
160 289
289 160
160 291
291 160
161 162
162 161
161 163
163 161
161 289
289 161
161 291
291 161
162 163
163 162
162 291
291 162
163 164
164 163
163 165
165 163
163 166
166 163
163 291
291 163
164 165
165 164
164 221
221 164
164 291
291 164
164 293
293 164
165 166
166 165
165 167
167 165
165 168
168 165
165 221
221 165
165 224
224 165
166 167
167 166
166 169
169 166
167 168
168 167
167 169
169 167
168 169
169 168
168 221
221 168
168 224
224 168
168 225
225 168
169 170
170 169
169 172
172 169
169 218
218 169
169 219
219 169
169 225
225 169
169 227
227 169
170 171
171 170
170 172
172 170
170 176
176 170
170 218
218 170
171 172
172 171
171 173
173 171
171 174
174 171
171 175
175 171
171 176
176 171
171 218
218 171
171 1548
1548 171
171 1601
1601 171
173 174
174 173
173 175
175 173
173 176
176 173
174 175
175 174
175 176
176 175
176 177
177 176
176 178
178 176
176 218
218 176
176 604
604 176
176 1548
1548 176
177 178
178 177
177 179
179 177
177 604
604 177
178 179
179 178
178 215
215 178
178 217
217 178
178 218
218 178
179 182
182 179
179 215
215 179
179 604
604 179
179 616
616 179
180 181
181 180
180 183
183 180
180 184
184 180
180 185
185 180
180 204
204 180
180 208
208 180
181 184
184 181
181 185
185 181
181 188
188 181
181 190
190 181
181 204
204 181
181 617
617 181
181 623
623 181
181 628
628 181
182 183
183 182
182 184
184 182
182 187
187 182
182 214
214 182
182 215
215 182
182 616
616 182
183 184
184 183
183 208
208 183
183 209
209 183
183 210
210 183
183 214
214 183
184 185
185 184
184 186
186 184
184 187
187 184
185 186
186 185
185 616
616 185
185 628
628 185
185 629
629 185
186 187
187 186
186 616
616 186
187 616
616 187
188 189
189 188
188 190
190 188
188 623
623 188
188 737
737 188
188 746
746 188
189 190
190 189
189 191
191 189
189 255
255 189
189 746
746 189
190 191
191 190
190 192
192 190
190 204
204 190
191 192
192 191
191 204
204 191
191 255
255 191
191 256
256 191
192 204
204 192
193 194
194 193
193 255
255 193
193 256
256 193
193 262
262 193
194 255
255 194
195 257
257 195
195 260
260 195
195 263
263 195
196 197
197 196
196 199
199 196
196 200
200 196
196 203
203 196
196 235
235 196
196 260
260 196
197 203
203 197
197 204
204 197
197 205
205 197
197 235
235 197
197 260
260 197
197 261
261 197
198 199
199 198
198 200
200 198
198 201
201 198
198 260
260 198
199 200
200 199
199 201
201 199
199 202
202 199
199 260
260 199
200 235
235 200
200 259
259 200
201 202
202 201
201 260
260 201
202 260
260 202
204 205
205 204
204 208
208 204
204 256
256 204
204 257
257 204
204 261
261 204
205 206
206 205
205 208
208 205
205 233
233 205
205 235
235 205
205 236
236 205
205 258
258 205
206 207
207 206
206 208
208 206
206 258
258 206
207 258
258 207
208 209
209 208
208 211
211 208
208 219
219 208
208 227
227 208
208 231
231 208
208 258
258 208
209 210
210 209
209 211
211 209
210 211
211 210
210 212
212 210
210 213
213 210
210 214
214 210
211 212
212 211
211 219
219 211
212 213
213 212
212 218
218 212
212 219
219 212
213 214
214 213
213 216
216 213
213 218
218 213
213 219
219 213
214 215
215 214
214 216
216 214
215 216
216 215
215 217
217 215
216 217
217 216
216 218
218 216
217 218
218 217
218 219
219 218
219 227
227 219
220 221
221 220
220 222
222 220
220 224
224 220
220 245
245 220
221 222
222 221
221 224
224 221
221 245
245 221
221 246
246 221
221 293
293 221
221 294
294 221
222 223
223 222
222 224
224 222
222 245
245 222
222 254
254 222
223 224
224 223
223 225
225 223
223 245
245 223
223 254
254 223
224 225
225 224
225 226
226 225
225 227
227 225
225 228
228 225
225 230
230 225
225 232
232 225
225 241
241 225
225 254
254 225
226 227
227 226
226 228
228 226
226 229
229 226
226 231
231 226
227 231
231 227
228 229
229 228
228 230
230 228
229 230
230 229
229 231
231 229
230 231
231 230
230 232
232 230
230 241
241 230
231 232
232 231
231 234
234 231
231 258
258 231
232 233
233 232
232 234
234 232
232 236
236 232
232 240
240 232
232 241
241 232
233 234
234 233
233 236
236 233
233 258
258 233
234 258
258 234
235 236
236 235
235 237
237 235
235 238
238 235
235 259
259 235
236 238
238 236
236 240
240 236
238 239
239 238
238 240
240 238
238 259
259 238
239 240
240 239
239 243
243 239
239 259
259 239
239 369
369 239
240 241
241 240
240 242
242 240
240 243
243 240
240 244
244 240
241 242
242 241
241 250
250 241
241 254
254 241
242 243
243 242
242 250
250 242
243 244
244 243
243 250
250 243
243 251
251 243
243 252
252 243
243 367
367 243
243 368
368 243
243 369
369 243
245 246
246 245
245 247
247 245
245 248
248 245
245 253
253 245
245 254
254 245
246 247
247 246
246 294
294 246
246 298
298 246
247 248
248 247
247 249
249 247
247 294
294 247
247 298
298 247
247 337
337 247
248 249
249 248
248 253
253 248
249 250
250 249
249 251
251 249
249 252
252 249
249 253
253 249
249 254
254 249
249 337
337 249
249 338
338 249
250 252
252 250
250 253
253 250
250 254
254 250
251 252
252 251
251 337
337 251
251 338
338 251
251 366
366 251
251 367
367 251
253 254
254 253
255 256
256 255
255 262
262 255
255 746
746 255
256 257
257 256
256 262
262 256
257 260
260 257
257 261
261 257
257 263
263 257
260 261
261 260
260 263
263 260
261 263
263 261
264 265
265 264
264 267
267 264
264 273
273 264
264 274
274 264
264 275
275 264
264 276
276 264
264 278
278 264
264 378
378 264
265 278
278 265
265 377
377 265
265 378
378 265
266 267
267 266
266 377
377 266
266 379
379 266
266 1355
1355 266
266 1356
1356 266
266 1570
1570 266
267 268
268 267
267 273
273 267
267 377
377 267
267 378
378 267
267 379
379 267
268 269
269 268
268 270
270 268
268 271
271 268
268 273
273 268
268 379
379 268
269 270
270 269
269 271
271 269
269 379
379 269
270 271
271 270
270 272
272 270
270 273
273 270
271 272
272 271
271 287
287 271
271 379
379 271
272 273
273 272
272 281
281 272
272 283
283 272
272 286
286 272
272 287
287 272
273 274
274 273
273 281
281 273
273 380
380 273
274 275
275 274
274 308
308 274
274 380
380 274
275 276
276 275
275 277
277 275
275 307
307 275
275 308
308 275
275 310
310 275
275 389
389 275
276 277
277 276
276 278
278 276
277 278
278 277
277 279
279 277
277 307
307 277
278 279
279 278
278 280
280 278
278 377
377 278
278 383
383 278
278 1598
1598 278
279 280
280 279
279 307
307 279
279 383
383 279
280 307
307 280
280 312
312 280
280 313
313 280
280 383
383 280
280 389
389 280
280 390
390 280
281 282
282 281
281 283
283 281
281 380
380 281
282 283
283 282
282 288
288 282
282 289
289 282
282 380
380 282
283 286
286 283
283 288
288 283
284 285
285 284
284 286
286 284
284 288
288 284
284 289
289 284
284 381
381 284
285 286
286 285
285 379
379 285
285 381
381 285
286 287
287 286
286 288
288 286
286 379
379 286
287 379
379 287
288 289
289 288
289 290
290 289
289 291
291 289
289 303
303 289
289 304
304 289
289 308
308 289
289 323
323 289
289 380
380 289
290 291
291 290
290 292
292 290
290 293
293 290
290 302
302 290
290 303
303 290
291 292
292 291
291 293
293 291
292 293
293 292
293 294
294 293
293 302
302 293
293 303
303 293
294 295
295 294
294 298
298 294
294 299
299 294
294 300
300 294
294 301
301 294
294 302
302 294
295 296
296 295
295 299
299 295
295 300
300 295
295 301
301 295
296 297
297 296
296 299
299 296
296 300
300 296
296 336
336 296
297 300
300 297
297 325
325 297
297 326
326 297
297 335
335 297
297 336
336 297
297 341
341 297
298 299
299 298
298 337
337 298
299 336
336 299
299 337
337 299
300 301
301 300
300 303
303 300
300 324
324 300
300 325
325 300
301 302
302 301
301 303
303 301
302 303
303 302
303 323
323 303
303 324
324 303
304 305
305 304
304 308
308 304
304 309
309 304
304 323
323 304
305 306
306 305
305 309
309 305
305 310
310 305
305 318
318 305
305 321
321 305
305 322
322 305
305 323
323 305
305 325
325 305
306 310
310 306
306 311
311 306
306 318
318 306
307 389
389 307
308 309
309 308
308 310
310 308
308 380
380 308
309 310
310 309
310 311
311 310
310 389
389 310
311 312
312 311
311 318
318 311
311 382
382 311
311 389
389 311
312 318
318 312
312 382
382 312
312 389
389 312
312 390
390 312
313 314
314 313
313 383
383 313
313 390
390 313
314 315
315 314
314 316
316 314
314 330
330 314
314 383
383 314
314 390
390 314
315 316
316 315
315 330
330 315
315 383
383 315
315 426
426 315
316 329
329 316
316 330
330 316
316 384
384 316
316 390
390 316
317 318
318 317
317 319
319 317
317 320
320 317
317 321
321 317
317 382
382 317
317 390
390 317
318 320
320 318
318 321
321 318
318 322
322 318
318 325
325 318
318 382
382 318
319 320
320 319
319 329
329 319
319 390
390 319
320 321
321 320
320 328
328 320
320 329
329 320
321 322
322 321
321 325
325 321
321 327
327 321
321 328
328 321
322 323
323 322
322 324
324 322
322 325
325 322
323 324
324 323
323 325
325 323
324 325
325 324
325 326
326 325
325 327
327 325
326 327
327 326
326 333
333 326
326 335
335 326
326 341
341 326
327 328
328 327
327 333
333 327
328 329
329 328
328 332
332 328
328 333
333 328
329 331
331 329
329 332
332 329
329 384
384 329
329 390
390 329
330 331
331 330
330 384
384 330
330 426
426 330
330 445
445 330
331 332
332 331
331 355
355 331
331 384
384 331
331 445
445 331
331 446
446 331
332 333
333 332
332 351
351 332
332 355
355 332
332 384
384 332
333 334
334 333
333 335
335 333
333 351
351 333
334 335
335 334
334 350
350 334
334 351
351 334
334 385
385 334
335 336
336 335
335 341
341 335
335 344
344 335
335 348
348 335
335 385
385 335
336 337
337 336
336 339
339 336
336 340
340 336
336 341
341 336
336 342
342 336
336 344
344 336
337 338
338 337
337 339
339 337
338 339
339 338
338 366
366 338
339 342
342 339
339 343
343 339
339 366
366 339
340 341
341 340
342 343
343 342
342 344
344 342
343 344
344 343
343 364
364 343
343 365
365 343
343 366
366 343
343 387
387 343
344 346
346 344
344 347
347 344
344 348
348 344
344 364
364 344
345 346
346 345
345 347
347 345
345 349
349 345
345 354
354 345
345 362
362 345
345 364
364 345
345 385
385 345
346 347
347 346
346 364
364 346
347 348
348 347
347 385
385 347
348 385
385 348
349 350
350 349
349 351
351 349
349 352
352 349
349 354
354 349
349 357
357 349
349 362
362 349
349 385
385 349
350 351
351 350
350 385
385 350
351 355
355 351
351 357
357 351
352 353
353 352
352 354
354 352
352 357
357 352
353 354
354 353
353 356
356 353
353 357
357 353
353 361
361 353
353 386
386 353
353 451
451 353
353 454
454 353
354 357
357 354
354 358
358 354
354 361
361 354
354 362
362 354
354 363
363 354
355 356
356 355
355 357
357 355
355 445
445 355
355 446
446 355
356 357
357 356
356 386
386 356
356 446
446 356
356 458
458 356
357 386
386 357
358 359
359 358
358 360
360 358
358 361
361 358
358 363
363 358
358 387
387 358
359 360
360 359
359 361
361 359
359 374
374 359
359 387
387 359
360 361
361 360
360 372
372 360
360 374
374 360
360 454
454 360
360 455
455 360
360 475
475 360
361 363
363 361
361 454
454 361
362 363
363 362
362 364
364 362
362 387
387 362
363 387
387 363
364 365
365 364
364 387
387 364
365 366
366 365
365 367
367 365
365 371
371 365
365 387
387 365
366 367
367 366
367 368
368 367
367 369
369 367
367 371
371 367
368 369
369 368
369 370
370 369
369 371
371 369
369 388
388 369
370 371
371 370
370 388
388 370
371 374
374 371
371 376
376 371
371 387
387 371
371 388
388 371
372 373
373 372
372 374
374 372
372 375
375 372
372 455
455 372
372 471
471 372
372 475
475 372
373 374
374 373
373 375
375 373
373 376
376 373
374 376
376 374
374 387
387 374
375 376
376 375
375 471
471 375
375 473
473 375
376 388
388 376
376 473
473 376
377 378
378 377
377 1570
1570 377
377 1598
1598 377
379 381
381 379
379 1356
1356 379
379 1578
1578 379
381 1397
1397 381
381 1398
1398 381
381 1578
1578 381
382 390
390 382
383 426
426 383
383 1272
1272 383
383 1598
1598 383
384 390
390 384
386 451
451 386
386 458
458 386
389 390
390 389
391 392
392 391
391 393
393 391
391 412
412 391
391 413
413 391
391 414
414 391
391 423
423 391
391 425
425 391
393 395
395 393
393 413
413 393
393 414
414 393
393 425
425 393
394 395
395 394
394 396
396 394
394 413
413 394
394 425
425 394
395 413
413 395
395 425
425 395
396 397
397 396
396 398
398 396
396 399
399 396
396 400
400 396
396 401
401 396
396 405
405 396
396 406
406 396
396 407
407 396
396 412
412 396
396 413
413 396
396 425
425 396
398 399
399 398
398 425
425 398
398 501
501 398
398 502
502 398
398 511
511 398
399 400
400 399
399 407
407 399
399 408
408 399
399 501
501 399
400 401
401 400
400 404
404 400
400 405
405 400
400 408
408 400
400 497
497 400
400 499
499 400
400 500
500 400
400 501
501 400
401 412
412 401
401 423
423 401
401 499
499 401
401 500
500 401
402 403
403 402
402 404
404 402
402 407
407 402
402 408
408 402
403 407
407 403
403 408
408 403
404 405
405 404
404 407
407 404
404 408
408 404
405 407
407 405
406 407
407 406
407 408
408 407
409 410
410 409
409 411
411 409
409 412
412 409
410 411
411 410
410 412
412 410
410 413
413 410
410 414
414 410
411 412
412 411
411 413
413 411
412 413
413 412
412 414
414 412
412 423
423 412
413 414
414 413
415 416
416 415
415 418
418 415
415 419
419 415
415 424
424 415
416 419
419 416
416 421
421 416
416 422
422 416
416 424
424 416
417 418
418 417
417 421
421 417
417 423
423 417
417 424
424 417
418 419
419 418
418 423
423 418
418 424
424 418
419 420
420 419
419 422
422 419
419 423
423 419
420 422
422 420
420 423
423 420
421 422
422 421
421 423
423 421
421 424
424 421
421 479
479 421
421 500
500 421
422 479
479 422
422 481
481 422
423 500
500 423
425 511
511 425
425 513
513 425
426 427
427 426
426 444
444 426
426 445
445 426
426 1272
1272 426
427 428
428 427
427 431
431 427
427 432
432 427
427 444
444 427
427 1272
1272 427
428 431
431 428
428 441
441 428
428 443
443 428
428 444
444 428
429 430
430 429
429 435
435 429
429 436
436 429
429 437
437 429
429 440
440 429
429 443
443 429
429 450
450 429
430 431
431 430
430 433
433 430
430 435
435 430
430 443
443 430
431 432
432 431
431 433
433 431
431 435
435 431
431 443
443 431
431 1006
1006 431
431 1600
1600 431
432 1272
1272 432
432 1600
1600 432
433 434
434 433
433 435
435 433
433 1006
1006 433
434 435
435 434
434 486
486 434
434 488
488 434
434 911
911 434
434 920
920 434
434 921
921 434
434 1004
1004 434
434 1006
1006 434
435 436
436 435
435 438
438 435
435 483
483 435
435 486
486 435
435 488
488 435
436 437
437 436
436 438
438 436
436 450
450 436
437 438
438 437
437 439
439 437
437 449
449 437
437 450
450 437
437 457
457 437
437 458
458 437
437 462
462 437
437 464
464 437
438 462
462 438
438 464
464 438
438 466
466 438
438 467
467 438
438 483
483 438
438 484
484 438
439 449
449 439
439 450
450 439
440 442
442 440
440 443
443 440
440 448
448 440
440 449
449 440
440 450
450 440
441 442
442 441
441 443
443 441
441 444
444 441
442 443
443 442
442 444
444 442
442 448
448 442
444 445
445 444
444 447
447 444
444 448
448 444
445 446
446 445
445 447
447 445
445 448
448 445
446 447
447 446
446 449
449 446
446 458
458 446
447 448
448 447
447 449
449 447
448 449
449 448
449 450
450 449
449 458
458 449
451 452
452 451
451 453
453 451
451 454
454 451
451 458
458 451
452 453
453 452
452 457
457 452
452 458
458 452
453 454
454 453
453 456
456 453
453 457
457 453
453 460
460 453
454 455
455 454
454 456
456 454
455 456
456 455
455 461
461 455
455 475
475 455
455 476
476 455
456 457
457 456
456 460
460 456
456 461
461 456
457 458
458 457
457 459
459 457
457 460
460 457
457 462
462 457
457 468
468 457
459 460
460 459
459 461
461 459
459 468
468 459
459 469
469 459
460 461
461 460
461 468
468 461
461 469
469 461
461 476
476 461
462 463
463 462
462 464
464 462
462 468
468 462
462 469
469 462
463 464
464 463
463 467
467 463
463 469
469 463
464 467
467 464
465 466
466 465
465 467
467 465
465 469
469 465
465 470
470 465
465 476
476 465
465 482
482 465
466 467
467 466
466 482
482 466
466 484
484 466
467 469
469 467
467 484
484 467
468 469
469 468
469 476
476 469
470 476
476 470
470 477
477 470
470 480
480 470
470 482
482 470
471 472
472 471
471 473
473 471
471 474
474 471
471 475
475 471
472 473
473 472
472 474
474 472
472 475
475 472
473 474
474 473
473 478
478 473
474 475
475 474
474 476
476 474
474 477
477 474
474 478
478 474
475 476
476 475
476 477
477 476
476 478
478 476
477 478
478 477
477 479
479 477
477 480
480 477
478 479
479 478
479 480
480 479
479 481
481 479
479 497
497 479
479 499
499 479
479 500
500 479
480 482
482 480
480 497
497 480
482 484
484 482
482 485
485 482
482 497
497 482
483 484
484 483
483 485
485 483
483 486
486 483
484 485
485 484
485 486
486 485
485 495
495 485
485 497
497 485
486 487
487 486
486 488
488 486
486 489
489 486
486 495
495 486
488 489
489 488
488 939
939 488
488 940
940 488
488 1004
1004 488
489 492
492 489
489 494
494 489
489 495
495 489
490 491
491 490
490 492
492 490
490 493
493 490
491 492
492 491
491 493
493 491
491 494
494 491
492 493
493 492
492 494
494 492
493 494
494 493
494 495
495 494
494 503
503 494
494 504
504 494
494 505
505 494
495 496
496 495
495 497
497 495
495 501
501 495
495 503
503 495
497 498
498 497
497 499
499 497
497 501
501 497
498 499
499 498
499 500
500 499
501 502
502 501
501 503
503 501
502 503
503 502
502 508
508 502
502 509
509 502
502 511
511 502
502 512
512 502
503 504
504 503
503 507
507 503
503 508
508 503
504 505
505 504
504 506
506 504
504 507
507 504
505 506
506 505
505 507
507 505
506 507
507 506
506 508
508 506
506 510
510 506
506 512
512 506
507 508
508 507
508 509
509 508
508 510
510 508
509 510
510 509
509 511
511 509
509 512
512 509
510 512
512 510
511 512
512 511
511 513
513 511
514 526
526 514
514 530
530 514
514 532
532 514
514 534
534 514
514 535
535 514
514 536
536 514
514 537
537 514
515 516
516 515
515 524
524 515
515 546
546 515
515 558
558 515
516 517
517 516
516 522
522 516
516 523
523 516
516 524
524 516
516 546
546 516
516 584
584 516
516 585
585 516
517 518
518 517
517 522
522 517
517 523
523 517
517 527
527 517
517 584
584 517
517 585
585 517
518 519
519 518
518 520
520 518
518 521
521 518
518 522
522 518
518 527
527 518
518 582
582 518
518 584
584 518
519 520
520 519
519 581
581 519
519 582
582 519
519 587
587 519
520 521
521 520
520 527
527 520
520 528
528 520
520 531
531 520
520 581
581 520
521 527
527 521
521 528
528 521
522 523
523 522
522 526
526 522
522 527
527 522
522 530
530 522
523 524
524 523
523 525
525 523
523 526
526 523
523 537
537 523
524 525
525 524
524 537
537 524
524 558
558 524
524 560
560 524
525 526
526 525
525 537
537 525
526 527
527 526
526 530
530 526
526 537
537 526
527 528
528 527
527 529
529 527
527 530
530 527
528 529
529 528
528 530
530 528
528 531
531 528
529 530
530 529
529 531
531 529
529 532
532 529
530 531
531 530
530 532
532 530
531 532
532 531
531 533
533 531
531 580
580 531
531 581
581 531
532 533
533 532
532 534
534 532
532 535
535 532
533 534
534 533
533 566
566 533
533 580
580 533
534 535
535 534
534 566
566 534
535 536
536 535
535 537
537 535
535 540
540 535
535 566
566 535
536 537
537 536
537 538
538 537
537 540
540 537
537 560
560 537
538 539
539 538
538 540
540 538
538 560
560 538
538 561
561 538
539 559
559 539
539 560
560 539
539 561
561 539
539 564
564 539
540 561
561 540
540 566
566 540
541 543
543 541
541 544
544 541
541 547
547 541
542 543
543 542
542 544
544 542
542 545
545 542
542 546
546 542
542 595
595 542
542 598
598 542
543 544
544 543
543 598
598 543
543 599
599 543
543 600
600 543
544 546
546 544
544 547
547 544
544 549
549 544
545 546
546 545
545 595
595 545
546 549
549 546
546 554
554 546
546 558
558 546
546 585
585 546
546 595
595 546
547 548
548 547
547 549
549 547
548 549
549 548
548 550
550 548
549 550
550 549
549 553
553 549
549 554
554 549
550 551
551 550
550 552
552 550
550 553
553 550
551 552
552 551
551 565
565 551
551 568
568 551
552 553
553 552
552 556
556 552
552 565
565 552
553 554
554 553
553 556
556 553
554 555
555 554
554 556
556 554
554 557
557 554
554 558
558 554
555 557
557 555
555 558
558 555
556 557
557 556
556 559
559 556
556 565
565 556
557 558
558 557
557 559
559 557
558 559
559 558
558 560
560 558
559 560
560 559
559 562
562 559
559 564
564 559
559 565
565 559
561 564
564 561
561 566
566 561
562 564
564 562
562 565
565 562
563 564
564 563
563 565
565 563
564 565
565 564
564 566
566 564
565 566
566 565
565 568
568 565
566 567
567 566
566 568
568 566
566 575
575 566
566 580
580 566
567 568
568 567
567 569
569 567
567 570
570 567
567 571
571 567
567 574
574 567
567 575
575 567
567 772
772 567
567 859
859 567
568 569
569 568
569 821
821 569
569 859
859 569
570 571
571 570
570 574
574 570
571 573
573 571
571 574
574 571
571 588
588 571
571 770
770 571
571 772
772 571
571 1209
1209 571
572 573
573 572
572 577
577 572
572 587
587 572
572 588
588 572
573 574
574 573
573 577
577 573
573 588
588 573
574 575
575 574
574 577
577 574
574 579
579 574
575 576
576 575
575 579
579 575
575 580
580 575
576 578
578 576
576 579
579 576
576 580
580 576
577 578
578 577
577 579
579 577
577 587
587 577
578 579
579 578
578 580
580 578
578 581
581 578
578 587
587 578
580 581
581 580
581 582
582 581
581 587
587 581
582 583
583 582
582 584
584 582
582 586
586 582
582 587
587 582
582 593
593 582
582 595
595 582
583 584
584 583
583 585
585 583
583 586
586 583
583 595
595 583
584 585
585 584
584 586
586 584
585 595
595 585
587 588
588 587
587 593
593 587
587 594
594 587
588 589
589 588
588 594
594 588
588 770
770 588
588 1189
1189 588
588 1208
1208 588
588 1209
1209 588
589 590
590 589
589 592
592 589
589 594
594 589
589 1187
1187 589
589 1188
1188 589
589 1189
1189 589
590 1188
1188 590
590 1189
1189 590
591 592
592 591
591 594
594 591
591 603
603 591
591 1183
1183 591
592 594
594 592
592 1183
1183 592
592 1187
1187 592
593 594
594 593
593 595
595 593
593 596
596 593
593 597
597 593
593 602
602 593
593 603
603 593
594 603
603 594
595 597
597 595
595 598
598 595
596 597
597 596
597 598
598 597
597 600
600 597
597 602
602 597
598 600
600 598
599 600
600 599
600 602
602 600
601 602
602 601
602 603
603 602
604 605
605 604
604 607
607 604
604 612
612 604
604 616
616 604
604 620
620 604
604 1548
1548 604
604 1549
1549 604
605 606
606 605
605 607
607 605
605 1549
1549 605
605 1563
1563 605
605 1564
1564 605
606 607
607 606
606 611
611 606
606 1563
1563 606
606 1564
1564 606
606 1566
1566 606
607 611
611 607
607 612
612 607
608 609
609 608
608 610
610 608
608 611
611 608
608 614
614 608
608 638
638 608
608 640
640 608
608 641
641 608
608 643
643 608
608 1567
1567 608
608 1569
1569 608
609 610
610 609
609 613
613 609
609 614
614 609
609 615
615 609
610 611
611 610
610 612
612 610
610 613
613 610
610 615
615 610
611 612
612 611
611 613
613 611
611 1566
1566 611
611 1567
1567 611
612 613
613 612
612 616
616 612
612 618
618 612
612 620
620 612
613 615
615 613
613 618
618 613
613 620
620 613
613 621
621 613
614 615
615 614
614 638
638 614
614 738
738 614
615 618
618 615
615 621
621 615
615 738
738 615
616 619
619 616
616 620
620 616
616 629
629 616
616 630
630 616
617 618
618 617
617 619
619 617
617 621
621 617
617 622
622 617
617 623
623 617
617 628
628 617
617 629
629 617
617 630
630 617
618 619
619 618
618 620
620 618
618 621
621 618
619 620
620 619
619 630
630 619
620 630
630 620
621 622
622 621
621 627
627 621
621 633
633 621
621 637
637 621
621 738
738 621
622 623
623 622
622 624
624 622
622 627
627 622
622 633
633 622
623 624
624 623
623 737
737 623
624 627
627 624
624 735
735 624
624 736
736 624
624 737
737 624
625 626
626 625
625 627
627 625
625 633
633 625
625 731
731 625
625 733
733 625
625 735
735 625
626 627
627 626
626 733
733 626
626 735
735 626
627 633
633 627
627 735
735 627
627 736
736 627
628 629
629 628
628 630
630 628
629 630
630 629
631 632
632 631
631 633
633 631
631 634
634 631
631 637
637 631
631 729
729 631
631 731
731 631
631 732
732 631
632 633
633 632
632 637
637 632
633 637
637 633
633 731
731 633
634 635
635 634
634 636
636 634
634 637
637 634
634 638
638 634
634 639
639 634
634 704
704 634
634 729
729 634
634 732
732 634
634 738
738 634
634 739
739 634
635 636
636 635
635 704
704 635
635 708
708 635
635 712
712 635
636 712
712 636
636 723
723 636
636 724
724 636
636 729
729 636
637 738
738 637
638 639
639 638
638 641
641 638
638 704
704 638
638 738
738 638
638 739
739 638
639 738
738 639
640 642
642 640
640 643
643 640
640 644
644 640
640 646
646 640
640 1008
1008 640
640 1568
1568 640
640 1569
1569 640
641 642
642 641
641 643
643 641
641 704
704 641
642 643
643 642
642 644
644 642
642 646
646 642
642 703
703 642
642 704
704 642
644 645
645 644
644 646
646 644
644 647
647 644
644 1007
1007 644
644 1008
1008 644
644 1014
1014 644
645 646
646 645
645 647
647 645
645 650
650 645
645 740
740 645
645 1007
1007 645
645 1014
1014 645
646 647
647 646
646 703
703 646
646 709
709 646
647 650
650 647
647 709
709 647
647 710
710 647
647 740
740 647
648 649
649 648
648 651
651 648
648 652
652 648
648 653
653 648
648 740
740 648
648 1012
1012 648
648 1020
1020 648
648 1021
1021 648
649 650
650 649
649 651
651 649
649 740
740 649
649 1013
1013 649
649 1020
1020 649
650 740
740 650
650 1013
1013 650
650 1014
1014 650
651 652
652 651
651 653
653 651
651 701
701 651
651 740
740 651
652 653
653 652
652 657
657 652
652 658
658 652
652 700
700 652
652 701
701 652
653 658
658 653
653 1021
1021 653
654 655
655 654
654 662
662 654
654 694
694 654
654 1023
1023 654
654 1028
1028 654
654 1030
1030 654
655 656
656 655
655 657
657 655
655 658
658 655
655 693
693 655
655 694
694 655
655 1021
1021 655
655 1023
1023 655
656 657
657 656
656 693
693 656
656 694
694 656
656 700
700 656
657 658
658 657
657 700
700 657
658 1021
1021 658
658 1023
1023 658
659 660
660 659
659 661
661 659
659 662
662 659
659 699
699 659
660 661
661 660
660 663
663 660
660 684
684 660
660 695
695 660
660 699
699 660
660 741
741 660
661 662
662 661
661 664
664 661
661 741
741 661
661 1027
1027 661
661 1030
1030 661
661 1031
1031 661
662 694
694 662
662 699
699 662
662 1027
1027 662
662 1030
1030 662
663 665
665 663
663 667
667 663
663 680
680 663
663 681
681 663
663 684
684 663
663 741
741 663
664 668
668 664
664 669
669 664
664 670
670 664
664 741
741 664
664 1031
1031 664
664 1033
1033 664
664 1176
1176 664
664 1178
1178 664
664 1179
1179 664
665 666
666 665
665 667
667 665
665 668
668 665
665 670
670 665
665 675
675 665
665 680
680 665
665 742
742 665
665 744
744 665
666 667
667 666
666 668
668 666
667 668
668 667
667 741
741 667
668 670
670 668
668 741
741 668
669 670
670 669
669 1179
1179 669
670 671
671 670
670 741
741 670
670 742
742 670
670 743
743 670
670 1175
1175 670
670 1179
1179 670
670 1180
1180 670
670 1182
1182 670
671 743
743 671
671 1182
1182 671
671 1183
1183 671
672 673
673 672
672 742
742 672
672 744
744 672
673 674
674 673
673 742
742 673
673 744
744 673
674 742
742 674
674 743
743 674
674 744
744 674
675 676
676 675
675 677
677 675
675 680
680 675
675 744
744 675
676 677
677 676
676 743
743 676
676 744
744 676
676 745
745 676
677 678
678 677
677 679
679 677
677 680
680 677
677 745
745 677
678 679
679 678
679 680
680 679
679 682
682 679
680 681
681 680
680 682
682 680
680 683
683 680
680 684
684 680
682 683
683 682
682 685
685 682
682 692
692 682
683 684
684 683
683 690
690 683
683 691
691 683
683 692
692 683
683 695
695 683
684 695
695 684
685 686
686 685
685 689
689 685
685 692
692 685
686 687
687 686
686 688
688 686
686 689
689 686
686 692
692 686
687 688
688 687
687 689
689 687
687 718
718 687
689 690
690 689
689 692
692 689
689 693
693 689
689 700
700 689
689 701
701 689
689 711
711 689
689 718
718 689
690 691
691 690
690 692
692 690
690 693
693 690
690 695
695 690
690 696
696 690
690 698
698 690
691 692
692 691
693 694
694 693
693 698
698 693
693 700
700 693
694 695
695 694
694 697
697 694
694 698
698 694
694 699
699 694
695 696
696 695
695 697
697 695
695 699
699 695
696 697
697 696
696 698
698 696
697 698
698 697
700 701
701 700
701 705
705 701
701 711
711 701
701 740
740 701
702 703
703 702
702 705
705 702
702 707
707 702
702 709
709 702
702 710
710 702
702 711
711 702
702 712
712 702
702 713
713 702
703 704
704 703
703 706
706 703
703 707
707 703
703 709
709 703
704 706
706 704
704 708
708 704
704 739
739 704
705 710
710 705
705 711
711 705
705 740
740 705
706 707
707 706
706 708
708 706
707 708
708 707
707 712
712 707
707 713
713 707
708 712
712 708
709 710
710 709
710 740
740 710
711 713
713 711
711 715
715 711
711 718
718 711
712 713
713 712
712 714
714 712
712 717
717 712
712 723
723 712
713 715
715 713
713 716
716 713
713 717
717 713
714 716
716 714
714 717
717 714
714 718
718 714
714 722
722 714
714 723
723 714
715 716
716 715
715 718
718 715
716 717
717 716
716 718
718 716
718 722
722 718
719 721
721 719
719 726
726 719
719 728
728 719
720 721
721 720
720 723
723 720
720 724
724 720
720 725
725 720
720 726
726 720
721 725
725 721
721 726
726 721
721 728
728 721
721 729
729 721
722 723
723 722
723 724
724 723
723 726
726 723
724 725
725 724
724 729
729 724
725 729
729 725
727 728
728 727
727 729
729 727
727 730
730 727
727 746
746 727
728 729
729 728
729 730
730 729
729 732
732 729
730 732
732 730
730 733
733 730
730 734
734 730
730 735
735 730
730 736
736 730
730 737
737 730
730 746
746 730
731 732
732 731
731 733
733 731
732 733
733 732
733 734
734 733
733 735
735 733
734 735
735 734
735 736
736 735
736 737
737 736
737 746
746 737
742 743
743 742
742 744
744 742
743 744
744 743
747 750
750 747
747 751
751 747
747 752
752 747
747 1137
1137 747
748 749
749 748
748 751
751 748
748 754
754 748
748 755
755 748
748 757
757 748
748 758
758 748
749 751
751 749
749 752
752 749
749 754
754 749
749 755
755 749
750 751
751 750
751 752
752 751
751 758
758 751
751 760
760 751
751 776
776 751
751 777
777 751
751 778
778 751
751 1137
1137 751
752 753
753 752
752 754
754 752
752 755
755 752
752 991
991 752
752 1137
1137 752
752 1143
1143 752
753 990
990 753
753 991
991 753
753 1137
1137 753
753 1143
1143 753
753 1144
1144 753
754 755
755 754
754 991
991 754
755 756
756 755
755 757
757 755
755 991
991 755
755 994
994 755
756 757
757 756
756 793
793 756
756 795
795 756
756 994
994 756
756 995
995 756
757 758
758 757
757 759
759 757
757 778
778 757
757 791
791 757
757 793
793 757
758 759
759 758
758 778
778 758
759 778
778 759
760 761
761 760
760 776
776 760
760 1137
1137 760
760 1150
1150 760
760 1151
1151 760
761 764
764 761
761 765
765 761
761 766
766 761
761 776
776 761
761 1151
1151 761
762 763
763 762
762 764
764 762
762 765
765 762
762 766
766 762
762 1151
1151 762
762 1153
1153 762
763 764
764 763
763 765
765 763
764 765
765 764
764 766
766 764
765 1151
1151 765
766 767
767 766
766 774
774 766
766 775
775 766
766 776
776 766
766 852
852 766
766 1153
1153 766
766 1154
1154 766
767 852
852 767
767 1154
1154 767
767 1156
1156 767
768 769
769 768
768 770
770 768
768 771
771 768
768 852
852 768
768 1195
1195 768
768 1199
1199 768
769 770
770 769
769 1199
1199 769
769 1200
1200 769
769 1201
1201 769
769 1207
1207 769
769 1209
1209 769
770 771
771 770
770 772
772 770
770 1209
1209 770
771 772
772 771
771 773
773 771
771 774
774 771
771 852
852 771
772 773
773 772
772 859
859 772
773 774
774 773
773 818
818 773
773 820
820 773
773 859
859 773
774 775
775 774
774 818
818 774
774 852
852 774
775 776
776 775
775 814
814 775
775 817
817 775
775 818
818 775
776 777
777 776
776 779
779 776
776 814
814 776
777 778
778 777
777 779
779 777
777 781
781 777
778 779
779 778
778 781
781 778
778 791
791 778
779 780
780 779
779 781
781 779
779 809
809 779
779 814
814 779
779 815
815 779
780 781
781 780
780 788
788 780
780 808
808 780
780 809
809 780
781 788
788 781
781 791
791 781
782 783
783 782
782 784
784 782
782 785
785 782
782 786
786 782
782 787
787 782
783 784
784 783
783 785
785 783
783 787
787 783
783 808
808 783
784 785
785 784
784 790
790 784
784 807
807 784
784 808
808 784
784 851
851 784
785 786
786 785
785 790
790 785
785 851
851 785
786 787
787 786
786 789
789 786
786 790
790 786
786 791
791 786
786 794
794 786
787 788
788 787
787 791
791 787
787 808
808 787
788 791
791 788
788 808
808 788
789 790
790 789
789 794
794 789
789 795
795 789
789 796
796 789
790 796
796 790
790 807
807 790
790 851
851 790
791 792
792 791
791 793
793 791
791 794
794 791
792 793
793 792
793 794
794 793
793 795
795 793
794 795
795 794
795 796
796 795
795 797
797 795
795 995
995 795
795 996
996 795
796 797
797 796
796 798
798 796
796 807
807 796
797 798
798 797
797 996
996 797
797 997
997 797
798 807
807 798
798 853
853 798
798 855
855 798
798 997
997 798
799 800
800 799
799 801
801 799
799 802
802 799
799 803
803 799
799 804
804 799
799 832
832 799
799 833
833 799
799 834
834 799
800 803
803 800
800 853
853 800
801 802
802 801
803 804
804 803
803 853
853 803
803 854
854 803
803 855
855 803
804 833
833 804
804 854
854 804
805 806
806 805
805 808
808 805
805 854
854 805
805 855
855 805
806 808
808 806
806 809
809 806
806 811
811 806
806 812
812 806
806 830
830 806
806 854
854 806
806 856
856 806
807 808
808 807
807 855
855 807
808 809
809 808
808 855
855 808
809 810
810 809
809 811
811 809
809 812
812 809
809 813
813 809
809 815
815 809
809 816
816 809
810 811
811 810
810 812
812 810
811 812
812 811
812 813
813 812
812 856
856 812
813 816
816 813
813 817
817 813
813 819
819 813
813 820
820 813
813 856
856 813
813 857
857 813
813 858
858 813
814 815
815 814
814 816
816 814
814 817
817 814
815 816
816 815
815 817
817 815
816 817
817 816
817 818
818 817
817 819
819 817
818 819
819 818
818 820
820 818
819 820
820 819
820 858
858 820
820 859
859 820
821 822
822 821
821 823
823 821
821 824
824 821
821 858
858 821
821 859
859 821
823 824
824 823
823 825
825 823
823 842
842 823
823 857
857 823
823 858
858 823
824 842
842 824
824 862
862 824
825 826
826 825
825 827
827 825
825 828
828 825
825 830
830 825
825 842
842 825
825 856
856 825
825 857
857 825
825 860
860 825
826 827
827 826
826 828
828 826
827 828
828 827
827 829
829 827
827 856
856 827
828 829
829 828
828 860
860 828
829 856
856 829
829 860
860 829
830 841
841 830
830 842
842 830
830 854
854 830
830 856
856 830
830 860
860 830
831 861
861 831
832 834
834 832
832 835
835 832
832 836
836 832
832 861
861 832
833 834
834 833
833 854
854 833
833 861
861 833
834 861
861 834
835 836
836 835
836 837
837 836
836 838
838 836
836 861
861 836
837 838
838 837
837 848
848 837
837 849
849 837
838 839
839 838
838 846
846 838
838 848
848 838
838 861
861 838
839 840
840 839
839 845
845 839
839 846
846 839
839 848
848 839
839 861
861 839
840 841
841 840
840 844
844 840
840 845
845 840
840 854
854 840
840 861
861 840
841 842
842 841
841 843
843 841
841 844
844 841
841 854
854 841
841 862
862 841
842 843
843 842
842 862
862 842
843 862
862 843
844 845
845 844
844 862
862 844
845 846
846 845
846 847
847 846
846 848
848 846
846 849
849 846
846 850
850 846
847 848
848 847
847 849
849 847
848 849
849 848
849 850
850 849
852 1156
1156 852
852 1195
1195 852
852 1196
1196 852
853 855
855 853
853 997
997 853
854 855
855 854
854 861
861 854
856 857
857 856
856 860
860 856
857 858
858 857
858 859
859 858
863 864
864 863
863 865
865 863
863 870
870 863
863 885
885 863
863 1001
1001 863
863 1297
1297 863
863 1298
1298 863
864 870
870 864
864 885
885 864
864 886
886 864
864 888
888 864
864 889
889 864
864 890
890 864
864 1297
1297 864
865 866
866 865
865 867
867 865
865 870
870 865
865 1001
1001 865
866 867
867 866
866 869
869 866
866 870
870 866
867 868
868 867
867 869
869 867
867 979
979 867
867 1001
1001 867
867 1599
1599 867
868 869
869 868
868 874
874 868
868 876
876 868
868 979
979 868
868 980
980 868
869 870
870 869
869 871
871 869
869 872
872 869
869 873
873 869
869 874
874 869
870 871
871 870
870 886
886 870
871 872
872 871
871 879
879 871
871 880
880 871
871 881
881 871
871 886
886 871
871 887
887 871
872 873
873 872
872 879
879 872
873 874
874 873
873 875
875 873
873 876
876 873
873 877
877 873
873 878
878 873
873 879
879 873
874 876
876 874
875 876
876 875
875 877
877 875
875 983
983 875
875 985
985 875
876 980
980 876
876 983
983 876
877 878
878 877
877 879
879 877
877 960
960 877
877 962
962 877
877 985
985 877
878 879
879 878
878 880
880 878
878 882
882 878
878 960
960 878
878 962
962 878
879 880
880 879
880 881
881 880
880 882
882 880
880 904
904 880
881 887
887 881
881 904
904 881
882 883
883 882
882 904
904 882
882 961
961 882
882 962
962 882
882 963
963 882
883 898
898 883
883 899
899 883
883 903
903 883
883 904
904 883
883 916
916 883
883 961
961 883
883 963
963 883
884 888
888 884
884 890
890 884
884 894
894 884
884 901
901 884
884 903
903 884
886 887
887 886
886 888
888 886
887 888
888 887
887 904
904 887
888 890
890 888
888 903
903 888
888 904
904 888
889 890
890 889
889 891
891 889
889 894
894 889
889 1281
1281 889
889 1297
1297 889
890 894
894 890
891 892
892 891
891 893
893 891
891 894
894 891
891 1280
1280 891
891 1281
1281 891
892 893
893 892
892 895
895 892
892 896
896 892
892 1274
1274 892
892 1280
1280 892
893 894
894 893
893 896
896 893
893 901
901 893
893 902
902 893
894 901
901 894
894 903
903 894
895 896
896 895
895 897
897 895
895 1274
1274 895
896 897
897 896
896 900
900 896
896 902
902 896
896 905
905 896
897 905
905 897
897 906
906 897
897 1273
1273 897
897 1274
1274 897
898 899
899 898
898 908
908 898
898 916
916 898
899 900
900 899
899 903
903 899
899 908
908 899
900 901
901 900
900 902
902 900
900 903
903 900
900 905
905 900
900 907
907 900
900 908
908 900
901 902
902 901
901 903
903 901
903 904
904 903
905 906
906 905
905 907
907 905
905 908
908 905
905 910
910 905
906 907
907 906
906 910
910 906
906 911
911 906
906 1273
1273 906
907 908
908 907
907 909
909 907
907 910
910 907
908 909
909 908
908 916
916 908
908 917
917 908
909 910
910 909
909 913
913 909
909 917
917 909
910 911
911 910
910 913
913 910
911 912
912 911
911 913
913 911
911 920
920 911
911 1006
1006 911
911 1273
1273 911
911 1595
1595 911
911 1600
1600 911
912 913
913 912
912 920
920 912
913 914
914 913
913 915
915 913
913 917
917 913
913 920
920 913
913 1002
1002 913
914 915
915 914
914 919
919 914
914 920
920 914
915 919
919 915
915 920
920 915
915 1002
1002 915
916 917
917 916
916 958
958 916
916 963
963 916
917 958
958 917
917 1002
1002 917
917 1003
1003 917
918 919
919 918
918 922
922 918
918 954
954 918
918 957
957 918
918 1002
1002 918
918 1003
1003 918
919 920
920 919
919 921
921 919
919 922
922 919
919 925
925 919
919 926
926 919
919 1002
1002 919
920 921
921 920
921 926
926 921
921 1004
1004 921
922 923
923 922
922 925
925 922
922 954
954 922
922 1005
1005 922
923 924
924 923
923 925
925 923
923 933
933 923
923 934
934 923
923 954
954 923
923 1005
1005 923
924 925
925 924
924 933
933 924
924 936
936 924
925 926
926 925
925 927
927 925
925 928
928 925
925 936
936 925
926 927
927 926
926 1004
1004 926
927 928
928 927
927 1004
1004 927
928 929
929 928
928 936
936 928
928 1004
1004 928
929 930
930 929
929 936
936 929
929 938
938 929
929 1004
1004 929
930 931
931 930
930 938
938 930
930 1004
1004 930
931 932
932 931
931 938
938 931
931 1004
1004 931
932 938
938 932
932 939
939 932
932 943
943 932
932 1004
1004 932
933 934
934 933
933 936
936 933
934 935
935 934
934 936
936 934
934 937
937 934
934 1005
1005 934
935 937
937 935
935 945
945 935
935 949
949 935
935 950
950 935
935 1005
1005 935
936 937
937 936
936 938
938 936
937 938
938 937
937 945
945 937
938 942
942 938
938 943
943 938
938 945
945 938
939 940
940 939
939 941
941 939
939 943
943 939
939 1004
1004 939
940 941
941 940
941 943
943 941
942 943
943 942
942 944
944 942
942 945
945 942
942 946
946 942
942 1000
1000 942
943 944
944 943
944 1000
1000 944
945 946
946 945
945 947
947 945
945 949
949 945
946 947
947 946
946 1000
1000 946
947 948
948 947
947 949
949 947
947 952
952 947
947 998
998 947
947 1000
1000 947
948 949
949 948
948 951
951 948
948 952
952 948
948 996
996 948
948 998
998 948
949 950
950 949
949 952
952 949
950 952
952 950
950 966
966 950
950 1005
1005 950
951 952
952 951
951 965
965 951
951 966
966 951
951 995
995 951
951 996
996 951
952 966
966 952
953 954
954 953
953 956
956 953
953 957
957 953
953 959
959 953
953 966
966 953
953 967
967 953
953 969
969 953
953 1005
1005 953
954 957
957 954
954 1005
1005 954
955 956
956 955
955 966
966 955
955 967
967 955
956 966
966 956
956 967
967 956
957 959
959 957
957 964
964 957
957 1003
1003 957
958 961
961 958
958 963
963 958
958 964
964 958
958 1003
1003 958
959 960
960 959
959 961
961 959
959 964
964 959
959 969
969 959
960 961
961 960
960 962
962 960
960 969
969 960
960 972
972 960
960 985
985 960
961 962
962 961
961 963
963 961
961 964
964 961
964 1003
1003 964
965 966
966 965
965 967
967 965
965 968
968 965
965 969
969 965
965 992
992 965
965 995
995 965
966 967
967 966
966 1005
1005 966
967 969
969 967
968 969
969 968
968 970
970 968
968 971
971 968
968 992
992 968
968 993
993 968
969 971
971 969
969 972
972 969
970 971
971 970
970 972
972 970
970 974
974 970
970 975
975 970
970 984
984 970
970 988
988 970
970 992
992 970
970 993
993 970
971 972
972 971
972 975
975 972
972 984
984 972
972 985
985 972
973 974
974 973
973 976
976 973
973 977
977 973
973 978
978 973
973 986
986 973
973 987
987 973
973 1128
1128 973
973 1129
1129 973
973 1130
1130 973
974 975
975 974
974 976
976 974
974 977
977 974
974 986
986 974
974 988
988 974
975 976
976 975
975 982
982 975
975 983
983 975
975 984
984 975
976 977
977 976
976 981
981 976
976 982
982 976
977 978
978 977
977 979
979 977
977 981
981 977
978 979
979 978
978 1130
1130 978
978 1132
1132 978
978 1133
1133 978
979 980
980 979
979 981
981 979
979 1133
1133 979
979 1134
1134 979
979 1599
1599 979
980 981
981 980
980 982
982 980
980 983
983 980
981 982
982 981
982 983
983 982
982 984
984 982
983 984
984 983
983 985
985 983
984 985
985 984
986 987
987 986
986 988
988 986
987 988
988 987
987 989
989 987
987 1126
1126 987
987 1127
1127 987
987 1128
1128 987
988 989
989 988
988 990
990 988
988 991
991 988
988 993
993 988
988 994
994 988
988 1126
1126 988
988 1144
1144 988
989 1126
1126 989
990 991
991 990
990 1126
1126 990
990 1144
1144 990
991 994
994 991
992 993
993 992
992 994
994 992
992 995
995 992
993 994
994 993
994 995
995 994
995 996
996 995
996 997
997 996
996 998
998 996
997 998
998 997
997 999
999 997
998 999
999 998
998 1000
1000 998
999 1000
1000 999
1001 1298
1298 1001
1001 1599
1599 1001
1002 1003
1003 1002
1006 1595
1595 1006
1006 1600
1600 1006
1007 1008
1008 1007
1007 1011
1011 1007
1007 1014
1014 1007
1007 1018
1018 1007
1008 1009
1009 1008
1008 1011
1011 1008
1008 1556
1556 1008
1008 1557
1557 1008
1008 1568
1568 1008
1009 1010
1010 1009
1009 1011
1011 1009
1009 1059
1059 1009
1009 1538
1538 1009
1009 1554
1554 1009
1009 1556
1556 1009
1009 1557
1557 1009
1010 1011
1011 1010
1010 1018
1018 1010
1010 1059
1059 1010
1010 1060
1060 1010
1010 1066
1066 1010
1011 1018
1018 1011
1012 1014
1014 1012
1012 1015
1015 1012
1012 1016
1016 1012
1012 1018
1018 1012
1012 1019
1019 1012
1012 1020
1020 1012
1012 1021
1021 1012
1012 1022
1022 1012
1012 1025
1025 1012
1012 1053
1053 1012
1012 1055
1055 1012
1013 1014
1014 1013
1013 1019
1019 1013
1013 1020
1020 1013
1014 1015
1015 1014
1014 1018
1018 1014
1014 1019
1019 1014
1015 1016
1016 1015
1015 1018
1018 1015
1016 1017
1017 1016
1016 1018
1018 1016
1016 1053
1053 1016
1016 1055
1055 1016
1016 1061
1061 1016
1016 1065
1065 1016
1016 1066
1066 1016
1017 1018
1018 1017
1017 1066
1066 1017
1018 1066
1066 1018
1019 1020
1020 1019
1021 1022
1022 1021
1021 1023
1023 1021
1021 1024
1024 1021
1021 1025
1025 1021
1022 1025
1025 1022
1023 1024
1024 1023
1023 1028
1028 1023
1023 1047
1047 1023
1023 1048
1048 1023
1023 1056
1056 1023
1024 1025
1025 1024
1024 1048
1048 1024
1024 1056
1056 1024
1025 1055
1055 1025
1025 1056
1056 1025
1026 1027
1027 1026
1026 1028
1028 1026
1026 1029
1029 1026
1026 1030
1030 1026
1026 1031
1031 1026
1026 1032
1032 1026
1026 1036
1036 1026
1026 1039
1039 1026
1026 1042
1042 1026
1026 1047
1047 1026
1027 1029
1029 1027
1027 1030
1030 1027
1027 1031
1031 1027
1027 1032
1032 1027
1028 1030
1030 1028
1028 1047
1047 1028
1029 1030
1030 1029
1031 1032
1032 1031
1031 1033
1033 1031
1032 1033
1033 1032
1032 1034
1034 1032
1032 1036
1036 1032
1032 1041
1041 1032
1032 1167
1167 1032
1033 1034
1034 1033
1033 1035
1035 1033
1033 1174
1174 1033
1033 1176
1176 1033
1034 1035
1035 1034
1034 1167
1167 1034
1034 1168
1168 1034
1034 1174
1174 1034
1034 1176
1176 1034
1036 1037
1037 1036
1036 1038
1038 1036
1036 1039
1039 1036
1036 1041
1041 1036
1037 1038
1038 1037
1037 1041
1041 1037
1038 1039
1039 1038
1038 1040
1040 1038
1038 1041
1041 1038
1038 1042
1042 1038
1038 1043
1043 1038
1039 1042
1042 1039
1040 1041
1041 1040
1040 1043
1043 1040
1040 1167
1167 1040
1041 1167
1167 1041
1042 1043
1043 1042
1042 1044
1044 1042
1042 1045
1045 1042
1042 1046
1046 1042
1042 1047
1047 1042
1043 1044
1044 1043
1043 1167
1167 1043
1043 1170
1170 1043
1044 1045
1045 1044
1044 1165
1165 1044
1044 1167
1167 1044
1044 1170
1170 1044
1045 1046
1046 1045
1045 1047
1047 1045
1045 1092
1092 1045
1045 1165
1165 1045
1047 1048
1048 1047
1047 1049
1049 1047
1047 1092
1092 1047
1047 1094
1094 1047
1048 1049
1049 1048
1048 1050
1050 1048
1048 1056
1056 1048
1048 1057
1057 1048
1049 1050
1050 1049
1049 1051
1051 1049
1049 1093
1093 1049
1049 1094
1094 1049
1050 1051
1051 1050
1050 1057
1057 1050
1050 1058
1058 1050
1051 1057
1057 1051
1051 1058
1058 1051
1051 1093
1093 1051
1052 1053
1053 1052
1052 1055
1055 1052
1052 1056
1056 1052
1052 1057
1057 1052
1052 1058
1058 1052
1052 1086
1086 1052
1053 1054
1054 1053
1053 1055
1055 1053
1053 1061
1061 1053
1053 1062
1062 1053
1053 1063
1063 1053
1053 1067
1067 1053
1053 1086
1086 1053
1053 1211
1211 1053
1054 1067
1067 1054
1054 1068
1068 1054
1054 1211
1211 1054
1054 1212
1212 1054
1055 1056
1056 1055
1056 1057
1057 1056
1057 1058
1058 1057
1058 1086
1086 1058
1058 1093
1093 1058
1059 1060
1060 1059
1059 1072
1072 1059
1059 1538
1538 1059
1059 1593
1593 1059
1060 1066
1066 1060
1060 1071
1071 1060
1060 1072
1072 1060
1061 1062
1062 1061
1061 1063
1063 1061
1061 1064
1064 1061
1061 1065
1065 1061
1062 1063
1063 1062
1062 1064
1064 1062
1063 1064
1064 1063
1063 1067
1067 1063
1064 1065
1065 1064
1064 1067
1067 1064
1064 1070
1070 1064
1065 1066
1066 1065
1065 1067
1067 1065
1065 1070
1070 1065
1065 1071
1071 1065
1066 1071
1071 1066
1067 1068
1068 1067
1067 1069
1069 1067
1067 1070
1070 1067
1068 1069
1069 1068
1068 1070
1070 1068
1068 1084
1084 1068
1068 1085
1085 1068
1068 1212
1212 1068
1069 1070
1070 1069
1069 1071
1071 1069
1069 1075
1075 1069
1069 1083
1083 1069
1069 1084
1084 1069
1069 1085
1085 1069
1070 1071
1071 1070
1071 1072
1072 1071
1071 1075
1075 1071
1072 1073
1073 1072
1072 1074
1074 1072
1072 1075
1075 1072
1072 1536
1536 1072
1072 1537
1537 1072
1072 1593
1593 1072
1073 1074
1074 1073
1073 1075
1075 1073
1073 1076
1076 1073
1073 1078
1078 1073
1073 1083
1083 1073
1073 1534
1534 1073
1073 1536
1536 1073
1074 1534
1534 1074
1074 1536
1536 1074
1074 1537
1537 1074
1075 1078
1078 1075
1075 1083
1083 1075
1076 1077
1077 1076
1076 1078
1078 1076
1076 1081
1081 1076
1076 1500
1500 1076
1076 1501
1501 1076
1076 1534
1534 1076
1077 1078
1078 1077
1077 1081
1081 1077
1077 1466
1466 1077
1077 1467
1467 1077
1077 1489
1489 1077
1077 1499
1499 1077
1077 1500
1500 1077
1078 1079
1079 1078
1078 1081
1081 1078
1078 1083
1083 1078
1079 1080
1080 1079
1079 1081
1081 1079
1079 1082
1082 1079
1079 1083
1083 1079
1080 1081
1081 1080
1080 1082
1082 1080
1080 1458
1458 1080
1080 1461
1461 1080
1081 1461
1461 1081
1081 1463
1463 1081
1081 1464
1464 1081
1081 1466
1466 1081
1081 1467
1467 1081
1082 1083
1083 1082
1082 1084
1084 1082
1082 1085
1085 1082
1082 1212
1212 1082
1082 1214
1214 1082
1082 1215
1215 1082
1082 1453
1453 1082
1082 1454
1454 1082
1082 1457
1457 1082
1082 1458
1458 1082
1083 1084
1084 1083
1084 1085
1085 1084
1085 1212
1212 1085
1086 1087
1087 1086
1086 1093
1093 1086
1086 1095
1095 1086
1086 1112
1112 1086
1086 1114
1114 1086
1086 1211
1211 1086
1086 1213
1213 1086
1087 1088
1088 1087
1087 1089
1089 1087
1087 1112
1112 1087
1087 1114
1114 1087
1087 1213
1213 1087
1088 1089
1089 1088
1088 1213
1213 1088
1089 1090
1090 1089
1089 1112
1112 1089
1089 1125
1125 1089
1089 1213
1213 1089
1089 1429
1429 1089
1090 1112
1112 1090
1090 1113
1113 1090
1090 1116
1116 1090
1090 1117
1117 1090
1090 1125
1125 1090
1091 1092
1092 1091
1091 1094
1094 1091
1091 1096
1096 1091
1091 1097
1097 1091
1091 1115
1115 1091
1091 1165
1165 1091
1092 1094
1094 1092
1092 1165
1165 1092
1093 1094
1094 1093
1093 1095
1095 1093
1094 1095
1095 1094
1094 1097
1097 1094
1094 1115
1115 1094
1095 1114
1114 1095
1095 1115
1115 1095
1096 1097
1097 1096
1096 1098
1098 1096
1096 1099
1099 1096
1096 1100
1100 1096
1096 1105
1105 1096
1096 1148
1148 1096
1096 1165
1165 1096
1096 1166
1166 1096
1097 1098
1098 1097
1097 1102
1102 1097
1097 1104
1104 1097
1097 1111
1111 1097
1097 1115
1115 1097
1097 1216
1216 1097
1098 1104
1104 1098
1098 1105
1105 1098
1099 1100
1100 1099
1099 1101
1101 1099
1099 1105
1105 1099
1099 1106
1106 1099
1099 1107
1107 1099
1099 1108
1108 1099
1100 1101
1101 1100
1100 1137
1137 1100
1100 1141
1141 1100
1100 1148
1148 1100
1100 1149
1149 1100
1100 1150
1150 1100
1100 1166
1166 1100
1101 1107
1107 1101
1101 1108
1108 1101
1101 1110
1110 1101
1101 1136
1136 1101
1101 1141
1141 1101
1101 1142
1142 1101
1102 1103
1103 1102
1102 1104
1104 1102
1102 1109
1109 1102
1102 1110
1110 1102
1102 1111
1111 1102
1102 1216
1216 1102
1103 1104
1104 1103
1103 1105
1105 1103
1103 1106
1106 1103
1103 1109
1109 1103
1104 1105
1105 1104
1105 1106
1106 1105
1105 1109
1109 1105
1106 1107
1107 1106
1106 1109
1109 1106
1107 1108
1108 1107
1107 1109
1109 1107
1107 1110
1110 1107
1108 1110
1110 1108
1109 1110
1110 1109
1110 1111
1111 1110
1110 1136
1136 1110
1110 1139
1139 1110
1111 1112
1112 1111
1111 1113
1113 1111
1111 1114
1114 1111
1111 1139
1139 1111
1111 1146
1146 1111
1111 1216
1216 1111
1112 1113
1113 1112
1112 1114
1114 1112
1113 1116
1116 1113
1113 1117
1117 1113
1113 1118
1118 1113
1113 1146
1146 1113
1114 1115
1115 1114
1114 1216
1216 1114
1115 1216
1216 1115
1116 1117
1117 1116
1117 1118
1118 1117
1117 1125
1125 1117
1118 1125
1125 1118
1118 1126
1126 1118
1118 1146
1146 1118
1119 1120
1120 1119
1119 1121
1121 1119
1119 1333
1333 1119
1119 1336
1336 1119
1119 1337
1337 1119
1119 1339
1339 1119
1119 1340
1340 1119
1119 1416
1416 1119
1119 1418
1418 1119
1119 1419
1419 1119
1119 1591
1591 1119
1119 1592
1592 1119
1120 1121
1121 1120
1120 1122
1122 1120
1120 1124
1124 1120
1120 1419
1419 1120
1120 1423
1423 1120
1121 1122
1122 1121
1121 1131
1131 1121
1121 1135
1135 1121
1121 1333
1333 1121
1121 1336
1336 1121
1121 1575
1575 1121
1122 1123
1123 1122
1122 1124
1124 1122
1122 1125
1125 1122
1122 1131
1131 1122
1122 1135
1135 1122
1123 1124
1124 1123
1123 1125
1125 1123
1123 1423
1423 1123
1123 1424
1424 1123
1123 1425
1425 1123
1123 1428
1428 1123
1123 1429
1429 1123
1124 1423
1423 1124
1125 1126
1126 1125
1125 1127
1127 1125
1125 1128
1128 1125
1125 1129
1129 1125
1125 1131
1131 1125
1125 1429
1429 1125
1126 1127
1127 1126
1126 1144
1144 1126
1126 1146
1146 1126
1127 1128
1128 1127
1128 1129
1129 1128
1129 1130
1130 1129
1129 1131
1131 1129
1130 1131
1131 1130
1130 1132
1132 1130
1131 1132
1132 1131
1131 1133
1133 1131
1131 1134
1134 1131
1131 1135
1135 1131
1131 1575
1575 1131
1132 1133
1133 1132
1133 1134
1134 1133
1134 1315
1315 1134
1134 1316
1316 1134
1134 1575
1575 1134
1134 1599
1599 1134
1136 1138
1138 1136
1136 1139
1139 1136
1136 1142
1142 1136
1137 1140
1140 1137
1137 1141
1141 1137
1137 1143
1143 1137
1137 1145
1145 1137
1137 1150
1150 1137
1138 1139
1139 1138
1138 1140
1140 1138
1138 1141
1141 1138
1138 1142
1142 1138
1139 1140
1140 1139
1139 1145
1145 1139
1139 1146
1146 1139
1140 1141
1141 1140
1140 1145
1145 1140
1141 1142
1142 1141
1143 1144
1144 1143
1143 1145
1145 1143
1144 1145
1145 1144
1144 1146
1146 1144
1145 1146
1146 1145
1147 1148
1148 1147
1147 1150
1150 1147
1147 1166
1166 1147
1147 1217
1217 1147
1148 1149
1149 1148
1148 1150
1150 1148
1148 1166
1166 1148
1149 1150
1150 1149
1150 1151
1151 1150
1150 1217
1217 1150
1151 1152
1152 1151
1151 1153
1153 1151
1151 1217
1217 1151
1152 1153
1153 1152
1152 1157
1157 1152
1152 1158
1158 1152
1152 1217
1217 1152
1153 1154
1154 1153
1153 1158
1158 1153
1153 1159
1159 1153
1153 1194
1194 1153
1153 1196
1196 1153
1154 1155
1155 1154
1154 1156
1156 1154
1154 1196
1196 1154
1155 1156
1156 1155
1155 1196
1196 1155
1156 1196
1196 1156
1157 1158
1158 1157
1157 1159
1159 1157
1157 1164
1164 1157
1157 1217
1217 1157
1158 1159
1159 1158
1159 1160
1160 1159
1159 1162
1162 1159
1159 1164
1164 1159
1159 1194
1194 1159
1160 1161
1161 1160
1160 1162
1162 1160
1160 1163
1163 1160
1160 1164
1164 1160
1160 1171
1171 1160
1160 1181
1181 1160
1160 1193
1193 1160
1160 1194
1194 1160
1161 1193
1193 1161
1162 1163
1163 1162
1162 1164
1164 1162
1163 1164
1164 1163
1163 1171
1171 1163
1164 1165
1165 1164
1164 1166
1166 1164
1164 1169
1169 1164
1164 1171
1171 1164
1164 1217
1217 1164
1165 1166
1166 1165
1165 1169
1169 1165
1165 1170
1170 1165
1166 1217
1217 1166
1167 1168
1168 1167
1167 1169
1169 1167
1167 1170
1170 1167
1168 1169
1169 1168
1168 1170
1170 1168
1168 1171
1171 1168
1168 1174
1174 1168
1169 1170
1170 1169
1169 1171
1171 1169
1171 1172
1172 1171
1171 1173
1173 1171
1171 1174
1174 1171
1171 1181
1181 1171
1172 1173
1173 1172
1172 1174
1174 1172
1172 1181
1181 1172
1173 1174
1174 1173
1174 1175
1175 1174
1174 1176
1176 1174
1174 1180
1180 1174
1174 1181
1181 1174
1175 1176
1176 1175
1175 1178
1178 1175
1175 1179
1179 1175
1175 1180
1180 1175
1176 1177
1177 1176
1176 1178
1178 1176
1177 1178
1178 1177
1178 1179
1179 1178
1180 1181
1181 1180
1180 1182
1182 1180
1181 1182
1182 1181
1181 1192
1192 1181
1181 1193
1193 1181
1182 1183
1183 1182
1182 1192
1192 1182
1183 1184
1184 1183
1183 1185
1185 1183
1183 1186
1186 1183
1183 1187
1187 1183
1183 1190
1190 1183
1183 1192
1192 1183
1184 1185
1185 1184
1185 1186
1186 1185
1187 1188
1188 1187
1187 1190
1190 1187
1187 1191
1191 1187
1188 1189
1189 1188
1188 1190
1190 1188
1188 1191
1191 1188
1189 1191
1191 1189
1189 1208
1208 1189
1190 1191
1191 1190
1190 1192
1192 1190
1191 1192
1192 1191
1191 1194
1194 1191
1191 1197
1197 1191
1191 1198
1198 1191
1191 1208
1208 1191
1192 1193
1193 1192
1192 1194
1194 1192
1193 1194
1194 1193
1194 1195
1195 1194
1194 1196
1196 1194
1194 1198
1198 1194
1195 1196
1196 1195
1195 1198
1198 1195
1195 1199
1199 1195
1197 1198
1198 1197
1197 1199
1199 1197
1197 1203
1203 1197
1197 1205
1205 1197
1197 1208
1208 1197
1198 1199
1199 1198
1199 1201
1201 1199
1199 1203
1203 1199
1200 1201
1201 1200
1200 1203
1203 1200
1200 1204
1204 1200
1200 1207
1207 1200
1201 1203
1203 1201
1201 1204
1204 1201
1202 1204
1204 1202
1202 1205
1205 1202
1202 1206
1206 1202
1202 1207
1207 1202
1202 1208
1208 1202
1202 1209
1209 1202
1203 1204
1204 1203
1203 1205
1205 1203
1203 1206
1206 1203
1204 1206
1206 1204
1204 1207
1207 1204
1205 1206
1206 1205
1205 1208
1208 1205
1207 1209
1209 1207
1207 1210
1210 1207
1208 1209
1209 1208
1209 1210
1210 1209
1211 1212
1212 1211
1211 1213
1213 1211
1211 1214
1214 1211
1212 1213
1213 1212
1212 1214
1214 1212
1213 1214
1214 1213
1213 1429
1429 1213
1213 1584
1584 1213
1213 1587
1587 1213
1213 1592
1592 1213
1214 1215
1215 1214
1214 1587
1587 1214
1215 1450
1450 1215
1215 1451
1451 1215
1215 1452
1452 1215
1215 1453
1453 1215
1215 1587
1587 1215
1218 1219
1219 1218
1218 1223
1223 1218
1218 1224
1224 1218
1218 1231
1231 1218
1218 1232
1232 1218
1218 1570
1570 1218
1218 1571
1571 1218
1218 1576
1576 1218
1219 1220
1220 1219
1219 1222
1222 1219
1219 1223
1223 1219
1219 1341
1341 1219
1219 1576
1576 1219
1220 1221
1221 1220
1220 1222
1222 1220
1220 1223
1223 1220
1220 1341
1341 1220
1220 1576
1576 1220
1220 1591
1591 1220
1221 1222
1222 1221
1221 1225
1225 1221
1221 1572
1572 1221
1221 1591
1591 1221
1222 1223
1223 1222
1222 1224
1224 1222
1222 1225
1225 1222
1223 1224
1224 1223
1223 1225
1225 1223
1223 1231
1231 1223
1224 1225
1225 1224
1224 1228
1228 1224
1224 1229
1229 1224
1224 1230
1230 1224
1224 1231
1231 1224
1225 1226
1226 1225
1225 1227
1227 1225
1225 1228
1228 1225
1225 1229
1229 1225
1225 1572
1572 1225
1226 1227
1227 1226
1226 1235
1235 1226
1226 1572
1572 1226
1227 1228
1228 1227
1227 1235
1235 1227
1227 1236
1236 1227
1228 1229
1229 1228
1228 1233
1233 1228
1228 1236
1236 1228
1229 1230
1230 1229
1229 1233
1233 1229
1229 1236
1236 1229
1230 1231
1231 1230
1230 1233
1233 1230
1230 1234
1234 1230
1231 1232
1232 1231
1231 1234
1234 1231
1231 1239
1239 1231
1231 1240
1240 1231
1232 1240
1240 1232
1232 1570
1570 1232
1233 1234
1234 1233
1233 1236
1236 1233
1233 1238
1238 1233
1233 1239
1239 1233
1234 1239
1239 1234
1235 1236
1236 1235
1235 1237
1237 1235
1235 1238
1238 1235
1235 1572
1572 1235
1236 1238
1238 1236
1236 1239
1239 1236
1237 1238
1238 1237
1237 1243
1243 1237
1237 1244
1244 1237
1237 1245
1245 1237
1237 1259
1259 1237
1237 1572
1572 1237
1238 1239
1239 1238
1238 1242
1242 1238
1238 1243
1243 1238
1239 1240
1240 1239
1239 1241
1241 1239
1239 1242
1242 1239
1240 1241
1241 1240
1240 1242
1242 1240
1240 1570
1570 1240
1241 1242
1242 1241
1241 1248
1248 1241
1241 1249
1249 1241
1241 1570
1570 1241
1242 1243
1243 1242
1242 1248
1248 1242
1242 1249
1249 1242
1243 1245
1245 1243
1243 1246
1246 1243
1243 1248
1248 1243
1244 1245
1245 1244
1244 1257
1257 1244
1244 1258
1258 1244
1244 1259
1259 1244
1245 1246
1246 1245
1245 1256
1256 1245
1245 1257
1257 1245
1245 1258
1258 1245
1246 1247
1247 1246
1246 1248
1248 1246
1246 1254
1254 1246
1246 1256
1256 1246
1246 1257
1257 1246
1247 1248
1248 1247
1247 1253
1253 1247
1247 1254
1254 1247
1247 1256
1256 1247
1248 1249
1249 1248
1248 1250
1250 1248
1248 1252
1252 1248
1248 1253
1253 1248
1248 1254
1254 1248
1249 1250
1250 1249
1249 1251
1251 1249
1249 1252
1252 1249
1249 1570
1570 1249
1250 1251
1251 1250
1250 1252
1252 1250
1250 1268
1268 1250
1250 1270
1270 1250
1251 1270
1270 1251
1251 1570
1570 1251
1251 1598
1598 1251
1252 1253
1253 1252
1252 1268
1268 1252
1253 1254
1254 1253
1253 1266
1266 1253
1253 1268
1268 1253
1254 1255
1255 1254
1254 1256
1256 1254
1254 1264
1264 1254
1254 1266
1266 1254
1255 1256
1256 1255
1255 1257
1257 1255
1255 1261
1261 1255
1255 1264
1264 1255
1256 1257
1257 1256
1257 1258
1258 1257
1257 1261
1261 1257
1258 1259
1259 1258
1258 1260
1260 1258
1258 1261
1261 1258
1259 1260
1260 1259
1259 1572
1572 1259
1259 1600
1600 1259
1260 1261
1261 1260
1260 1262
1262 1260
1260 1263
1263 1260
1260 1600
1600 1260
1261 1262
1262 1261
1261 1264
1264 1261
1262 1263
1263 1262
1262 1264
1264 1262
1263 1264
1264 1263
1263 1265
1265 1263
1263 1574
1574 1263
1263 1600
1600 1263
1264 1265
1265 1264
1264 1266
1266 1264
1264 1267
1267 1264
1265 1267
1267 1265
1265 1573
1573 1265
1265 1574
1574 1265
1266 1267
1267 1266
1266 1268
1268 1266
1266 1269
1269 1266
1267 1268
1268 1267
1267 1269
1269 1267
1267 1573
1573 1267
1268 1269
1269 1268
1268 1270
1270 1268
1268 1271
1271 1268
1269 1270
1270 1269
1269 1271
1271 1269
1269 1573
1573 1269
1270 1271
1271 1270
1270 1598
1598 1270
1271 1573
1573 1271
1271 1598
1598 1271
1272 1574
1574 1272
1272 1598
1598 1272
1272 1600
1600 1272
1273 1274
1274 1273
1273 1275
1275 1273
1273 1600
1600 1273
1274 1275
1275 1274
1274 1276
1276 1274
1274 1279
1279 1274
1274 1280
1280 1274
1275 1276
1276 1275
1275 1600
1600 1275
1276 1277
1277 1276
1276 1278
1278 1276
1276 1279
1279 1276
1276 1600
1600 1276
1277 1278
1278 1277
1277 1283
1283 1277
1277 1600
1600 1277
1278 1279
1279 1278
1278 1282
1282 1278
1278 1283
1283 1278
1279 1280
1280 1279
1279 1282
1282 1279
1279 1283
1283 1279
1280 1281
1281 1280
1280 1282
1282 1280
1281 1282
1282 1281
1281 1285
1285 1281
1281 1286
1286 1281
1281 1287
1287 1281
1281 1288
1288 1281
1281 1297
1297 1281
1282 1283
1283 1282
1282 1284
1284 1282
1282 1285
1285 1282
1282 1286
1286 1282
1283 1284
1284 1283
1283 1285
1285 1283
1283 1600
1600 1283
1284 1285
1285 1284
1284 1290
1290 1284
1284 1600
1600 1284
1285 1286
1286 1285
1285 1290
1290 1285
1285 1600
1600 1285
1286 1287
1287 1286
1286 1289
1289 1286
1286 1290
1290 1286
1287 1288
1288 1287
1287 1289
1289 1287
1288 1289
1289 1288
1288 1294
1294 1288
1288 1295
1295 1288
1288 1297
1297 1288
1289 1290
1290 1289
1289 1292
1292 1289
1289 1293
1293 1289
1289 1294
1294 1289
1290 1291
1291 1290
1290 1292
1292 1290
1290 1572
1572 1290
1290 1600
1600 1290
1291 1292
1292 1291
1291 1293
1293 1291
1291 1304
1304 1291
1291 1305
1305 1291
1291 1307
1307 1291
1291 1572
1572 1291
1291 1600
1600 1291
1292 1293
1293 1292
1292 1294
1294 1292
1292 1304
1304 1292
1293 1294
1294 1293
1293 1301
1301 1293
1293 1302
1302 1293
1293 1304
1304 1293
1294 1295
1295 1294
1294 1296
1296 1294
1294 1301
1301 1294
1294 1302
1302 1294
1295 1296
1296 1295
1295 1297
1297 1295
1296 1297
1297 1296
1296 1299
1299 1296
1296 1300
1300 1296
1296 1301
1301 1296
1297 1298
1298 1297
1297 1299
1299 1297
1298 1299
1299 1298
1298 1314
1314 1298
1298 1599
1599 1298
1299 1300
1300 1299
1299 1313
1313 1299
1299 1314
1314 1299
1300 1301
1301 1300
1300 1312
1312 1300
1300 1313
1313 1300
1301 1302
1302 1301
1301 1303
1303 1301
1301 1311
1311 1301
1301 1312
1312 1301
1302 1303
1303 1302
1302 1304
1304 1302
1303 1304
1304 1303
1303 1310
1310 1303
1303 1311
1311 1303
1303 1321
1321 1303
1303 1322
1322 1303
1304 1305
1305 1304
1304 1310
1310 1304
1305 1307
1307 1305
1305 1310
1310 1305
1306 1307
1307 1306
1306 1309
1309 1306
1306 1572
1572 1306
1307 1309
1309 1307
1307 1310
1310 1307
1307 1572
1572 1307
1308 1309
1309 1308
1308 1325
1325 1308
1308 1326
1326 1308
1308 1572
1572 1308
1308 1591
1591 1308
1309 1310
1310 1309
1309 1325
1325 1309
1309 1326
1326 1309
1309 1572
1572 1309
1310 1322
1322 1310
1310 1323
1323 1310
1310 1325
1325 1310
1311 1312
1312 1311
1311 1319
1319 1311
1311 1320
1320 1311
1311 1321
1321 1311
1312 1313
1313 1312
1312 1319
1319 1312
1313 1314
1314 1313
1313 1318
1318 1313
1313 1319
1319 1313
1313 1329
1329 1313
1314 1317
1317 1314
1314 1318
1318 1314
1314 1599
1599 1314
1315 1316
1316 1315
1315 1599
1599 1315
1316 1599
1599 1316
1317 1318
1318 1317
1317 1331
1331 1317
1317 1332
1332 1317
1317 1599
1599 1317
1318 1329
1329 1318
1318 1330
1330 1318
1318 1331
1331 1318
1319 1320
1320 1319
1319 1328
1328 1319
1319 1329
1329 1319
1320 1321
1321 1320
1320 1328
1328 1320
1320 1329
1329 1320
1321 1322
1322 1321
1321 1328
1328 1321
1322 1323
1323 1322
1322 1324
1324 1322
1322 1327
1327 1322
1322 1328
1328 1322
1323 1324
1324 1323
1323 1325
1325 1323
1324 1325
1325 1324
1324 1327
1327 1324
1324 1591
1591 1324
1325 1326
1326 1325
1325 1327
1327 1325
1325 1591
1591 1325
1326 1591
1591 1326
1327 1328
1328 1327
1327 1591
1591 1327
1328 1329
1329 1328
1328 1330
1330 1328
1328 1334
1334 1328
1328 1335
1335 1328
1328 1591
1591 1328
1329 1330
1330 1329
1329 1331
1331 1329
1330 1331
1331 1330
1330 1334
1334 1330
1331 1332
1332 1331
1331 1333
1333 1331
1331 1334
1334 1331
1331 1575
1575 1331
1332 1575
1575 1332
1332 1599
1599 1332
1333 1334
1334 1333
1333 1336
1336 1333
1333 1575
1575 1333
1334 1335
1335 1334
1334 1336
1336 1334
1334 1575
1575 1334
1335 1336
1336 1335
1335 1337
1337 1335
1335 1591
1591 1335
1336 1337
1337 1336
1337 1340
1340 1337
1337 1591
1591 1337
1338 1339
1339 1338
1338 1340
1340 1338
1338 1591
1591 1338
1339 1340
1340 1339
1339 1591
1591 1339
1340 1591
1591 1340
1341 1344
1344 1341
1341 1345
1345 1341
1341 1346
1346 1341
1341 1576
1576 1341
1341 1591
1591 1341
1342 1343
1343 1342
1342 1354
1354 1342
1342 1355
1355 1342
1342 1571
1571 1342
1342 1576
1576 1342
1343 1344
1344 1343
1343 1353
1353 1343
1343 1354
1354 1343
1343 1576
1576 1343
1344 1346
1346 1344
1344 1347
1347 1344
1344 1353
1353 1344
1344 1354
1354 1344
1344 1576
1576 1344
1345 1346
1346 1345
1345 1347
1347 1345
1345 1348
1348 1345
1345 1591
1591 1345
1346 1347
1347 1346
1347 1348
1348 1347
1347 1349
1349 1347
1347 1352
1352 1347
1347 1353
1353 1347
1348 1349
1349 1348
1348 1591
1591 1348
1349 1350
1350 1349
1349 1351
1351 1349
1349 1352
1352 1349
1349 1591
1591 1349
1350 1351
1351 1350
1350 1362
1362 1350
1350 1591
1591 1350
1351 1352
1352 1351
1351 1362
1362 1351
1352 1353
1353 1352
1352 1360
1360 1352
1352 1361
1361 1352
1352 1362
1362 1352
1353 1354
1354 1353
1353 1359
1359 1353
1353 1360
1360 1353
1354 1355
1355 1354
1354 1357
1357 1354
1354 1358
1358 1354
1354 1359
1359 1354
1354 1571
1571 1354
1355 1356
1356 1355
1355 1357
1357 1355
1355 1369
1369 1355
1355 1570
1570 1355
1355 1571
1571 1355
1356 1357
1357 1356
1356 1369
1369 1356
1356 1578
1578 1356
1357 1358
1358 1357
1357 1367
1367 1357
1357 1368
1368 1357
1357 1369
1369 1357
1358 1359
1359 1358
1358 1367
1367 1358
1358 1577
1577 1358
1359 1360
1360 1359
1359 1366
1366 1359
1359 1577
1577 1359
1360 1361
1361 1360
1360 1365
1365 1360
1360 1366
1366 1360
1360 1577
1577 1360
1361 1362
1362 1361
1361 1365
1365 1361
1361 1366
1366 1361
1362 1363
1363 1362
1362 1364
1364 1362
1362 1365
1365 1362
1362 1591
1591 1362
1363 1364
1364 1363
1363 1381
1381 1363
1363 1591
1591 1363
1364 1365
1365 1364
1364 1380
1380 1364
1364 1381
1381 1364
1365 1366
1366 1365
1365 1377
1377 1365
1365 1379
1379 1365
1365 1380
1380 1365
1366 1376
1376 1366
1366 1377
1377 1366
1366 1378
1378 1366
1366 1379
1379 1366
1366 1577
1577 1366
1367 1368
1368 1367
1367 1372
1372 1367
1367 1577
1577 1367
1368 1369
1369 1368
1368 1370
1370 1368
1368 1371
1371 1368
1368 1372
1372 1368
1369 1370
1370 1369
1369 1371
1371 1369
1369 1578
1578 1369
1370 1371
1371 1370
1370 1394
1394 1370
1370 1395
1395 1370
1370 1578
1578 1370
1371 1372
1372 1371
1371 1373
1373 1371
1371 1392
1392 1371
1371 1393
1393 1371
1371 1394
1394 1371
1372 1373
1373 1372
1372 1374
1374 1372
1372 1375
1375 1372
1372 1577
1577 1372
1373 1374
1374 1373
1373 1389
1389 1373
1373 1392
1392 1373
1373 1393
1393 1373
1374 1375
1375 1374
1374 1387
1387 1374
1374 1388
1388 1374
1374 1389
1389 1374
1375 1376
1376 1375
1375 1387
1387 1375
1375 1388
1388 1375
1375 1577
1577 1375
1376 1378
1378 1376
1376 1386
1386 1376
1376 1387
1387 1376
1376 1577
1577 1376
1377 1378
1378 1377
1377 1379
1379 1377
1377 1386
1386 1377
1378 1386
1386 1378
1378 1387
1387 1378
1378 1577
1577 1378
1379 1380
1380 1379
1379 1384
1384 1379
1379 1386
1386 1379
1380 1381
1381 1380
1380 1384
1384 1380
1380 1385
1385 1380
1381 1383
1383 1381
1381 1385
1385 1381
1381 1591
1591 1381
1382 1383
1383 1382
1382 1411
1411 1382
1382 1414
1414 1382
1382 1415
1415 1382
1382 1416
1416 1382
1382 1591
1591 1382
1383 1384
1384 1383
1383 1385
1385 1383
1383 1386
1386 1383
1383 1411
1411 1383
1383 1414
1414 1383
1383 1591
1591 1383
1384 1385
1385 1384
1384 1386
1386 1384
1384 1411
1411 1384
1386 1387
1387 1386
1386 1408
1408 1386
1386 1409
1409 1386
1386 1411
1411 1386
1387 1388
1388 1387
1387 1407
1407 1387
1387 1408
1408 1387
1388 1389
1389 1388
1388 1390
1390 1388
1388 1403
1403 1388
1388 1404
1404 1388
1388 1407
1407 1388
1388 1408
1408 1388
1388 1583
1583 1388
1389 1390
1390 1389
1389 1392
1392 1389
1390 1392
1392 1390
1390 1403
1403 1390
1391 1392
1392 1391
1391 1393
1393 1391
1391 1399
1399 1391
1391 1402
1402 1391
1392 1393
1393 1392
1392 1402
1402 1392
1392 1403
1403 1392
1393 1394
1394 1393
1393 1399
1399 1393
1393 1582
1582 1393
1394 1395
1395 1394
1394 1396
1396 1394
1394 1578
1578 1394
1394 1582
1582 1394
1395 1396
1396 1395
1395 1578
1578 1395
1396 1578
1578 1396
1396 1579
1579 1396
1396 1582
1582 1396
1397 1398
1398 1397
1397 1578
1578 1397
1397 1579
1579 1397
1397 1580
1580 1397
1397 1582
1582 1397
1398 1580
1580 1398
1398 1581
1581 1398
1399 1401
1401 1399
1399 1402
1402 1399
1399 1582
1582 1399
1400 1401
1401 1400
1400 1490
1490 1400
1400 1491
1491 1400
1400 1582
1582 1400
1401 1402
1402 1401
1401 1486
1486 1401
1401 1487
1487 1401
1401 1490
1490 1401
1401 1491
1491 1401
1401 1582
1582 1401
1401 1583
1583 1401
1402 1403
1403 1402
1402 1404
1404 1402
1402 1582
1582 1402
1402 1583
1583 1402
1403 1404
1404 1403
1404 1407
1407 1404
1404 1583
1583 1404
1405 1406
1406 1405
1405 1481
1481 1405
1405 1484
1484 1405
1405 1583
1583 1405
1405 1596
1596 1405
1406 1407
1407 1406
1406 1412
1412 1406
1406 1583
1583 1406
1406 1596
1596 1406
1407 1408
1408 1407
1407 1412
1412 1407
1407 1583
1583 1407
1408 1409
1409 1408
1408 1410
1410 1408
1408 1412
1412 1408
1409 1410
1410 1409
1409 1411
1411 1409
1410 1411
1411 1410
1410 1412
1412 1410
1410 1413
1413 1410
1410 1414
1414 1410
1411 1414
1414 1411
1412 1413
1413 1412
1412 1414
1414 1412
1412 1596
1596 1412
1413 1414
1414 1413
1413 1477
1477 1413
1413 1480
1480 1413
1413 1596
1596 1413
1414 1415
1415 1414
1414 1439
1439 1414
1414 1440
1440 1414
1414 1441
1441 1414
1414 1477
1477 1414
1415 1416
1416 1415
1415 1417
1417 1415
1415 1436
1436 1415
1415 1439
1439 1415
1416 1417
1417 1416
1416 1591
1591 1416
1416 1592
1592 1416
1417 1436
1436 1417
1417 1592
1592 1417
1418 1419
1419 1418
1418 1420
1420 1418
1418 1592
1592 1418
1419 1420
1420 1419
1419 1421
1421 1419
1419 1422
1422 1419
1419 1423
1423 1419
1420 1421
1421 1420
1420 1422
1422 1420
1420 1592
1592 1420
1421 1422
1422 1421
1421 1424
1424 1421
1421 1426
1426 1421
1421 1592
1592 1421
1422 1423
1423 1422
1422 1424
1424 1422
1422 1426
1426 1422
1423 1424
1424 1423
1424 1425
1425 1424
1424 1426
1426 1424
1425 1426
1426 1425
1425 1427
1427 1425
1425 1428
1428 1425
1426 1427
1427 1426
1426 1428
1428 1426
1426 1592
1592 1426
1427 1428
1428 1427
1427 1429
1429 1427
1427 1584
1584 1427
1427 1592
1592 1427
1428 1429
1429 1428
1428 1584
1584 1428
1429 1584
1584 1429
1430 1450
1450 1430
1430 1451
1451 1430
1430 1585
1585 1430
1430 1586
1586 1430
1430 1587
1587 1430
1430 1588
1588 1430
1431 1432
1432 1431
1431 1435
1435 1431
1431 1586
1586 1431
1431 1592
1592 1431
1432 1433
1433 1432
1432 1434
1434 1432
1432 1435
1435 1432
1432 1586
1586 1432
1432 1588
1588 1432
1433 1434
1434 1433
1433 1446
1446 1433
1433 1447
1447 1433
1433 1449
1449 1433
1433 1588
1588 1433
1434 1435
1435 1434
1434 1436
1436 1434
1434 1437
1437 1434
1434 1442
1442 1434
1434 1446
1446 1434
1435 1436
1436 1435
1435 1437
1437 1435
1435 1592
1592 1435
1436 1437
1437 1436
1436 1438
1438 1436
1436 1439
1439 1436
1436 1592
1592 1436
1437 1438
1438 1437
1437 1442
1442 1437
1438 1439
1439 1438
1438 1440
1440 1438
1438 1441
1441 1438
1438 1442
1442 1438
1439 1440
1440 1439
1440 1441
1441 1440
1440 1477
1477 1440
1441 1442
1442 1441
1441 1443
1443 1441
1441 1476
1476 1441
1441 1477
1477 1441
1442 1443
1443 1442
1442 1444
1444 1442
1442 1446
1446 1442
1443 1444
1444 1443
1443 1445
1445 1443
1443 1475
1475 1443
1443 1476
1476 1443
1444 1445
1445 1444
1444 1446
1446 1444
1444 1589
1589 1444
1445 1460
1460 1445
1445 1473
1473 1445
1445 1475
1475 1445
1445 1589
1589 1445
1446 1447
1447 1446
1446 1589
1589 1446
1447 1448
1448 1447
1447 1449
1449 1447
1447 1589
1589 1447
1448 1449
1449 1448
1448 1455
1455 1448
1448 1456
1456 1448
1448 1459
1459 1448
1448 1589
1589 1448
1449 1450
1450 1449
1449 1452
1452 1449
1449 1455
1455 1449
1449 1588
1588 1449
1450 1451
1451 1450
1450 1452
1452 1450
1450 1455
1455 1450
1450 1588
1588 1450
1451 1585
1585 1451
1451 1587
1587 1451
1451 1588
1588 1451
1452 1453
1453 1452
1452 1455
1455 1452
1453 1454
1454 1453
1453 1455
1455 1453
1454 1455
1455 1454
1454 1456
1456 1454
1454 1457
1457 1454
1455 1456
1456 1455
1455 1457
1457 1455
1456 1457
1457 1456
1456 1458
1458 1456
1456 1459
1459 1456
1456 1589
1589 1456
1457 1458
1458 1457
1458 1459
1459 1458
1458 1460
1460 1458
1458 1461
1461 1458
1459 1460
1460 1459
1459 1589
1589 1459
1460 1461
1461 1460
1460 1462
1462 1460
1460 1473
1473 1460
1460 1589
1589 1460
1461 1462
1462 1461
1461 1463
1463 1461
1462 1463
1463 1462
1462 1473
1473 1462
1463 1464
1464 1463
1463 1465
1465 1463
1463 1472
1472 1463
1463 1473
1473 1463
1463 1474
1474 1463
1464 1465
1465 1464
1464 1466
1466 1464
1465 1466
1466 1465
1465 1469
1469 1465
1465 1471
1471 1465
1465 1472
1472 1465
1466 1467
1467 1466
1466 1469
1469 1466
1466 1470
1470 1466
1466 1471
1471 1466
1467 1468
1468 1467
1467 1470
1470 1467
1467 1489
1489 1467
1468 1470
1470 1468
1468 1483
1483 1468
1468 1488
1488 1468
1468 1489
1489 1468
1469 1470
1470 1469
1469 1471
1471 1469
1469 1482
1482 1469
1469 1483
1483 1469
1470 1483
1483 1470
1471 1472
1472 1471
1471 1479
1479 1471
1471 1482
1482 1471
1471 1483
1483 1471
1472 1473
1473 1472
1472 1474
1474 1472
1472 1479
1479 1472
1473 1474
1474 1473
1473 1475
1475 1473
1474 1475
1475 1474
1474 1476
1476 1474
1474 1478
1478 1474
1474 1479
1479 1474
1475 1476
1476 1475
1476 1477
1477 1476
1476 1478
1478 1476
1477 1478
1478 1477
1477 1480
1480 1477
1478 1479
1479 1478
1478 1480
1480 1478
1479 1480
1480 1479
1479 1481
1481 1479
1479 1482
1482 1479
1480 1481
1481 1480
1480 1596
1596 1480
1481 1482
1482 1481
1481 1484
1484 1481
1481 1596
1596 1481
1482 1483
1483 1482
1482 1484
1484 1482
1483 1484
1484 1483
1483 1485
1485 1483
1483 1488
1488 1483
1484 1485
1485 1484
1484 1583
1583 1484
1485 1486
1486 1485
1485 1487
1487 1485
1485 1488
1488 1485
1485 1583
1583 1485
1486 1487
1487 1486
1486 1583
1583 1486
1487 1488
1488 1487
1487 1490
1490 1487
1488 1489
1489 1488
1488 1490
1490 1488
1489 1490
1490 1489
1489 1498
1498 1489
1489 1499
1499 1489
1489 1590
1590 1489
1490 1491
1491 1490
1490 1496
1496 1490
1490 1497
1497 1490
1490 1590
1590 1490
1491 1492
1492 1491
1491 1495
1495 1491
1491 1496
1496 1491
1491 1582
1582 1491
1492 1494
1494 1492
1492 1495
1495 1492
1492 1580
1580 1492
1492 1582
1582 1492
1493 1494
1494 1493
1493 1495
1495 1493
1493 1516
1516 1493
1493 1518
1518 1493
1493 1580
1580 1493
1493 1581
1581 1493
1494 1495
1495 1494
1494 1580
1580 1494
1494 1581
1581 1494
1495 1496
1496 1495
1495 1497
1497 1495
1495 1514
1514 1495
1495 1516
1516 1495
1496 1497
1497 1496
1497 1514
1514 1497
1497 1515
1515 1497
1497 1516
1516 1497
1497 1590
1590 1497
1498 1499
1499 1498
1498 1500
1500 1498
1498 1590
1590 1498
1499 1500
1500 1499
1500 1501
1501 1500
1500 1502
1502 1500
1500 1503
1503 1500
1500 1590
1590 1500
1501 1502
1502 1501
1501 1533
1533 1501
1501 1534
1534 1501
1502 1503
1503 1502
1502 1504
1504 1502
1502 1533
1533 1502
1503 1504
1504 1503
1503 1505
1505 1503
1503 1506
1506 1503
1503 1590
1590 1503
1504 1505
1505 1504
1504 1508
1508 1504
1504 1509
1509 1504
1504 1529
1529 1504
1504 1533
1533 1504
1505 1506
1506 1505
1505 1507
1507 1505
1505 1508
1508 1505
1506 1507
1507 1506
1506 1590
1590 1506
1507 1508
1508 1507
1507 1514
1514 1507
1507 1515
1515 1507
1507 1590
1590 1507
1508 1509
1509 1508
1508 1510
1510 1508
1508 1512
1512 1508
1508 1513
1513 1508
1508 1514
1514 1508
1509 1510
1510 1509
1509 1529
1529 1509
1510 1512
1512 1510
1510 1513
1513 1510
1510 1526
1526 1510
1510 1528
1528 1510
1510 1529
1529 1510
1511 1512
1512 1511
1511 1513
1513 1511
1511 1517
1517 1511
1511 1520
1520 1511
1511 1521
1521 1511
1511 1524
1524 1511
1511 1526
1526 1511
1512 1513
1513 1512
1512 1526
1526 1512
1512 1528
1528 1512
1513 1514
1514 1513
1513 1516
1516 1513
1513 1517
1517 1513
1513 1520
1520 1513
1514 1515
1515 1514
1514 1516
1516 1514
1514 1517
1517 1514
1515 1590
1590 1515
1516 1517
1517 1516
1516 1518
1518 1516
1516 1519
1519 1516
1517 1518
1518 1517
1517 1519
1519 1517
1517 1520
1520 1517
1518 1519
1519 1518
1518 1581
1581 1518
1519 1520
1520 1519
1519 1581
1581 1519
1520 1521
1521 1520
1520 1581
1581 1520
1521 1523
1523 1521
1521 1524
1524 1521
1521 1581
1581 1521
1522 1523
1523 1522
1522 1524
1524 1522
1522 1525
1525 1522
1522 1547
1547 1522
1522 1581
1581 1522
1522 1593
1593 1522
1522 1601
1601 1522
1523 1524
1524 1523
1523 1581
1581 1523
1524 1525
1525 1524
1524 1526
1526 1524
1525 1526
1526 1525
1525 1593
1593 1525
1526 1528
1528 1526
1526 1593
1593 1526
1527 1528
1528 1527
1527 1531
1531 1527
1527 1593
1593 1527
1528 1529
1529 1528
1528 1530
1530 1528
1528 1531
1531 1528
1528 1593
1593 1528
1529 1530
1530 1529
1529 1533
1533 1529
1530 1531
1531 1530
1530 1532
1532 1530
1530 1533
1533 1530
1531 1532
1532 1531
1531 1593
1593 1531
1532 1533
1533 1532
1532 1535
1535 1532
1532 1593
1593 1532
1533 1534
1534 1533
1533 1535
1535 1533
1534 1535
1535 1534
1534 1536
1536 1534
1535 1536
1536 1535
1535 1537
1537 1535
1535 1593
1593 1535
1536 1537
1537 1536
1537 1593
1593 1537
1538 1540
1540 1538
1538 1552
1552 1538
1538 1553
1553 1538
1538 1554
1554 1538
1538 1593
1593 1538
1539 1540
1540 1539
1539 1541
1541 1539
1539 1542
1542 1539
1539 1593
1593 1539
1540 1541
1541 1540
1540 1542
1542 1540
1540 1552
1552 1540
1540 1553
1553 1540
1540 1593
1593 1540
1540 1594
1594 1540
1541 1542
1542 1541
1541 1543
1543 1541
1541 1545
1545 1541
1541 1552
1552 1541
1541 1594
1594 1541
1542 1543
1543 1542
1542 1593
1593 1542
1543 1544
1544 1543
1543 1545
1545 1543
1543 1593
1593 1543
1544 1545
1545 1544
1544 1546
1546 1544
1544 1547
1547 1544
1544 1549
1549 1544
1544 1593
1593 1544
1545 1546
1546 1545
1545 1551
1551 1545
1545 1594
1594 1545
1546 1547
1547 1546
1546 1549
1549 1546
1546 1550
1550 1546
1546 1551
1551 1546
1546 1594
1594 1546
1547 1548
1548 1547
1547 1549
1549 1547
1547 1593
1593 1547
1547 1601
1601 1547
1548 1549
1549 1548
1548 1601
1601 1548
1549 1550
1550 1549
1549 1563
1563 1549
1549 1601
1601 1549
1550 1551
1551 1550
1550 1561
1561 1550
1550 1562
1562 1550
1550 1563
1563 1550
1551 1561
1561 1551
1551 1594
1594 1551
1552 1553
1553 1552
1552 1558
1558 1552
1552 1559
1559 1552
1552 1594
1594 1552
1553 1554
1554 1553
1553 1555
1555 1553
1553 1558
1558 1553
1553 1559
1559 1553
1554 1555
1555 1554
1554 1556
1556 1554
1555 1556
1556 1555
1555 1557
1557 1555
1555 1558
1558 1555
1556 1557
1557 1556
1557 1558
1558 1557
1557 1568
1568 1557
1558 1559
1559 1558
1558 1567
1567 1558
1558 1568
1568 1558
1558 1569
1569 1558
1559 1560
1560 1559
1559 1567
1567 1559
1559 1569
1569 1559
1559 1594
1594 1559
1560 1561
1561 1560
1560 1562
1562 1560
1560 1565
1565 1560
1560 1567
1567 1560
1560 1594
1594 1560
1561 1562
1562 1561
1561 1594
1594 1561
1562 1563
1563 1562
1562 1564
1564 1562
1562 1565
1565 1562
1562 1594
1594 1562
1563 1564
1564 1563
1564 1565
1565 1564
1564 1566
1566 1564
1565 1566
1566 1565
1565 1567
1567 1565
1566 1567
1567 1566
1567 1569
1569 1567
1568 1569
1569 1568
1570 1571
1571 1570
1570 1598
1598 1570
1571 1576
1576 1571
1572 1591
1591 1572
1572 1600
1600 1572
1573 1574
1574 1573
1573 1597
1597 1573
1573 1598
1598 1573
1574 1597
1597 1574
1574 1598
1598 1574
1574 1600
1600 1574
1575 1599
1599 1575
1578 1579
1579 1578
1579 1582
1582 1579
1580 1581
1581 1580
1580 1582
1582 1580
1581 1601
1601 1581
1584 1592
1592 1584
1585 1586
1586 1585
1585 1587
1587 1585
1585 1592
1592 1585
1586 1588
1588 1586
1586 1592
1592 1586
1587 1592
1592 1587
1595 1600
1600 1595
1597 1598
1598 1597
