0 3
3 0
0 4
4 0
0 16
16 0
1 2
2 1
1 3
3 1
1 4
4 1
1 17
17 1
1 21
21 1
1 26
26 1
1 29
29 1
1 35
35 1
2 14
14 2
2 17
17 2
2 29
29 2
3 4
4 3
4 6
6 4
4 7
7 4
4 16
16 4
4 17
17 4
5 6
6 5
5 8
8 5
5 13
13 5
5 14
14 5
5 119
119 5
5 124
124 5
6 7
7 6
6 8
8 6
6 14
14 6
6 15
15 6
6 17
17 6
7 9
9 7
7 15
15 7
7 16
16 7
8 12
12 8
8 15
15 8
8 119
119 8
9 10
10 9
9 11
11 9
9 12
12 9
9 15
15 9
9 16
16 9
9 18
18 9
10 11
11 10
10 16
16 10
11 18
18 11
11 192
192 11
12 15
15 12
12 18
18 12
12 119
119 12
12 195
195 12
12 210
210 12
13 14
14 13
13 27
27 13
13 30
30 13
13 121
121 13
13 124
124 13
14 17
17 14
14 29
29 14
14 30
30 14
18 19
19 18
18 192
192 18
18 195
195 18
18 199
199 18
19 194
194 19
19 195
195 19
19 199
199 19
19 200
200 19
20 24
24 20
20 27
27 20
20 34
34 20
20 36
36 20
20 95
95 20
20 107
107 20
20 108
108 20
21 22
22 21
21 23
23 21
21 25
25 21
21 28
28 21
21 29
29 21
21 32
32 21
21 35
35 21
22 23
23 22
22 25
25 22
22 32
32 22
22 100
100 22
22 107
107 22
23 25
25 23
23 26
26 23
23 35
35 23
24 33
33 24
24 34
34 24
24 55
55 24
24 95
95 24
24 104
104 24
24 108
108 24
25 26
26 25
25 100
100 25
26 31
31 26
26 35
35 26
27 28
28 27
27 30
30 27
27 32
32 27
27 34
34 27
27 36
36 27
27 121
121 27
28 29
29 28
28 30
30 28
28 32
32 28
29 30
30 29
32 36
36 32
32 107
107 32
33 34
34 33
33 48
48 33
33 55
55 33
33 117
117 33
34 117
117 34
34 121
121 34
36 107
107 36
37 38
38 37
37 40
40 37
37 44
44 37
37 47
47 37
37 59
59 37
37 157
157 37
37 158
158 37
38 40
40 38
38 47
47 38
38 52
52 38
38 56
56 38
38 58
58 38
38 60
60 38
38 64
64 38
39 41
41 39
39 62
62 39
39 65
65 39
39 68
68 39
39 180
180 39
39 189
189 39
40 52
52 40
40 153
153 40
40 157
157 40
41 62
62 41
41 173
173 41
41 184
184 41
41 189
189 41
42 49
49 42
42 57
57 42
42 67
67 42
42 141
141 42
42 142
142 42
43 48
48 43
43 54
54 43
43 55
55 43
43 61
61 43
43 70
70 43
43 72
72 43
43 93
93 43
43 104
104 43
44 47
47 44
44 48
48 44
44 54
54 44
44 59
59 44
44 111
111 44
44 116
116 44
44 117
117 44
44 120
120 44
45 46
46 45
45 66
66 45
45 175
175 45
45 182
182 45
45 183
183 45
46 50
50 46
46 51
51 46
46 62
62 46
46 63
63 46
46 66
66 46
46 183
183 46
46 184
184 46
47 56
56 47
47 120
120 47
48 54
54 48
48 55
55 48
48 117
117 48
49 50
50 49
49 62
62 49
49 67
67 49
49 136
136 49
49 142
142 49
50 62
62 50
50 63
63 50
50 67
67 50
51 57
57 51
51 60
60 51
51 63
63 51
51 64
64 51
51 66
66 51
51 67
67 51
52 53
53 52
52 58
58 52
52 153
153 52
53 57
57 53
53 58
58 53
53 141
141 53
53 147
147 53
53 153
153 53
53 156
156 53
54 59
59 54
54 61
61 54
55 104
104 55
56 60
60 56
56 120
120 56
56 175
175 56
57 58
58 57
57 64
64 57
57 67
67 57
57 141
141 57
58 64
64 58
59 61
61 59
59 76
76 59
59 158
158 59
60 64
64 60
60 66
66 60
60 175
175 60
61 72
72 61
61 75
75 61
61 76
76 61
62 65
65 62
62 136
136 62
62 184
184 62
63 67
67 63
65 68
68 65
65 136
136 65
65 140
140 65
66 175
175 66
68 140
140 68
68 180
180 68
69 73
73 69
69 78
78 69
69 83
83 69
69 86
86 69
69 88
88 69
70 71
71 70
70 72
72 70
70 73
73 70
70 88
88 70
70 93
93 70
71 73
73 71
71 79
79 71
71 80
80 71
71 91
91 71
71 93
93 71
71 102
102 71
72 75
75 72
72 76
76 72
72 77
77 72
72 88
88 72
73 80
80 73
73 86
86 73
73 88
88 73
74 79
79 74
74 80
80 74
74 84
84 74
74 89
89 74
74 99
99 74
75 76
76 75
75 77
77 75
75 78
78 75
75 152
152 75
75 157
157 75
75 158
158 75
76 158
158 76
77 78
78 77
77 88
88 77
78 83
83 78
78 88
88 78
78 150
150 78
78 152
152 78
79 80
80 79
79 89
89 79
79 91
91 79
80 84
84 80
80 85
85 80
80 86
86 80
81 82
82 81
81 83
83 81
81 84
84 81
81 85
85 81
81 87
87 81
81 99
99 81
82 83
83 82
82 165
165 82
82 168
168 82
83 86
86 83
83 87
87 83
83 152
152 83
83 165
165 83
84 85
85 84
84 99
99 84
85 86
86 85
85 87
87 85
86 87
87 86
89 91
91 89
89 96
96 89
89 98
98 89
89 99
99 89
89 103
103 89
90 91
91 90
90 92
92 90
90 98
98 90
90 100
100 90
90 101
101 90
90 105
105 90
91 95
95 91
91 98
98 91
91 101
101 91
91 102
102 91
92 94
94 92
92 96
96 92
92 98
98 92
92 103
103 92
92 105
105 92
93 102
102 93
93 104
104 93
94 103
103 94
94 105
105 94
94 106
106 94
95 101
101 95
95 102
102 95
95 107
107 95
95 108
108 95
96 98
98 96
96 103
103 96
97 99
99 97
97 106
106 97
99 103
103 99
99 106
106 99
100 101
101 100
100 105
105 100
100 107
107 100
101 107
107 101
102 104
104 102
102 108
108 102
103 106
106 103
104 108
108 104
109 114
114 109
109 115
115 109
109 126
126 109
109 127
127 109
109 176
176 109
109 177
177 109
110 115
115 110
110 125
125 110
110 127
127 110
110 128
128 110
110 193
193 110
110 210
210 110
111 116
116 111
111 117
117 111
112 115
115 112
112 174
174 112
112 177
177 112
112 193
193 112
113 114
114 113
113 116
116 113
113 118
118 113
113 121
121 113
113 123
123 113
113 126
126 113
114 123
123 114
114 126
126 114
114 127
127 114
114 128
128 114
115 127
127 115
115 177
177 115
115 193
193 115
116 117
117 116
116 118
118 116
116 120
120 116
116 121
121 116
117 121
121 117
118 120
120 118
118 126
126 118
119 124
124 119
119 125
125 119
119 210
210 119
120 126
126 120
120 175
175 120
120 179
179 120
120 182
182 120
121 122
122 121
121 123
123 121
121 124
124 121
122 123
123 122
122 124
124 122
122 125
125 122
122 128
128 122
123 128
128 123
124 125
125 124
125 128
128 125
125 210
210 125
126 176
176 126
126 179
179 126
127 128
128 127
129 130
130 129
129 134
134 129
129 135
135 129
129 137
137 129
129 149
149 129
130 135
135 130
131 132
132 131
131 143
143 131
131 144
144 131
131 146
146 131
131 163
163 131
132 133
133 132
132 143
143 132
132 155
155 132
132 156
156 132
132 163
163 132
133 137
137 133
133 138
138 133
133 142
142 133
133 143
143 133
133 148
148 133
133 156
156 133
134 135
135 134
134 136
136 134
134 137
137 134
134 138
138 134
135 136
136 135
135 140
140 135
136 138
138 136
136 140
140 136
136 142
142 136
137 138
138 137
137 143
143 137
137 149
149 137
138 142
142 138
139 145
145 139
139 146
146 139
139 149
149 139
141 142
142 141
141 147
147 141
141 148
148 141
142 148
148 142
143 146
146 143
143 149
149 143
144 145
145 144
144 146
146 144
144 163
163 144
145 146
146 145
146 149
149 146
147 148
148 147
147 156
156 147
148 156
156 148
150 151
151 150
150 152
152 150
150 166
166 150
150 167
167 150
151 159
159 151
151 166
166 151
151 167
167 151
152 157
157 152
152 165
165 152
152 166
166 152
152 167
167 152
153 154
154 153
153 156
156 153
153 157
157 153
153 159
159 153
153 166
166 153
154 155
155 154
154 156
156 154
154 159
159 154
154 161
161 154
154 162
162 154
155 156
156 155
155 161
161 155
155 163
163 155
157 158
158 157
157 166
166 157
159 160
160 159
159 162
162 159
159 166
166 159
159 167
167 159
160 162
162 160
160 167
167 160
160 168
168 160
161 162
162 161
161 163
163 161
161 164
164 161
161 168
168 161
162 163
163 162
162 168
168 162
163 164
164 163
164 168
168 164
165 167
167 165
165 168
168 165
167 168
168 167
169 171
171 169
169 172
172 169
169 181
181 169
169 187
187 169
170 173
173 170
170 174
174 170
170 183
183 170
170 185
185 170
170 186
186 170
170 188
188 170
171 172
172 171
171 174
174 171
171 181
181 171
171 185
185 171
172 173
173 172
172 185
185 172
172 187
187 172
173 183
183 173
173 184
184 173
173 185
185 173
173 187
187 173
173 189
189 173
174 177
177 174
174 178
178 174
174 185
185 174
174 188
188 174
175 182
182 175
176 177
177 176
176 179
179 176
176 188
188 176
177 178
178 177
177 188
188 177
178 188
188 178
179 182
182 179
179 186
186 179
179 188
188 179
180 181
181 180
180 187
187 180
180 189
189 180
181 187
187 181
182 183
183 182
182 186
186 182
183 184
184 183
183 186
186 183
183 188
188 183
186 188
188 186
187 189
189 187
190 191
191 190
190 196
196 190
190 198
198 190
190 199
199 190
190 200
200 190
190 201
201 190
190 204
204 190
190 214
214 190
191 196
196 191
191 198
198 191
192 199
199 192
192 201
201 192
192 209
209 192
192 211
211 192
193 202
202 193
193 203
203 193
193 210
210 193
194 195
195 194
194 200
200 194
194 202
202 194
194 204
204 194
194 210
210 194
195 210
210 195
196 206
206 196
196 213
213 196
196 214
214 196
197 201
201 197
197 207
207 197
197 211
211 197
197 212
212 197
197 213
213 197
197 214
214 197
198 204
204 198
198 205
205 198
199 200
200 199
199 201
201 199
200 204
204 200
201 211
211 201
201 214
214 201
202 203
203 202
202 204
204 202
202 210
210 202
203 204
204 203
203 205
205 203
204 205
205 204
206 207
207 206
206 208
208 206
206 213
213 206
207 208
208 207
207 212
212 207
207 213
213 207
208 209
209 208
208 212
212 208
209 211
211 209
209 212
212 209
211 212
212 211
213 214
214 213
