0 9
9 0
0 28
28 0
0 30
30 0
0 114
114 0
0 116
116 0
1 15
15 1
1 17
17 1
1 19
19 1
1 22
22 1
1 27
27 1
2 11
11 2
2 23
23 2
2 24
24 2
2 39
39 2
2 67
67 2
3 6
6 3
3 9
9 3
3 18
18 3
3 30
30 3
3 119
119 3
4 19
19 4
4 28
28 4
4 31
31 4
4 38
38 4
5 6
6 5
5 13
13 5
5 18
18 5
5 20
20 5
5 24
24 5
5 39
39 5
6 13
13 6
6 18
18 6
7 11
11 7
7 15
15 7
7 18
18 7
7 19
19 7
7 24
24 7
7 27
27 7
7 29
29 7
8 14
14 8
8 32
32 8
8 34
34 8
8 36
36 8
8 37
37 8
9 30
30 9
9 116
116 9
9 117
117 9
9 119
119 9
10 17
17 10
10 22
22 10
10 27
27 10
10 85
85 10
10 93
93 10
10 105
105 10
11 23
23 11
11 24
24 11
11 27
27 11
11 82
82 11
11 99
99 11
12 19
19 12
12 25
25 12
12 31
31 12
12 37
37 12
12 38
38 12
12 108
108 12
13 20
20 13
14 21
21 14
14 32
32 14
14 36
36 14
15 19
19 15
15 27
27 15
16 20
20 16
16 39
39 16
17 22
22 17
17 27
27 17
18 24
24 18
18 29
29 18
18 30
30 18
19 22
22 19
19 28
28 19
19 29
29 19
19 32
32 19
19 37
37 19
19 38
38 19
20 39
39 20
21 22
22 21
21 32
32 21
21 36
36 21
21 88
88 21
21 135
135 21
21 140
140 21
22 32
32 22
22 88
88 22
22 93
93 22
23 66
66 23
23 67
67 23
23 82
82 23
23 94
94 23
24 39
39 24
25 26
26 25
25 31
31 25
25 106
106 25
25 108
108 25
25 112
112 25
25 121
121 25
26 28
28 26
26 31
31 26
26 106
106 26
26 111
111 26
26 114
114 26
27 99
99 27
27 100
100 27
27 105
105 27
28 29
29 28
28 30
30 28
28 31
31 28
28 114
114 28
29 30
30 29
31 38
38 31
32 37
37 32
33 34
34 33
33 35
35 33
33 140
140 33
34 35
35 34
34 36
36 34
34 37
37 34
34 108
108 34
35 36
36 35
35 140
140 35
36 140
140 36
37 108
108 37
40 46
46 40
40 49
49 40
40 50
50 40
40 55
55 40
40 56
56 40
40 115
115 40
41 42
42 41
41 48
48 41
41 57
57 41
42 43
43 42
42 48
48 42
42 51
51 42
42 53
53 42
43 51
51 43
43 53
53 43
43 54
54 43
43 55
55 43
43 56
56 43
44 46
46 44
44 47
47 44
44 49
49 44
44 51
51 44
44 52
52 44
45 47
47 45
45 52
52 45
45 57
57 45
46 47
47 46
46 49
49 46
47 52
52 47
48 51
51 48
48 52
52 48
48 57
57 48
49 50
50 49
49 51
51 49
50 51
51 50
50 55
55 50
51 52
52 51
51 55
55 51
52 57
57 52
53 54
54 53
54 56
56 54
54 115
115 54
55 56
56 55
56 115
115 56
58 60
60 58
58 71
71 58
58 75
75 58
58 80
80 58
59 64
64 59
59 66
66 59
59 67
67 59
59 68
68 59
59 83
83 59
59 86
86 59
60 61
61 60
60 72
72 60
60 75
75 60
60 80
80 60
60 81
81 60
61 65
65 61
61 69
69 61
61 70
70 61
61 72
72 61
61 77
77 61
61 81
81 61
62 63
63 62
62 65
65 62
62 77
77 62
62 78
78 62
62 79
79 62
62 95
95 62
62 101
101 62
63 76
76 63
63 79
79 63
63 96
96 63
63 101
101 63
63 143
143 63
63 157
157 63
64 68
68 64
64 71
71 64
64 74
74 64
64 75
75 64
64 86
86 64
65 69
69 65
65 76
76 65
65 77
77 65
65 79
79 65
66 67
67 66
66 83
83 66
66 92
92 66
66 94
94 66
67 68
68 67
67 94
94 67
69 70
70 69
70 81
81 70
71 74
74 71
71 75
75 71
71 80
80 71
72 75
75 72
72 77
77 72
72 78
78 72
72 97
97 72
73 74
74 73
73 80
80 73
74 80
80 74
75 86
86 75
75 97
97 75
76 79
79 76
76 145
145 76
76 157
157 76
77 78
78 77
78 95
95 78
78 97
97 78
78 102
102 78
80 81
81 80
82 84
84 82
82 94
94 82
82 98
98 82
82 99
99 82
83 86
86 83
83 92
92 83
83 97
97 83
84 92
92 84
84 94
94 84
84 95
95 84
84 98
98 84
84 100
100 84
85 87
87 85
85 88
88 85
85 91
91 85
85 93
93 85
85 105
105 85
85 132
132 85
86 97
97 86
87 88
88 87
87 91
91 87
87 103
103 87
87 104
104 87
87 133
133 87
87 136
136 87
88 93
93 88
88 132
132 88
88 133
133 88
88 135
135 88
89 90
90 89
89 95
95 89
89 96
96 89
89 101
101 89
89 104
104 89
90 95
95 90
90 100
100 90
90 104
104 90
90 105
105 90
91 104
104 91
91 105
105 91
92 94
94 92
92 95
95 92
92 97
97 92
92 102
102 92
95 100
100 95
95 101
101 95
95 102
102 95
96 101
101 96
96 103
103 96
96 104
104 96
96 131
131 96
96 143
143 96
97 102
102 97
98 99
99 98
98 100
100 98
99 100
100 99
100 105
105 100
103 104
104 103
103 125
125 103
103 131
131 103
103 133
133 103
103 136
136 103
104 105
105 104
106 109
109 106
106 111
111 106
106 112
112 106
106 113
113 106
106 115
115 106
106 120
120 106
107 110
110 107
107 118
118 107
107 119
119 107
107 122
122 107
108 121
121 108
109 112
112 109
109 121
121 109
110 113
113 110
110 122
122 110
111 114
114 111
111 120
120 111
112 121
121 112
113 115
115 113
113 120
120 113
113 122
122 113
114 116
116 114
114 120
120 114
116 117
117 116
116 120
120 116
116 122
122 116
117 118
118 117
117 119
119 117
117 122
122 117
118 119
119 118
118 122
122 118
120 122
122 120
123 124
124 123
123 135
135 123
123 137
137 123
123 139
139 123
123 140
140 123
124 130
130 124
124 134
134 124
124 137
137 124
125 126
126 125
125 131
131 125
125 136
136 125
125 138
138 125
125 142
142 125
126 127
127 126
126 128
128 126
126 129
129 126
126 136
136 126
126 138
138 126
126 139
139 126
126 141
141 126
127 128
128 127
127 134
134 127
127 137
137 127
127 139
139 127
128 129
129 128
128 134
134 128
129 138
138 129
129 141
141 129
130 134
134 130
131 142
142 131
131 143
143 131
132 133
133 132
132 135
135 132
132 139
139 132
133 136
136 133
133 139
139 133
134 137
137 134
135 139
139 135
135 140
140 135
136 139
139 136
137 139
139 137
138 141
141 138
138 142
142 138
138 161
161 138
138 162
162 138
141 161
161 141
141 162
162 141
142 143
143 142
142 144
144 142
142 148
148 142
142 162
162 142
143 144
144 143
143 149
149 143
143 157
157 143
144 148
148 144
144 149
149 144
145 149
149 145
145 151
151 145
145 156
156 145
145 157
157 145
145 158
158 145
146 147
147 146
146 150
150 146
146 154
154 146
147 150
150 147
147 152
152 147
147 154
154 147
147 158
158 147
148 149
149 148
148 152
152 148
148 158
158 148
148 162
162 148
149 157
157 149
149 158
158 149
150 152
152 150
150 161
161 150
151 153
153 151
151 155
155 151
151 156
156 151
151 158
158 151
152 155
155 152
152 158
158 152
152 161
161 152
152 162
162 152
153 155
155 153
153 156
156 153
153 160
160 153
154 158
158 154
154 159
159 154
155 158
158 155
155 159
159 155
155 160
160 155
158 159
159 158
159 160
160 159
161 162
162 161
