0 2
2 0
0 5
5 0
0 6
6 0
0 7
7 0
0 8
8 0
0 16
16 0
1 10
10 1
1 13
13 1
1 14
14 1
1 15
15 1
1 242
242 1
1 249
249 1
2 3
3 2
2 8
8 2
2 11
11 2
2 14
14 2
2 15
15 2
2 16
16 2
2 244
244 2
3 11
11 3
3 15
15 3
3 82
82 3
3 89
89 3
3 92
92 3
4 5
5 4
4 17
17 4
4 270
270 4
4 320
320 4
5 7
7 5
5 16
16 5
5 17
17 5
5 270
270 5
6 7
7 6
6 8
8 6
6 9
9 6
6 11
11 6
7 9
9 7
7 270
270 7
7 277
277 7
8 11
11 8
9 11
11 9
9 67
67 9
9 90
90 9
9 277
277 9
10 13
13 10
10 22
22 10
10 84
84 10
10 245
245 10
10 249
249 10
11 89
89 11
11 90
90 11
11 92
92 11
12 16
16 12
12 17
17 12
12 231
231 12
12 241
241 12
12 312
312 12
12 319
319 12
13 14
14 13
13 15
15 13
13 82
82 13
13 84
84 13
14 15
15 14
14 242
242 14
14 244
244 14
15 82
82 15
16 17
17 16
16 231
231 16
16 244
244 16
17 312
312 17
17 319
319 17
17 320
320 17
18 20
20 18
18 21
21 18
18 22
22 18
18 81
81 18
19 20
20 19
19 23
23 19
19 24
24 19
19 25
25 19
19 34
34 19
19 81
81 19
19 175
175 19
19 187
187 19
19 206
206 19
20 21
21 20
20 24
24 20
20 81
81 20
21 22
22 21
21 24
24 21
21 175
175 21
22 81
81 22
22 84
84 22
22 114
114 22
22 175
175 22
22 245
245 22
23 25
25 23
23 206
206 23
23 208
208 23
23 210
210 23
24 175
175 24
25 187
187 25
25 208
208 25
26 38
38 26
26 39
39 26
26 66
66 26
26 85
85 26
26 86
86 26
26 87
87 26
27 33
33 27
27 37
37 27
27 38
38 27
27 39
39 27
27 41
41 27
27 42
42 27
28 32
32 28
28 33
33 28
28 36
36 28
28 37
37 28
28 40
40 28
28 43
43 28
28 44
44 28
29 30
30 29
29 38
38 29
29 42
42 29
29 86
86 29
29 91
91 29
30 31
31 30
30 32
32 30
30 33
33 30
30 40
40 30
30 42
42 30
30 91
91 30
31 34
34 31
31 35
35 31
31 40
40 31
31 83
83 31
31 91
91 31
31 94
94 31
32 33
33 32
32 40
40 32
33 37
37 33
33 42
42 33
34 35
35 34
34 40
40 34
34 81
81 34
34 194
194 34
34 206
206 34
34 209
209 34
35 81
81 35
35 94
94 35
36 37
37 36
36 44
44 36
36 170
170 36
36 625
625 36
36 626
626 36
37 41
41 37
37 621
621 37
37 625
625 37
38 39
39 38
38 42
42 38
38 86
86 38
39 41
41 39
39 66
66 39
39 72
72 39
40 43
43 40
40 194
194 40
41 72
72 41
41 621
621 41
41 625
625 41
43 44
44 43
43 194
194 43
43 197
197 43
43 198
198 43
44 170
170 44
44 197
197 44
45 47
47 45
45 51
51 45
45 58
58 45
45 105
105 45
45 106
106 45
46 51
51 46
46 56
56 46
46 58
58 46
46 60
60 46
46 382
382 46
46 398
398 46
46 501
501 46
47 50
50 47
47 51
51 47
47 53
53 47
47 96
96 47
47 102
102 47
47 105
105 47
48 58
58 48
48 60
60 48
48 103
103 48
48 106
106 48
48 107
107 48
48 112
112 48
48 317
317 48
48 382
382 48
49 50
50 49
49 52
52 49
49 53
53 49
49 55
55 49
49 59
59 49
49 102
102 49
49 110
110 49
50 51
51 50
50 52
52 50
50 53
53 50
50 54
54 50
50 576
576 50
51 56
56 51
51 58
58 51
51 576
576 51
52 54
54 52
52 59
59 52
53 102
102 53
54 55
55 54
54 57
57 54
54 59
59 54
54 226
226 54
54 576
576 54
55 57
57 55
55 59
59 55
55 101
101 55
55 110
110 55
55 113
113 55
56 501
501 56
56 576
576 56
57 101
101 57
57 215
215 57
57 225
225 57
57 226
226 57
58 60
60 58
58 105
105 58
58 106
106 58
58 107
107 58
60 382
382 60
61 62
62 61
61 65
65 61
61 68
68 61
61 69
69 61
61 70
70 61
61 272
272 61
61 416
416 61
62 70
70 62
62 79
79 62
62 272
272 62
62 400
400 62
62 416
416 62
63 71
71 63
63 75
75 63
63 76
76 63
63 77
77 63
63 78
78 63
64 67
67 64
64 68
68 64
64 69
69 64
64 74
74 64
64 88
88 64
65 67
67 65
65 69
69 65
65 272
272 65
65 274
274 65
65 277
277 65
66 68
68 66
66 70
70 66
66 72
72 66
66 73
73 66
66 74
74 66
66 77
77 66
66 85
85 66
66 87
87 66
67 69
69 67
67 88
88 67
67 90
90 67
67 277
277 67
68 69
69 68
68 70
70 68
68 74
74 68
70 77
77 70
70 79
79 70
71 76
76 71
71 78
78 71
71 419
419 71
71 622
622 71
72 73
73 72
72 75
75 72
72 76
76 72
72 621
621 72
73 75
75 73
73 77
77 73
74 85
85 74
74 88
88 74
74 95
95 74
75 76
76 75
75 77
77 75
76 621
621 76
76 622
622 76
77 78
78 77
77 79
79 77
78 79
79 78
78 400
400 78
78 419
419 78
79 400
400 79
80 81
81 80
80 82
82 80
80 84
84 80
80 93
93 80
80 94
94 80
81 84
84 81
81 94
94 81
82 84
84 82
82 89
89 82
82 93
93 82
83 86
86 83
83 91
91 83
83 93
93 83
83 94
94 83
85 87
87 85
85 89
89 85
85 92
92 85
85 95
95 85
86 87
87 86
86 91
91 86
86 93
93 86
87 89
89 87
87 93
93 87
88 90
90 88
88 95
95 88
89 92
92 89
89 93
93 89
90 92
92 90
90 95
95 90
92 95
95 92
93 94
94 93
96 98
98 96
96 100
100 96
96 102
102 96
96 105
105 96
96 109
109 96
97 100
100 97
97 104
104 97
97 109
109 97
97 113
113 97
97 238
238 97
98 105
105 98
98 106
106 98
98 108
108 98
98 109
109 98
98 238
238 98
98 239
239 98
99 103
103 99
99 106
106 99
99 107
107 99
99 108
108 99
99 232
232 99
99 250
250 99
100 102
102 100
100 109
109 100
100 110
110 100
100 113
113 100
101 111
111 101
101 113
113 101
101 225
225 101
102 110
110 102
103 107
107 103
103 112
112 103
103 236
236 103
103 243
243 103
103 250
250 103
103 317
317 103
103 323
323 103
104 111
111 104
104 113
113 104
104 238
238 104
105 106
106 105
106 107
107 106
106 108
108 106
107 112
112 107
108 232
232 108
108 239
239 108
109 238
238 109
110 113
113 110
111 113
113 111
111 221
221 111
111 225
225 111
111 235
235 111
111 238
238 111
114 125
125 114
114 175
175 114
114 245
245 114
114 247
247 114
115 116
116 115
115 119
119 115
115 128
128 115
115 131
131 115
115 133
133 115
116 117
117 116
116 119
119 116
116 131
131 116
116 211
211 116
116 220
220 116
117 119
119 117
117 123
123 117
117 220
220 117
117 221
221 117
117 223
223 117
118 119
119 118
118 121
121 118
118 133
133 118
118 134
134 118
119 123
123 119
119 127
127 119
119 133
133 119
119 134
134 119
120 122
122 120
120 132
132 120
120 177
177 120
120 341
341 120
120 373
373 120
121 132
132 121
121 133
133 121
121 134
134 121
121 173
173 121
121 174
174 121
121 190
190 121
121 193
193 121
122 128
128 122
122 129
129 122
122 130
130 122
122 132
132 122
122 365
365 122
122 373
373 122
123 127
127 123
123 221
221 123
124 125
125 124
124 127
127 124
124 134
134 124
124 183
183 124
124 221
221 124
124 246
246 124
124 247
247 124
125 175
175 125
125 183
183 125
125 245
245 125
125 246
246 125
125 247
247 125
126 128
128 126
126 129
129 126
126 130
130 126
126 212
212 126
126 216
216 126
127 134
134 127
127 221
221 127
128 130
130 128
128 131
131 128
128 132
132 128
128 133
133 128
128 212
212 128
129 130
130 129
129 216
216 129
129 365
365 129
129 541
541 129
129 544
544 129
131 211
211 131
131 212
212 131
132 133
133 132
132 177
177 132
132 193
193 132
134 174
174 134
134 183
183 134
135 138
138 135
135 140
140 135
135 148
148 135
135 149
149 135
135 150
150 135
135 152
152 135
135 334
334 135
135 338
338 135
135 348
348 135
136 145
145 136
136 146
146 136
136 422
422 136
136 429
429 136
136 431
431 136
137 144
144 137
137 146
146 137
137 147
147 137
137 151
151 137
137 429
429 137
138 146
146 138
138 149
149 138
138 152
152 138
139 142
142 139
139 144
144 139
139 148
148 139
139 149
149 139
139 151
151 139
139 186
186 139
140 143
143 140
140 152
152 140
140 334
334 140
140 338
338 140
140 350
350 140
141 147
147 141
141 182
182 141
141 188
188 141
141 191
191 141
141 204
204 141
141 429
429 141
142 148
148 142
142 150
150 142
142 177
177 142
142 186
186 142
143 145
145 143
143 146
146 143
143 152
152 143
143 336
336 143
143 346
346 143
143 350
350 143
143 431
431 143
144 146
146 144
144 149
149 144
144 151
151 144
145 146
146 145
145 152
152 145
145 431
431 145
146 149
149 146
146 152
152 146
146 429
429 146
147 151
151 147
147 182
182 147
147 184
184 147
147 429
429 147
148 149
149 148
148 150
150 148
150 177
177 150
150 341
341 150
150 348
348 150
151 184
184 151
151 186
186 151
153 157
157 153
153 160
160 153
153 168
168 153
153 169
169 153
153 257
257 153
153 264
264 153
153 435
435 153
154 158
158 154
154 159
159 154
154 160
160 154
154 163
163 154
154 164
164 154
154 167
167 154
154 168
168 154
155 156
156 155
155 167
167 155
155 168
168 155
155 170
170 155
155 172
172 155
155 196
196 155
155 199
199 155
155 200
200 155
156 157
157 156
156 168
168 156
156 169
169 156
156 196
196 156
156 200
200 156
156 432
432 156
157 160
160 157
157 168
168 157
157 169
169 157
158 159
159 158
158 160
160 158
158 163
163 158
158 171
171 158
159 163
163 159
159 165
165 159
159 166
166 159
159 171
171 159
160 168
168 160
160 171
171 160
160 257
257 160
160 264
264 160
161 162
162 161
161 166
166 161
161 170
170 161
161 575
575 161
161 612
612 161
162 163
163 162
162 164
164 162
162 166
166 162
162 170
170 162
162 172
172 162
163 164
164 163
163 166
166 163
164 167
167 164
164 172
172 164
165 166
166 165
165 171
171 165
165 251
251 165
165 567
567 165
165 574
574 165
165 575
575 165
166 575
575 166
167 168
168 167
167 172
172 167
169 428
428 169
169 432
432 169
169 435
435 169
169 437
437 169
170 172
172 170
170 197
197 170
170 199
199 170
170 612
612 170
170 613
613 170
170 626
626 170
171 251
251 171
171 257
257 171
173 174
174 173
173 180
180 173
173 185
185 173
173 190
190 173
173 192
192 173
174 180
180 174
174 183
183 174
175 176
176 175
175 181
181 175
175 183
183 175
175 187
187 175
176 179
179 176
176 181
181 176
176 183
183 176
177 178
178 177
177 186
186 177
177 193
193 177
177 341
341 177
178 186
186 178
178 190
190 178
178 192
192 178
178 193
193 178
179 180
180 179
179 181
181 179
179 182
182 179
179 183
183 179
179 185
185 179
179 189
189 179
180 183
183 180
180 185
185 180
181 187
187 181
181 189
189 181
182 184
184 182
182 185
185 182
182 188
188 182
182 189
189 182
182 192
192 182
184 186
186 184
184 192
192 184
185 192
192 185
186 192
192 186
187 188
188 187
187 189
189 187
187 208
208 187
188 189
189 188
188 191
191 188
188 208
208 188
190 192
192 190
190 193
193 190
191 201
201 191
191 204
204 191
191 205
205 191
191 208
208 191
194 195
195 194
194 198
198 194
194 203
203 194
194 209
209 194
195 203
203 195
195 206
206 195
195 207
207 195
195 209
209 195
195 210
210 195
196 200
200 196
196 201
201 196
196 204
204 196
196 429
429 196
196 432
432 196
197 198
198 197
197 199
199 197
197 202
202 197
198 199
199 198
198 202
202 198
198 203
203 198
199 200
200 199
199 201
201 199
199 202
202 199
200 201
201 200
200 202
202 200
201 202
202 201
201 204
204 201
201 205
205 201
201 207
207 201
202 203
203 202
202 207
207 202
203 207
207 203
204 429
429 204
205 207
207 205
205 208
208 205
205 210
210 205
206 209
209 206
206 210
210 206
207 210
210 207
208 210
210 208
211 212
212 211
211 219
219 211
211 220
220 211
212 216
216 212
212 217
217 212
212 219
219 212
212 227
227 212
213 215
215 213
213 224
224 213
213 227
227 213
213 228
228 213
213 554
554 213
214 215
215 214
214 222
222 214
214 224
224 214
214 226
226 214
214 229
229 214
214 230
230 214
215 218
218 215
215 220
220 215
215 224
224 215
215 225
225 215
215 226
226 215
215 228
228 215
216 217
217 216
216 541
541 216
217 227
227 217
217 537
537 217
217 541
541 217
218 220
220 218
218 221
221 218
218 223
223 218
218 225
225 218
219 220
220 219
219 227
227 219
219 228
228 219
220 223
223 220
220 228
228 220
221 223
223 221
221 225
225 221
221 235
235 221
221 246
246 221
222 229
229 222
222 230
230 222
222 525
525 222
222 552
552 222
222 577
577 222
222 585
585 222
224 229
229 224
224 554
554 224
226 230
230 226
226 576
576 226
226 585
585 226
227 228
228 227
227 537
537 227
227 551
551 227
227 554
554 227
229 552
552 229
229 554
554 229
230 585
585 230
231 240
240 231
231 241
241 231
231 244
244 231
232 237
237 232
232 239
239 232
232 250
250 232
233 234
234 233
233 237
237 233
233 238
238 233
233 240
240 233
233 242
242 233
233 244
244 233
233 249
249 233
234 237
237 234
234 240
240 234
234 244
244 234
235 238
238 235
235 246
246 235
235 248
248 235
236 241
241 236
236 243
243 236
236 250
250 236
236 319
319 236
237 238
238 237
237 239
239 237
237 240
240 237
237 250
250 237
238 239
239 238
238 245
245 238
238 248
248 238
238 249
249 238
240 241
241 240
240 244
244 240
240 250
250 240
241 244
244 241
241 250
250 241
241 319
319 241
242 244
244 242
242 249
249 242
243 319
319 243
243 323
323 243
245 247
247 245
245 248
248 245
245 249
249 245
246 247
247 246
246 248
248 246
247 248
248 247
251 256
256 251
251 257
257 251
251 260
260 251
251 567
567 251
252 255
255 252
252 258
258 252
252 259
259 252
252 261
261 252
252 262
262 252
252 263
263 252
252 266
266 252
253 260
260 253
253 261
261 253
253 262
262 253
253 265
265 253
253 565
565 253
253 568
568 253
254 267
267 254
254 459
459 254
254 469
469 254
254 555
555 254
254 558
558 254
254 566
566 254
255 259
259 255
255 266
266 255
255 459
459 255
255 461
461 255
255 468
468 255
256 257
257 256
256 258
258 256
256 260
260 256
256 261
261 256
256 264
264 256
257 264
264 257
258 261
261 258
258 263
263 258
258 264
264 258
259 262
262 259
259 265
265 259
259 267
267 259
259 459
459 259
260 261
261 260
260 567
567 260
260 568
568 260
261 262
262 261
262 265
265 262
263 264
264 263
263 266
266 263
263 290
290 263
263 309
309 263
263 473
473 263
264 309
309 264
264 435
435 264
265 267
267 265
265 565
565 265
266 461
461 266
266 473
473 266
267 459
459 267
267 558
558 267
267 565
565 267
268 272
272 268
268 273
273 268
268 283
283 268
268 403
403 268
268 415
415 268
268 416
416 268
269 271
271 269
269 275
275 269
269 279
279 269
269 324
324 269
269 440
440 269
270 277
277 270
270 278
278 270
270 313
313 270
270 320
320 270
271 279
279 271
271 280
280 271
271 282
282 271
271 287
287 271
271 315
315 271
271 324
324 271
272 274
274 272
272 283
283 272
272 288
288 272
272 416
416 272
273 281
281 273
273 283
283 273
273 403
403 273
274 276
276 274
274 277
277 274
274 286
286 274
274 288
288 274
275 279
279 275
275 439
439 275
275 440
440 275
276 277
277 276
276 278
278 276
276 280
280 276
276 282
282 276
276 286
286 276
277 278
278 277
278 280
280 278
278 287
287 278
278 313
313 278
279 282
282 279
279 284
284 279
279 285
285 279
280 282
282 280
280 287
287 280
281 283
283 281
281 285
285 281
281 403
403 281
282 284
284 282
282 286
286 282
283 284
284 283
283 285
285 283
283 288
288 283
284 285
285 284
284 286
286 284
284 288
288 284
286 288
288 286
287 313
313 287
287 315
315 287
287 328
328 287
289 293
293 289
289 294
294 289
289 295
295 289
289 297
297 289
289 304
304 289
289 307
307 289
290 300
300 290
290 302
302 290
290 305
305 290
290 309
309 290
290 473
473 290
291 292
292 291
291 301
301 291
291 303
303 291
291 306
306 291
291 426
426 291
292 294
294 292
292 298
298 292
292 301
301 292
292 306
306 292
292 307
307 292
293 294
294 293
293 295
295 293
293 298
298 293
293 302
302 293
293 305
305 293
293 308
308 293
294 298
298 294
294 307
307 294
295 300
300 295
295 304
304 295
295 305
305 295
296 303
303 296
296 306
306 296
296 307
307 296
296 339
339 296
296 340
340 296
297 304
304 297
297 307
307 297
298 299
299 298
298 301
301 298
298 308
308 298
299 301
301 299
299 308
308 299
299 425
425 299
299 433
433 299
299 434
434 299
300 304
304 300
300 305
305 300
300 471
471 300
300 473
473 300
301 425
425 301
301 426
426 301
302 305
305 302
302 308
308 302
302 309
309 302
302 421
421 302
303 306
306 303
303 336
336 303
303 340
340 303
303 424
424 303
303 426
426 303
304 471
471 304
306 307
307 306
308 421
421 308
308 433
433 308
309 421
421 309
309 435
435 309
310 325
325 310
310 326
326 310
310 327
327 310
310 329
329 310
310 386
386 310
310 389
389 310
310 394
394 310
311 315
315 311
311 318
318 311
311 322
322 311
311 325
325 311
311 327
327 311
311 328
328 311
312 317
317 312
312 319
319 312
312 320
320 312
312 323
323 312
312 330
330 312
313 314
314 313
313 320
320 313
313 328
328 313
314 316
316 314
314 320
320 314
314 325
325 314
314 328
328 314
314 330
330 314
315 318
318 315
315 324
324 315
315 328
328 315
316 317
317 316
316 325
325 316
316 330
330 316
316 382
382 316
317 323
323 317
317 330
330 317
317 382
382 317
318 321
321 318
318 322
322 318
318 324
324 318
318 441
441 318
318 447
447 318
318 448
448 318
319 323
323 319
320 330
330 320
321 322
322 321
321 326
326 321
321 441
441 321
321 443
443 321
321 448
448 321
322 326
326 322
322 327
327 322
322 329
329 322
324 440
440 324
324 447
447 324
324 452
452 324
325 327
327 325
325 328
328 325
325 382
382 325
325 386
386 325
326 329
329 326
326 389
389 326
326 443
443 326
327 328
328 327
327 329
329 327
331 333
333 331
331 334
334 331
331 336
336 331
331 349
349 331
331 350
350 331
332 342
342 332
332 364
364 332
333 334
334 333
333 342
342 333
333 343
343 333
333 344
344 333
333 349
349 333
334 338
338 334
334 344
344 334
334 350
350 334
334 351
351 334
335 339
339 335
335 342
342 335
335 343
343 335
335 347
347 335
336 340
340 336
336 346
346 336
336 349
349 336
336 350
350 336
336 424
424 336
337 338
338 337
337 341
341 337
337 345
345 337
337 348
348 337
337 371
371 337
337 376
376 337
338 345
345 338
338 348
348 338
338 351
351 338
339 340
340 339
339 347
347 339
339 349
349 339
340 349
349 340
341 348
348 341
341 371
371 341
341 373
373 341
342 343
343 342
342 344
344 342
342 364
364 342
343 347
347 343
343 349
349 343
344 351
351 344
344 352
352 344
344 361
361 344
344 362
362 344
344 364
364 344
345 351
351 345
345 352
352 345
345 354
354 345
345 370
370 345
345 376
376 345
346 424
424 346
346 431
431 346
347 349
349 347
351 352
352 351
352 362
362 352
352 370
370 352
353 354
354 353
353 360
360 353
353 368
368 353
353 376
376 353
354 360
360 354
354 362
362 354
354 370
370 354
354 376
376 354
355 365
365 355
355 368
368 355
355 372
372 355
355 373
373 355
355 375
375 355
356 360
360 356
356 368
368 356
356 374
374 356
356 375
375 356
356 594
594 356
357 358
358 357
357 363
363 357
358 363
363 358
358 366
366 358
358 595
595 358
358 598
598 358
359 360
360 359
359 366
366 359
359 367
367 359
359 369
369 359
359 374
374 359
360 362
362 360
360 368
368 360
360 369
369 360
360 374
374 360
361 362
362 361
361 364
364 361
362 364
364 362
362 369
369 362
362 370
370 362
363 366
366 363
363 367
367 363
365 372
372 365
365 373
373 365
365 375
375 365
365 544
544 365
365 547
547 365
366 367
367 366
366 374
374 366
366 595
595 366
366 598
598 366
367 369
369 367
368 371
371 368
368 372
372 368
368 375
375 368
368 376
376 368
371 372
372 371
371 373
373 371
371 376
376 371
372 373
373 372
374 594
594 374
374 595
595 374
375 547
547 375
375 594
594 375
377 381
381 377
377 382
382 377
377 386
386 377
377 395
395 377
377 398
398 377
378 380
380 378
378 383
383 378
378 386
386 378
378 387
387 378
378 394
394 378
379 383
383 379
379 384
384 379
379 387
387 379
379 388
388 379
379 393
393 379
379 396
396 379
380 381
381 380
380 383
383 380
380 386
386 380
380 399
399 380
381 386
386 381
381 390
390 381
381 395
395 381
381 399
399 381
381 500
500 381
381 518
518 381
382 386
386 382
382 395
395 382
382 398
398 382
383 387
387 383
383 390
390 383
383 393
393 383
383 399
399 383
383 500
500 383
383 516
516 383
384 385
385 384
384 387
387 384
384 388
388 384
384 391
391 384
384 392
392 384
384 394
394 384
384 497
497 384
385 389
389 385
385 391
391 385
385 394
394 385
386 394
394 386
387 393
393 387
387 394
394 387
388 396
396 388
388 497
497 388
389 391
391 389
389 394
394 389
389 443
443 389
389 455
455 389
390 399
399 390
390 500
500 390
391 392
392 391
391 455
455 391
391 491
491 391
392 477
477 392
392 481
481 392
392 491
491 392
392 497
497 392
393 396
396 393
393 397
397 393
393 509
509 393
393 516
516 393
395 398
398 395
395 518
518 395
396 397
397 396
396 492
492 396
396 497
497 396
397 492
492 397
397 509
509 397
397 510
510 397
398 501
501 398
398 518
518 398
400 408
408 400
400 412
412 400
400 416
416 400
400 419
419 400
401 407
407 401
401 408
408 401
401 410
410 401
401 412
412 401
401 414
414 401
401 420
420 401
402 403
403 402
402 409
409 402
402 414
414 402
402 417
417 402
402 418
418 402
403 409
409 403
403 415
415 403
404 408
408 404
404 411
411 404
404 419
419 404
404 629
629 404
405 406
406 405
405 413
413 405
405 414
414 405
405 418
418 405
406 418
418 406
407 409
409 407
407 414
414 407
407 415
415 407
407 417
417 407
407 420
420 407
408 410
410 408
408 411
411 408
408 412
412 408
408 419
419 408
409 415
415 409
409 417
417 409
410 411
411 410
410 413
413 410
410 414
414 410
410 615
615 410
410 616
616 410
411 616
616 411
411 629
629 411
412 416
416 412
412 419
419 412
412 420
420 412
413 414
414 413
413 615
615 413
414 417
417 414
414 418
418 414
415 416
416 415
415 420
420 415
416 420
420 416
419 622
622 419
419 629
629 419
421 433
433 421
421 435
435 421
422 423
423 422
422 427
427 422
422 429
429 422
422 430
430 422
422 431
431 422
422 432
432 422
423 430
430 423
423 432
432 423
423 436
436 423
423 437
437 423
424 426
426 424
424 431
431 424
425 426
426 425
425 427
427 425
425 430
430 425
425 434
434 425
426 427
427 426
426 431
431 426
427 430
430 427
427 431
431 427
428 433
433 428
428 434
434 428
428 435
435 428
428 436
436 428
428 437
437 428
429 432
432 429
430 434
434 430
430 436
436 430
432 437
437 432
433 434
434 433
433 435
435 433
434 436
436 434
436 437
437 436
438 439
439 438
438 442
442 438
438 448
448 438
438 449
449 438
438 452
452 438
438 456
456 438
438 457
457 438
439 440
440 439
439 452
452 439
439 456
456 439
440 452
452 440
441 443
443 441
441 446
446 441
441 448
448 441
441 449
449 441
441 458
458 441
442 444
444 442
442 445
445 442
442 456
456 442
442 457
457 442
443 454
454 443
443 455
455 443
443 458
458 443
444 445
445 444
444 450
450 444
445 446
446 445
445 449
449 445
445 450
450 445
445 451
451 445
445 453
453 445
445 457
457 445
445 458
458 445
446 449
449 446
446 458
458 446
447 448
448 447
447 452
452 447
448 449
449 448
448 452
452 448
449 457
457 449
450 451
451 450
450 489
489 450
451 453
453 451
451 480
480 451
451 482
482 451
451 489
489 451
451 491
491 451
453 454
454 453
453 458
458 453
453 491
491 453
454 455
455 454
454 458
458 454
454 491
491 454
455 491
491 455
459 468
468 459
459 469
469 459
459 470
470 459
459 472
472 459
460 462
462 460
460 464
464 460
460 465
465 460
460 475
475 460
460 476
476 460
461 464
464 461
461 468
468 461
461 471
471 461
461 473
473 461
461 475
475 461
461 476
476 461
462 465
465 462
462 468
468 462
462 474
474 462
462 475
475 462
463 465
465 463
463 466
466 463
463 467
467 463
464 475
475 464
464 476
476 464
465 467
467 465
465 470
470 465
465 474
474 465
466 467
467 466
466 469
469 466
466 470
470 466
466 566
566 466
467 470
470 467
468 472
472 468
468 474
474 468
468 475
475 468
469 470
470 469
469 566
566 469
470 472
472 470
470 474
474 470
471 473
473 471
471 476
476 471
472 474
474 472
475 476
476 475
477 481
481 477
477 492
492 477
477 497
497 477
478 479
479 478
478 481
481 478
478 485
485 478
478 490
490 478
478 492
492 478
478 495
495 478
478 498
498 478
478 510
510 478
479 481
481 479
479 485
485 479
479 493
493 479
479 494
494 479
479 498
498 479
480 482
482 480
480 487
487 480
480 491
491 480
481 485
485 481
481 491
491 481
481 492
492 481
482 487
487 482
482 489
489 482
482 496
496 482
483 486
486 483
483 488
488 483
483 496
496 483
484 490
490 484
484 495
495 484
484 499
499 484
484 503
503 484
484 504
504 484
484 510
510 484
485 486
486 485
485 491
491 485
485 493
493 485
486 491
491 486
486 493
493 486
486 496
496 486
487 491
491 487
487 496
496 487
488 489
489 488
488 496
496 488
489 496
496 489
490 495
495 490
490 510
510 490
491 496
496 491
492 497
497 492
492 510
510 492
493 494
494 493
494 498
498 494
495 498
498 495
499 504
504 499
499 505
505 499
500 502
502 500
500 516
516 500
500 517
517 500
500 518
518 500
500 584
584 500
501 502
502 501
501 518
518 501
501 576
576 501
501 585
585 501
502 518
518 502
502 584
584 502
502 585
585 502
503 504
504 503
503 508
508 503
503 510
510 503
503 512
512 503
503 514
514 503
504 505
505 504
504 507
507 504
504 512
512 504
505 506
506 505
505 507
507 505
506 507
507 506
506 580
580 506
506 581
581 506
506 583
583 506
506 592
592 506
507 512
512 507
507 583
583 507
508 509
509 508
508 510
510 508
508 514
514 508
509 510
510 509
509 511
511 509
509 514
514 509
509 516
516 509
511 512
512 511
511 513
513 511
511 514
514 511
511 516
516 511
512 513
513 512
512 514
514 512
512 583
583 512
513 515
515 513
513 516
516 513
513 517
517 513
513 583
583 513
513 589
589 513
513 593
593 513
515 517
517 515
515 586
586 515
515 589
589 515
516 517
517 516
517 584
584 517
517 586
586 517
519 520
520 519
519 521
521 519
519 529
529 519
519 530
530 519
519 532
532 519
519 533
533 519
520 521
521 520
520 527
527 520
520 530
530 520
520 531
531 520
520 532
532 520
521 525
525 521
521 526
526 521
521 527
527 521
521 528
528 521
521 530
530 521
521 549
549 521
521 553
553 521
522 525
525 522
522 527
527 522
522 528
528 522
522 534
534 522
522 579
579 522
522 582
582 522
523 524
524 523
523 533
533 523
525 526
526 525
525 528
528 525
525 534
534 525
525 549
549 525
525 552
552 525
525 577
577 525
525 579
579 525
526 528
528 526
527 528
528 527
527 531
531 527
527 580
580 527
527 582
582 527
529 530
530 529
529 553
553 529
529 600
600 529
529 611
611 529
530 553
553 530
531 532
532 531
531 580
580 531
532 533
533 532
534 579
579 534
534 582
582 534
535 537
537 535
535 538
538 535
535 539
539 535
535 543
543 535
535 546
546 535
535 548
548 535
535 551
551 535
536 539
539 536
536 545
545 536
536 546
546 536
536 550
550 536
536 553
553 536
537 540
540 537
537 541
541 537
537 543
543 537
537 551
551 537
538 540
540 538
538 543
543 538
538 546
546 538
538 547
547 538
538 548
548 538
538 594
594 538
538 610
610 538
539 542
542 539
539 546
546 539
539 549
549 539
539 551
551 539
539 553
553 539
540 541
541 540
540 543
543 540
540 544
544 540
540 547
547 540
541 544
544 541
542 549
549 542
542 551
551 542
542 552
552 542
542 554
554 542
544 547
547 544
545 550
550 545
545 553
553 545
545 602
602 545
545 611
611 545
546 548
548 546
546 550
550 546
547 594
594 547
548 550
550 548
548 601
601 548
548 610
610 548
549 552
552 549
549 553
553 549
550 601
601 550
550 602
602 550
551 554
554 551
552 554
554 552
553 611
611 553
555 556
556 555
555 558
558 555
555 563
563 555
555 564
564 555
555 566
566 555
555 570
570 555
555 572
572 555
556 560
560 556
556 562
562 556
556 564
564 556
556 570
570 556
557 563
563 557
557 564
564 557
557 569
569 557
557 571
571 557
558 565
565 558
558 572
572 558
559 569
569 559
559 571
571 559
559 573
573 559
559 619
619 559
559 631
631 559
560 562
562 560
560 564
564 560
560 571
571 560
560 575
575 560
561 565
565 561
561 567
567 561
561 568
568 561
561 570
570 561
561 574
574 561
562 570
570 562
562 574
574 562
562 575
575 562
563 564
564 563
563 566
566 563
564 571
571 564
565 568
568 565
565 570
570 565
565 572
572 565
567 568
568 567
567 574
574 567
569 571
571 569
569 615
615 569
569 619
619 569
569 620
620 569
570 572
572 570
570 574
574 570
571 573
573 571
571 575
575 571
573 575
575 573
573 617
617 573
573 627
627 573
573 631
631 573
574 575
575 574
575 612
612 575
575 627
627 575
576 585
585 576
577 579
579 577
577 585
585 577
577 586
586 577
577 587
587 577
578 580
580 578
578 581
581 578
578 588
588 578
578 590
590 578
578 592
592 578
579 582
582 579
579 587
587 579
579 588
588 579
579 590
590 579
579 591
591 579
580 581
581 580
580 582
582 580
580 590
590 580
581 592
592 581
582 590
590 582
583 592
592 583
583 593
593 583
584 585
585 584
584 586
586 584
585 586
586 585
586 587
587 586
586 589
589 586
587 589
589 587
587 591
591 587
588 589
589 588
588 590
590 588
588 591
591 588
588 592
592 588
588 593
593 588
589 591
591 589
589 592
592 589
589 593
593 589
592 593
593 592
594 595
595 594
594 608
608 594
594 609
609 594
594 610
610 594
595 598
598 595
595 609
609 595
596 598
598 596
596 599
599 596
596 605
605 596
596 606
606 596
597 598
598 597
597 603
603 597
597 605
605 597
597 607
607 597
597 608
608 597
598 605
605 598
598 608
608 598
598 609
609 598
599 600
600 599
599 602
602 599
599 606
606 599
600 602
602 600
600 611
611 600
601 602
602 601
601 604
604 601
601 607
607 601
601 610
610 601
602 604
604 602
602 606
606 602
602 611
611 602
603 604
604 603
603 605
605 603
603 606
606 603
603 607
607 603
604 606
606 604
604 607
607 604
605 606
606 605
607 608
608 607
607 610
610 607
608 609
609 608
608 610
610 608
612 613
613 612
612 627
627 612
613 618
618 613
613 626
626 613
613 627
627 613
614 619
619 614
614 622
622 614
614 623
623 614
614 624
624 614
614 629
629 614
614 630
630 614
614 631
631 614
615 616
616 615
615 620
620 615
616 620
620 616
616 624
624 616
616 629
629 616
617 618
618 617
617 623
623 617
617 625
625 617
617 626
626 617
617 627
627 617
617 631
631 617
618 626
626 618
618 627
627 618
619 620
620 619
619 624
624 619
619 631
631 619
620 624
624 620
621 622
622 621
621 623
623 621
621 625
625 621
621 628
628 621
621 630
630 621
622 629
629 622
622 630
630 622
623 625
625 623
623 628
628 623
623 630
630 623
623 631
631 623
624 629
629 624
625 626
626 625
625 628
628 625
