0 11
11 0
0 19
19 0
0 35
35 0
0 36
36 0
0 54
54 0
1 2
2 1
1 3
3 1
1 15
15 1
1 47
47 1
2 3
3 2
2 15
15 2
2 49
49 2
3 49
49 3
4 5
5 4
4 30
30 4
4 58
58 4
5 58
58 5
6 28
28 6
6 32
32 6
6 33
33 6
6 39
39 6
6 48
48 6
7 16
16 7
7 24
24 7
7 36
36 7
7 124
124 7
8 17
17 8
8 59
59 8
8 60
60 8
8 62
62 8
9 43
43 9
9 47
47 9
9 61
61 9
10 23
23 10
10 26
26 10
10 28
28 10
10 39
39 10
10 57
57 10
11 36
36 11
11 54
54 11
11 133
133 11
11 149
149 11
12 13
13 12
12 14
14 12
12 37
37 12
12 42
42 12
12 45
45 12
13 14
14 13
13 19
19 13
13 35
35 13
13 41
41 13
13 45
45 13
14 41
41 14
14 42
42 14
15 17
17 15
15 18
18 15
15 26
26 15
15 31
31 15
15 47
47 15
15 49
49 15
15 50
50 15
15 52
52 15
15 56
56 15
15 57
57 15
16 24
24 16
16 36
36 16
17 50
50 17
17 52
52 17
17 60
60 17
17 62
62 17
18 26
26 18
18 48
48 18
18 55
55 18
18 56
56 18
19 35
35 19
19 41
41 19
19 53
53 19
19 54
54 19
20 21
21 20
20 23
23 20
20 29
29 20
20 58
58 20
20 60
60 20
21 60
60 21
22 25
25 22
22 27
27 22
22 38
38 22
22 46
46 22
23 29
29 23
23 32
32 23
23 39
39 23
23 52
52 23
23 57
57 23
23 60
60 23
24 35
35 24
24 36
36 24
24 124
124 24
25 38
38 25
25 46
46 25
26 28
28 26
26 31
31 26
26 33
33 26
26 48
48 26
26 57
57 26
27 34
34 27
27 38
38 27
27 43
43 27
27 44
44 27
27 51
51 27
28 33
33 28
28 39
39 28
29 32
32 29
29 35
35 29
29 58
58 29
30 50
50 30
30 58
58 30
30 59
59 30
30 60
60 30
31 57
57 31
32 35
35 32
32 37
37 32
32 39
39 32
32 40
40 32
32 45
45 32
32 48
48 32
33 48
48 33
34 43
43 34
35 36
36 35
35 45
45 35
35 58
58 35
35 124
124 35
36 124
124 36
36 133
133 36
37 42
42 37
37 45
45 37
37 48
48 37
37 223
223 37
37 229
229 37
37 237
237 37
38 46
46 38
38 51
51 38
38 218
218 38
38 222
222 38
39 40
40 39
41 42
42 41
41 53
53 41
41 130
130 41
41 141
141 41
42 130
130 42
42 237
237 42
42 239
239 42
43 44
44 43
43 61
61 43
44 51
51 44
44 61
61 44
46 218
218 46
46 219
219 46
46 227
227 46
47 56
56 47
47 61
61 47
48 51
51 48
48 55
55 48
48 222
222 48
48 223
223 48
49 50
50 49
50 59
59 50
50 62
62 50
51 55
55 51
51 61
61 51
51 222
222 51
52 57
57 52
52 60
60 52
53 54
54 53
53 141
141 53
54 141
141 54
54 149
149 54
55 56
56 55
55 61
61 55
56 61
61 56
58 60
60 58
58 124
124 58
59 60
60 59
59 62
62 59
63 101
101 63
64 65
65 64
64 77
77 64
65 77
77 65
65 101
101 65
65 121
121 65
66 75
75 66
66 79
79 66
66 91
91 66
66 96
96 66
67 102
102 67
67 109
109 67
67 129
129 67
68 69
69 68
68 70
70 68
68 87
87 68
68 100
100 68
69 70
70 69
69 78
78 69
69 100
100 69
69 122
122 69
69 125
125 69
70 78
78 70
70 87
87 70
70 112
112 70
70 127
127 70
71 92
92 71
71 98
98 71
71 113
113 71
71 118
118 71
72 73
73 72
72 74
74 72
72 109
109 72
73 74
74 73
74 109
109 74
75 78
78 75
75 91
91 75
75 96
96 75
75 103
103 75
75 110
110 75
75 125
125 75
75 127
127 75
76 80
80 76
76 98
98 76
76 114
114 76
76 115
115 76
76 116
116 76
76 117
117 76
76 126
126 76
76 135
135 76
77 113
113 77
77 118
118 77
77 121
121 77
77 127
127 77
78 125
125 78
78 127
127 78
79 91
91 79
79 96
96 79
79 119
119 79
79 122
122 79
80 93
93 80
80 94
94 80
80 98
98 80
80 124
124 80
80 126
126 80
81 88
88 81
81 99
99 81
81 100
100 81
81 108
108 81
81 122
122 81
82 83
83 82
82 85
85 82
82 86
86 82
82 120
120 82
83 84
84 83
83 86
86 83
83 87
87 83
83 108
108 83
83 120
120 83
84 87
87 84
85 86
86 85
85 120
120 85
85 180
180 85
85 196
196 85
86 87
87 86
86 196
196 86
87 100
100 87
87 108
108 87
87 112
112 87
87 196
196 87
88 99
99 88
88 122
122 88
88 128
128 88
89 92
92 89
89 124
124 89
90 97
97 90
90 108
108 90
90 120
120 90
90 123
123 90
90 192
192 90
91 122
122 91
91 125
125 91
92 95
95 92
92 98
98 92
92 124
124 92
93 94
94 93
93 95
95 93
93 98
98 93
94 95
95 94
94 124
124 94
95 98
98 95
95 124
124 95
96 103
103 96
96 107
107 96
96 119
119 96
97 120
120 97
97 192
192 97
97 194
194 97
98 113
113 98
98 115
115 98
99 108
108 99
99 111
111 99
99 128
128 99
100 108
108 100
100 122
122 100
101 102
102 101
101 121
121 101
102 118
118 102
102 121
121 102
102 129
129 102
103 107
107 103
103 110
110 103
103 127
127 103
104 105
105 104
104 106
106 104
104 127
127 104
105 106
106 105
105 110
110 105
105 127
127 105
106 110
110 106
106 127
127 106
107 119
119 107
108 111
111 108
108 120
120 108
108 123
123 108
109 129
129 109
110 127
127 110
111 123
123 111
111 128
128 111
112 113
113 112
112 114
114 112
112 115
115 112
112 127
127 112
112 155
155 112
112 177
177 112
112 196
196 112
113 115
115 113
113 118
118 113
113 127
127 113
114 115
115 114
114 135
135 114
114 145
145 114
114 164
164 114
114 177
177 114
116 117
117 116
116 124
124 116
116 126
126 116
116 133
133 116
116 135
135 116
117 126
126 117
118 121
121 118
118 129
129 118
119 122
122 119
120 180
180 120
120 194
194 120
122 125
125 122
122 128
128 122
123 128
128 123
124 126
126 124
124 133
133 124
130 141
141 130
130 239
239 130
130 240
240 130
131 135
135 131
131 138
138 131
131 145
145 131
131 148
148 131
131 149
149 131
131 151
151 131
131 152
152 131
131 163
163 131
132 136
136 132
132 138
138 132
132 139
139 132
132 142
142 132
132 146
146 132
132 154
154 132
132 167
167 132
132 175
175 132
133 135
135 133
133 149
149 133
133 151
151 133
134 140
140 134
134 141
141 134
134 142
142 134
134 143
143 134
135 145
145 135
135 151
151 135
136 139
139 136
136 140
140 136
136 143
143 136
136 146
146 136
136 150
150 136
137 138
138 137
137 142
142 137
137 148
148 137
137 149
149 137
138 142
142 138
138 148
148 138
138 152
152 138
138 159
159 138
138 175
175 138
139 144
144 139
139 150
150 139
139 154
154 139
139 171
171 139
140 141
141 140
140 143
143 140
140 150
150 140
140 240
240 140
141 142
142 141
141 149
149 141
141 240
240 141
142 143
143 142
142 146
146 142
142 149
149 142
143 146
146 143
144 147
147 144
144 150
150 144
144 171
171 144
144 204
204 144
144 207
207 144
145 163
163 145
145 164
164 145
147 150
150 147
147 204
204 147
147 207
207 147
147 238
238 147
147 240
240 147
148 149
149 148
149 151
151 149
150 240
240 150
152 157
157 152
152 159
159 152
152 161
161 152
152 163
163 152
153 161
161 153
153 162
162 153
153 176
176 153
153 177
177 153
154 167
167 154
154 169
169 154
154 171
171 154
154 172
172 154
155 160
160 155
155 162
162 155
155 168
168 155
155 177
177 155
155 196
196 155
156 158
158 156
156 165
165 156
156 166
166 156
156 168
168 156
156 179
179 156
156 186
186 156
156 189
189 156
156 195
195 156
157 161
161 157
157 163
163 157
157 164
164 157
157 174
174 157
157 177
177 157
158 166
166 158
158 168
168 158
158 173
173 158
159 161
161 159
159 175
175 159
159 176
176 159
160 162
162 160
160 168
168 160
160 173
173 160
161 163
163 161
161 176
176 161
161 177
177 161
162 173
173 162
162 176
176 162
162 177
177 162
163 164
164 163
164 174
174 164
164 177
177 164
165 166
166 165
165 169
169 165
165 170
170 165
165 172
172 165
165 195
195 165
166 170
170 166
166 173
173 166
167 169
169 167
167 170
170 167
167 175
175 167
168 173
173 168
168 186
186 168
168 196
196 168
169 170
170 169
169 172
172 169
170 173
173 170
170 175
175 170
170 176
176 170
171 172
172 171
171 206
206 171
171 207
207 171
172 195
195 172
172 206
206 172
173 176
176 173
174 177
177 174
175 176
176 175
178 181
181 178
178 182
182 178
178 184
184 178
178 185
185 178
178 189
189 178
178 194
194 178
178 195
195 178
179 180
180 179
179 185
185 179
179 186
186 179
179 189
189 179
180 185
185 180
180 186
186 180
180 194
194 180
180 196
196 180
181 182
182 181
181 184
184 181
181 190
190 181
181 191
191 181
182 183
183 182
182 184
184 182
182 188
188 182
182 190
190 182
182 194
194 182
183 188
188 183
183 190
190 183
183 193
193 183
183 197
197 183
184 191
191 184
184 195
195 184
185 189
189 185
185 194
194 185
186 196
196 186
187 188
188 187
187 192
192 187
187 197
197 187
188 192
192 188
188 194
194 188
188 197
197 188
189 195
195 189
190 191
191 190
190 193
193 190
191 193
193 191
191 195
195 191
191 198
198 191
191 210
210 191
191 211
211 191
192 194
194 192
192 197
197 192
193 198
198 193
195 206
206 195
195 210
210 195
198 208
208 198
198 211
211 198
198 213
213 198
199 200
200 199
199 201
201 199
199 204
204 199
199 210
210 199
199 211
211 199
200 201
201 200
200 211
211 200
200 212
212 200
200 215
215 200
201 203
203 201
201 204
204 201
201 215
215 201
201 217
217 201
201 226
226 201
201 238
238 201
202 203
203 202
202 205
205 202
202 212
212 202
202 214
214 202
202 215
215 202
203 214
214 203
203 215
215 203
203 220
220 203
203 226
226 203
203 231
231 203
204 207
207 204
204 209
209 204
204 210
210 204
204 217
217 204
204 238
238 204
205 208
208 205
205 212
212 205
205 213
213 205
205 214
214 205
205 215
215 205
206 207
207 206
206 209
209 206
206 210
210 206
207 209
209 207
208 213
213 208
208 214
214 208
209 210
210 209
210 211
211 210
211 212
212 211
211 213
213 211
212 213
213 212
212 215
215 212
214 220
220 214
216 224
224 216
216 225
225 216
216 228
228 216
216 230
230 216
216 232
232 216
216 234
234 216
217 225
225 217
217 226
226 217
217 229
229 217
217 231
231 217
217 232
232 217
217 237
237 217
217 238
238 217
218 219
219 218
218 222
222 218
218 223
223 218
218 229
229 218
218 233
233 218
219 227
227 219
219 230
230 219
219 233
233 219
220 231
231 220
220 235
235 220
221 224
224 221
221 227
227 221
221 234
234 221
221 235
235 221
222 223
223 222
223 229
229 223
224 225
225 224
224 231
231 224
224 234
234 224
224 235
235 224
225 231
231 225
225 232
232 225
226 231
231 226
227 230
230 227
227 234
234 227
228 229
229 228
228 230
230 228
228 232
232 228
228 233
233 228
229 232
232 229
229 233
233 229
229 237
237 229
230 233
233 230
230 234
234 230
231 235
235 231
232 237
237 232
236 237
237 236
236 238
238 236
236 239
239 236
236 240
240 236
237 238
238 237
237 239
239 237
238 240
240 238
239 240
240 239
