0 3
3 0
0 5
5 0
0 6
6 0
0 14
14 0
0 263
263 0
1 2
2 1
1 7
7 1
1 11
11 1
1 12
12 1
1 13
13 1
2 4
4 2
2 11
11 2
2 12
12 2
3 5
5 3
3 6
6 3
3 8
8 3
3 11
11 3
3 264
264 3
4 11
11 4
4 142
142 4
5 8
8 5
5 9
9 5
5 10
10 5
5 14
14 5
5 56
56 5
5 62
62 5
6 263
263 6
6 264
264 6
7 8
8 7
7 9
9 7
7 11
11 7
7 13
13 7
8 9
9 8
8 11
11 8
9 13
13 9
9 15
15 9
9 56
56 9
10 14
14 10
10 62
62 10
10 278
278 10
10 286
286 10
11 142
142 11
11 264
264 11
12 13
13 12
13 15
15 13
13 83
83 13
14 263
263 14
14 278
278 14
15 56
56 15
15 69
69 15
15 71
71 15
15 83
83 15
16 17
17 16
16 24
24 16
16 33
33 16
16 43
43 16
16 51
51 16
16 52
52 16
17 31
31 17
17 33
33 17
17 52
52 17
18 31
31 18
18 41
41 18
18 45
45 18
18 201
201 18
18 214
214 18
18 227
227 18
19 23
23 19
19 37
37 19
19 46
46 19
20 21
21 20
20 27
27 20
20 29
29 20
20 30
30 20
20 36
36 20
20 42
42 20
20 44
44 20
20 45
45 20
21 30
30 21
21 51
51 21
21 52
52 21
22 24
24 22
22 26
26 22
22 32
32 22
22 38
38 22
22 39
39 22
22 40
40 22
22 42
42 22
22 43
43 22
22 259
259 22
23 34
34 23
23 35
35 23
23 46
46 23
24 26
26 24
24 43
43 24
24 49
49 24
25 32
32 25
25 38
38 25
25 43
43 25
26 40
40 26
26 49
49 26
26 50
50 26
27 28
28 27
27 29
29 27
27 42
42 27
27 252
252 27
28 29
29 28
28 45
45 28
28 194
194 28
28 252
252 28
29 45
45 29
30 36
36 30
30 43
43 30
30 44
44 30
30 51
51 30
31 33
33 31
31 41
41 31
31 46
46 31
31 52
52 31
32 38
38 32
32 43
43 32
33 34
34 33
33 35
35 33
33 46
46 33
34 35
35 34
34 46
46 34
36 38
38 36
36 42
42 36
36 43
43 36
36 44
44 36
37 41
41 37
37 46
46 37
37 197
197 37
37 217
217 37
37 227
227 37
37 234
234 37
37 239
239 37
38 42
42 38
38 43
43 38
39 40
40 39
39 47
47 39
40 47
47 40
40 48
48 40
40 50
50 40
41 46
46 41
41 227
227 41
42 252
252 42
42 259
259 42
43 51
51 43
45 194
194 45
45 201
201 45
47 48
48 47
48 50
50 48
51 52
52 51
53 66
66 53
53 70
70 53
53 75
75 53
53 85
85 53
53 196
196 53
53 204
204 53
53 223
223 53
53 230
230 53
54 56
56 54
54 57
57 54
54 59
59 54
54 64
64 54
54 71
71 54
54 73
73 54
55 61
61 55
55 72
72 55
55 76
76 55
55 84
84 55
55 271
271 55
55 284
284 55
56 59
59 56
56 62
62 56
56 71
71 56
56 74
74 56
57 63
63 57
57 64
64 57
57 71
71 57
57 80
80 57
58 61
61 58
58 66
66 58
58 67
67 58
58 68
68 58
58 79
79 58
58 81
81 58
58 84
84 58
58 174
174 58
59 60
60 59
59 73
73 59
59 74
74 59
59 76
76 59
60 73
73 60
61 79
79 61
61 84
84 61
61 284
284 61
62 72
72 62
62 74
74 62
62 269
269 62
62 286
286 62
63 71
71 63
63 77
77 63
63 80
80 63
63 83
83 63
63 115
115 63
63 123
123 63
64 73
73 64
64 80
80 64
65 67
67 65
65 73
73 65
65 80
80 65
65 85
85 65
66 67
67 66
66 68
68 66
66 75
75 66
66 85
85 66
67 73
73 67
67 76
76 67
67 84
84 67
67 85
85 67
68 75
75 68
68 81
81 68
68 82
82 68
69 71
71 69
69 77
77 69
69 83
83 69
70 80
80 70
70 85
85 70
70 115
115 70
70 124
124 70
70 190
190 70
70 196
196 70
71 77
77 71
72 74
74 72
72 76
76 72
72 269
269 72
72 271
271 72
72 285
285 72
73 76
76 73
73 80
80 73
74 76
76 74
75 82
82 75
75 204
204 75
75 224
224 75
76 84
84 76
77 83
83 77
78 79
79 78
78 182
182 78
78 284
284 78
79 174
174 79
79 182
182 79
79 284
284 79
80 85
85 80
80 115
115 80
81 82
82 81
81 98
98 81
81 107
107 81
81 174
174 81
81 179
179 81
82 98
98 82
82 109
109 82
82 114
114 82
82 224
224 82
83 117
117 83
83 123
123 83
86 87
87 86
86 90
90 86
86 105
105 86
86 106
106 86
86 112
112 86
87 90
90 87
87 96
96 87
87 110
110 87
87 112
112 87
87 258
258 87
88 89
89 88
88 93
93 88
88 94
94 88
88 247
247 88
88 262
262 88
89 93
93 89
89 94
94 89
89 96
96 89
89 99
99 89
89 110
110 89
89 247
247 89
90 92
92 90
90 95
95 90
90 96
96 90
90 97
97 90
90 106
106 90
90 110
110 90
91 93
93 91
91 94
94 91
91 99
99 91
91 104
104 91
91 108
108 91
91 208
208 91
91 209
209 91
91 218
218 91
91 254
254 91
92 97
97 92
92 98
98 92
92 101
101 92
92 103
103 92
92 105
105 92
92 106
106 92
93 94
94 93
93 254
254 93
93 262
262 93
94 99
99 94
95 97
97 95
95 99
99 95
95 100
100 95
95 110
110 95
96 110
110 96
96 247
247 96
96 251
251 96
96 258
258 96
97 100
100 97
97 101
101 97
97 106
106 97
97 109
109 97
97 114
114 97
98 101
101 98
98 103
103 98
98 107
107 98
98 109
109 98
99 100
100 99
99 108
108 99
99 110
110 99
100 108
108 100
100 110
110 100
100 114
114 100
101 109
109 101
102 103
103 102
102 105
105 102
102 107
107 102
102 111
111 102
103 105
105 103
103 107
107 103
104 108
108 104
104 114
114 104
104 209
209 104
104 224
224 104
104 226
226 104
105 106
106 105
105 111
111 105
105 112
112 105
107 111
111 107
107 113
113 107
107 179
179 107
108 114
114 108
109 114
114 109
111 112
112 111
111 113
113 111
112 113
113 112
113 179
179 113
114 224
224 114
115 119
119 115
115 122
122 115
115 123
123 115
115 124
124 115
116 120
120 116
116 122
122 116
116 123
123 116
116 125
125 116
116 191
191 116
116 192
192 116
116 221
221 116
117 121
121 117
117 123
123 117
117 125
125 117
118 120
120 118
118 121
121 118
118 125
125 118
119 122
122 119
119 124
124 119
119 212
212 119
120 121
121 120
120 123
123 120
120 125
125 120
121 123
123 121
121 125
125 121
122 123
123 122
122 191
191 122
122 198
198 122
122 212
212 122
124 190
190 124
124 212
212 124
125 221
221 125
126 127
127 126
126 133
133 126
126 149
149 126
126 152
152 126
126 155
155 126
126 157
157 126
126 162
162 126
126 175
175 126
127 133
133 127
127 137
137 127
127 152
152 127
127 156
156 127
128 131
131 128
128 138
138 128
128 139
139 128
128 143
143 128
128 148
148 128
128 153
153 128
129 130
130 129
129 138
138 129
129 143
143 129
129 145
145 129
129 148
148 129
129 153
153 129
130 139
139 130
130 148
148 130
130 153
153 130
131 143
143 131
131 145
145 131
131 146
146 131
131 148
148 131
132 144
144 132
132 154
154 132
132 157
157 132
132 158
158 132
132 164
164 132
133 137
137 133
133 155
155 133
133 166
166 133
134 135
135 134
134 146
146 134
134 167
167 134
135 146
146 135
135 150
150 135
135 151
151 135
135 167
167 135
136 141
141 136
136 145
145 136
136 263
263 136
136 275
275 136
136 281
281 136
136 283
283 136
137 156
156 137
137 166
166 137
138 143
143 138
138 147
147 138
138 153
153 138
139 148
148 139
139 153
153 139
140 157
157 140
140 159
159 140
140 160
160 140
140 161
161 140
141 144
144 141
141 145
145 141
141 154
154 141
141 165
165 141
141 275
275 141
142 143
143 142
142 147
147 142
142 264
264 142
143 145
145 143
143 147
147 143
143 264
264 143
144 154
154 144
144 157
157 144
144 165
165 144
144 172
172 144
144 175
175 144
144 267
267 144
144 268
268 144
144 273
273 144
144 274
274 144
144 275
275 144
145 146
146 145
145 148
148 145
145 150
150 145
145 154
154 145
145 263
263 145
145 264
264 145
146 150
150 146
147 264
264 147
149 155
155 149
149 162
162 149
149 175
175 149
149 177
177 149
150 151
151 150
150 154
154 150
150 164
164 150
150 167
167 150
151 167
167 151
152 156
156 152
152 157
157 152
154 164
164 154
155 156
156 155
155 162
162 155
155 166
166 155
156 166
166 156
157 158
158 157
157 159
159 157
157 160
160 157
157 163
163 157
157 175
175 157
158 160
160 158
158 164
164 158
159 161
161 159
159 163
163 159
160 161
161 160
164 167
167 164
168 171
171 168
168 173
173 168
168 182
182 168
168 183
183 168
168 185
185 168
169 170
170 169
169 172
172 169
169 176
176 169
169 181
181 169
170 172
172 170
170 176
176 170
170 184
184 170
170 187
187 170
171 178
178 171
171 182
182 171
171 183
183 171
171 272
272 171
171 284
284 171
172 175
175 172
172 178
178 172
172 181
181 172
172 184
184 172
172 272
272 172
172 274
274 172
173 174
174 173
173 179
179 173
173 180
180 173
173 182
182 173
173 185
185 173
173 186
186 173
174 179
179 174
174 182
182 174
175 177
177 175
175 181
181 175
176 177
177 176
176 179
179 176
176 180
180 176
176 181
181 176
176 187
187 176
177 181
181 177
178 183
183 178
178 184
184 178
178 272
272 178
179 180
180 179
179 186
186 179
180 185
185 180
180 186
186 180
180 187
187 180
182 284
284 182
183 184
184 183
183 185
185 183
184 185
185 184
184 187
187 184
185 187
187 185
188 189
189 188
188 191
191 188
188 192
192 188
188 198
198 188
189 192
192 189
189 198
198 189
189 200
200 189
189 211
211 189
189 212
212 189
189 213
213 189
189 238
238 189
190 196
196 190
190 202
202 190
190 212
212 190
190 216
216 190
190 238
238 190
191 192
192 191
191 198
198 191
192 205
205 192
192 211
211 192
192 215
215 192
192 221
221 192
193 203
203 193
193 208
208 193
193 209
209 193
193 228
228 193
193 236
236 193
194 201
201 194
194 206
206 194
194 207
207 194
194 229
229 194
194 246
246 194
194 252
252 194
195 209
209 195
195 226
226 195
196 202
202 196
196 223
223 196
196 230
230 196
197 210
210 197
197 227
227 197
197 239
239 197
198 212
212 198
199 214
214 199
199 220
220 199
199 222
222 199
199 228
228 199
199 229
229 199
199 237
237 199
199 238
238 199
200 211
211 200
200 235
235 200
200 238
238 200
200 239
239 200
201 214
214 201
201 229
229 201
202 219
219 202
202 222
222 202
202 230
230 202
202 238
238 202
203 209
209 203
203 219
219 203
203 222
222 203
203 226
226 203
203 228
228 203
203 230
230 203
203 232
232 203
204 223
223 204
204 224
224 204
204 226
226 204
204 232
232 204
205 215
215 205
205 221
221 205
206 207
207 206
206 208
208 206
206 218
218 206
206 225
225 206
206 229
229 206
207 218
218 207
207 246
246 207
208 209
209 208
208 218
218 208
208 225
225 208
208 228
228 208
208 229
229 208
208 236
236 208
209 226
226 209
209 236
236 209
210 227
227 210
210 231
231 210
210 235
235 210
210 239
239 210
211 217
217 211
211 221
221 211
211 233
233 211
211 234
234 211
211 239
239 211
212 213
213 212
212 216
216 212
213 216
216 213
213 238
238 213
214 220
220 214
214 227
227 214
214 229
229 214
214 231
231 214
215 221
221 215
216 238
238 216
217 234
234 217
217 239
239 217
218 225
225 218
218 246
246 218
218 254
254 218
219 222
222 219
219 230
230 219
220 231
231 220
220 237
237 220
221 233
233 221
222 228
228 222
222 238
238 222
223 230
230 223
223 232
232 223
224 226
226 224
226 232
232 226
227 231
231 227
228 229
229 228
230 232
232 230
231 235
235 231
231 237
237 231
233 234
234 233
235 237
237 235
235 238
238 235
235 239
239 235
237 238
238 237
240 241
241 240
240 243
243 240
240 250
250 240
240 256
256 240
241 243
243 241
241 245
245 241
241 248
248 241
241 249
249 241
241 250
250 241
242 243
243 242
242 245
245 242
242 247
247 242
242 249
249 242
242 261
261 242
242 262
262 242
243 245
245 243
243 261
261 243
244 247
247 244
244 251
251 244
244 258
258 244
244 260
260 244
245 249
249 245
246 252
252 246
246 253
253 246
246 254
254 246
246 256
256 246
246 257
257 246
247 251
251 247
247 255
255 247
247 260
260 247
247 261
261 247
247 262
262 247
248 249
249 248
248 250
250 248
248 256
256 248
248 262
262 248
249 262
262 249
250 256
256 250
251 258
258 251
252 253
253 252
252 259
259 252
253 257
257 253
253 259
259 253
254 256
256 254
254 262
262 254
255 258
258 255
255 260
260 255
255 261
261 255
256 257
257 256
256 262
262 256
258 260
260 258
263 264
264 263
263 278
278 263
263 280
280 263
263 283
283 263
265 269
269 265
265 279
279 265
265 286
286 265
266 270
270 266
266 284
284 266
267 268
268 267
267 275
275 267
267 277
277 267
268 272
272 268
268 273
273 268
268 277
277 268
269 276
276 269
269 279
279 269
269 285
285 269
269 286
286 269
270 271
271 270
270 282
282 270
270 284
284 270
271 282
282 271
271 284
284 271
271 285
285 271
272 273
273 272
272 274
274 272
272 277
277 272
272 282
282 272
272 284
284 272
273 274
274 273
275 276
276 275
275 277
277 275
275 279
279 275
275 281
281 275
276 277
277 276
276 279
279 276
276 285
285 276
277 282
282 277
277 285
285 277
278 280
280 278
278 286
286 278
279 281
281 279
279 286
286 279
280 281
281 280
280 283
283 280
280 286
286 280
281 283
283 281
281 286
286 281
282 284
284 282
282 285
285 282
283 286
286 283
