0 1
1 0
0 12
12 0
0 21
21 0
0 27
27 0
0 84
84 0
0 87
87 0
1 2
2 1
1 13
13 1
1 15
15 1
1 21
21 1
1 25
25 1
1 84
84 1
2 11
11 2
2 15
15 2
2 21
21 2
2 22
22 2
2 28
28 2
2 35
35 2
3 4
4 3
3 9
9 3
3 18
18 3
3 27
27 3
4 5
5 4
4 6
6 4
4 9
9 4
4 17
17 4
4 18
18 4
4 24
24 4
5 9
9 5
5 24
24 5
5 77
77 5
6 7
7 6
6 10
10 6
6 17
17 6
6 18
18 6
6 23
23 6
7 10
10 7
7 19
19 7
7 22
22 7
7 23
23 7
8 13
13 8
8 14
14 8
8 15
15 8
8 16
16 8
9 12
12 9
9 27
27 9
9 77
77 9
10 17
17 10
10 19
19 10
10 20
20 10
10 26
26 10
11 18
18 11
11 21
21 11
11 22
22 11
11 23
23 11
11 27
27 11
12 27
27 12
12 77
77 12
12 87
87 12
13 15
15 13
13 25
25 13
14 15
15 14
14 16
16 14
15 16
16 15
15 25
25 15
15 28
28 15
16 28
28 16
17 24
24 17
17 26
26 17
17 29
29 17
18 23
23 18
18 27
27 18
19 20
20 19
19 22
22 19
19 35
35 19
19 37
37 19
20 26
26 20
20 29
29 20
20 37
37 20
21 27
27 21
22 23
23 22
22 35
35 22
24 29
29 24
24 51
51 24
24 52
52 24
24 77
77 24
24 81
81 24
24 94
94 24
24 97
97 24
25 84
84 25
25 96
96 25
26 29
29 26
28 31
31 28
28 35
35 28
28 36
36 28
29 34
34 29
29 37
37 29
29 52
52 29
30 32
32 30
30 34
34 30
30 40
40 30
30 45
45 30
30 48
48 30
30 52
52 30
30 55
55 30
30 67
67 30
31 36
36 31
31 44
44 31
32 33
33 32
32 40
40 32
32 45
45 32
32 48
48 32
32 66
66 32
33 41
41 33
33 42
42 33
33 43
43 33
33 45
45 33
33 53
53 33
33 66
66 33
34 37
37 34
34 45
45 34
34 52
52 34
35 36
36 35
35 37
37 35
35 38
38 35
35 45
45 35
35 46
46 35
36 41
41 36
36 43
43 36
36 44
44 36
36 46
46 36
37 45
45 37
38 39
39 38
38 45
45 38
38 46
46 38
39 42
42 39
39 43
43 39
39 45
45 39
39 46
46 39
40 48
48 40
41 43
43 41
41 44
44 41
41 53
53 41
42 43
43 42
42 45
45 42
43 46
46 43
47 55
55 47
47 65
65 47
47 69
69 47
48 55
55 48
48 61
61 48
48 66
66 48
49 50
50 49
49 51
51 49
49 57
57 49
49 59
59 49
49 72
72 49
49 95
95 49
49 113
113 49
50 51
51 50
50 59
59 50
50 62
62 50
51 52
52 51
51 62
62 51
51 67
67 51
51 94
94 51
51 95
95 51
52 67
67 52
53 54
54 53
53 60
60 53
53 63
63 53
53 64
64 53
53 66
66 53
54 60
60 54
54 61
61 54
54 63
63 54
54 69
69 54
55 61
61 55
55 65
65 55
55 67
67 55
55 68
68 55
55 69
69 55
56 64
64 56
56 65
65 56
56 120
120 56
57 58
58 57
57 59
59 57
57 113
113 57
58 59
59 58
58 65
65 58
58 68
68 58
58 113
113 58
58 120
120 58
59 62
62 59
59 68
68 59
60 61
61 60
60 66
66 60
61 66
66 61
61 69
69 61
62 67
67 62
62 68
68 62
63 64
64 63
63 65
65 63
63 69
69 63
64 65
65 64
65 68
68 65
65 69
69 65
65 120
120 65
67 68
68 67
70 71
71 70
70 85
85 70
70 87
87 70
70 93
93 70
70 96
96 70
70 101
101 70
71 85
85 71
71 93
93 71
71 99
99 71
72 79
79 72
72 92
92 72
72 95
95 72
72 98
98 72
72 113
113 72
72 117
117 72
72 123
123 72
73 74
74 73
73 75
75 73
73 79
79 73
73 81
81 73
73 88
88 73
73 91
91 73
73 97
97 73
74 79
79 74
74 81
81 74
74 92
92 74
74 94
94 74
75 77
77 75
75 87
87 75
75 91
91 75
75 97
97 75
76 79
79 76
76 83
83 76
76 100
100 76
77 87
87 77
77 97
97 77
78 79
79 78
78 83
83 78
78 86
86 78
78 88
88 78
78 93
93 78
78 99
99 78
78 101
101 78
79 83
83 79
79 88
88 79
79 92
92 79
79 98
98 79
79 100
100 79
80 82
82 80
80 85
85 80
80 89
89 80
80 99
99 80
80 100
100 80
81 94
94 81
81 97
97 81
82 85
85 82
82 90
90 82
82 98
98 82
82 100
100 82
83 89
89 83
83 99
99 83
83 100
100 83
84 87
87 84
84 96
96 84
85 90
90 85
85 99
99 85
85 102
102 85
86 88
88 86
86 91
91 86
86 101
101 86
87 91
91 87
87 96
96 87
87 101
101 87
88 91
91 88
89 99
99 89
89 100
100 89
90 98
98 90
90 104
104 90
90 105
105 90
90 106
106 90
91 101
101 91
92 94
94 92
92 95
95 92
93 99
99 93
93 101
101 93
94 95
95 94
98 100
100 98
98 105
105 98
98 117
117 98
103 107
107 103
103 108
108 103
103 109
109 103
103 115
115 103
103 116
116 103
104 106
106 104
104 111
111 104
104 114
114 104
105 106
106 105
105 108
108 105
105 112
112 105
105 114
114 105
105 117
117 105
106 114
114 106
107 108
108 107
107 109
109 107
107 112
112 107
107 120
120 107
107 121
121 107
108 112
112 108
108 114
114 108
108 115
115 108
109 116
116 109
110 113
113 110
110 120
120 110
110 122
122 110
111 114
114 111
111 115
115 111
112 117
117 112
112 118
118 112
112 121
121 112
113 119
119 113
113 120
120 113
113 122
122 113
113 123
123 113
114 115
115 114
117 118
118 117
117 119
119 117
117 123
123 117
118 119
119 118
118 120
120 118
118 121
121 118
118 122
122 118
119 122
122 119
119 123
123 119
120 121
121 120
120 122
122 120
