0 1
1 0
0 2
2 0
0 124
124 0
1 2
2 1
1 3
3 1
1 8
8 1
1 12
12 1
1 14
14 1
1 124
124 1
1 787
787 1
1 800
800 1
2 3
3 2
2 6
6 2
2 7
7 2
2 124
124 2
2 660
660 2
2 734
734 2
3 6
6 3
3 7
7 3
3 8
8 3
4 5
5 4
4 6
6 4
4 7
7 4
4 644
644 4
5 6
6 5
5 11
11 5
5 31
31 5
5 36
36 5
5 40
40 5
5 643
643 5
5 644
644 5
5 717
717 5
6 7
7 6
6 8
8 6
6 11
11 6
7 644
644 7
7 660
660 7
8 9
9 8
8 11
11 8
8 14
14 8
8 15
15 8
9 10
10 9
9 11
11 9
9 14
14 9
9 15
15 9
10 11
11 10
10 15
15 10
10 40
40 10
10 44
44 10
11 40
40 11
12 13
13 12
12 14
14 12
12 18
18 12
12 800
800 12
12 802
802 12
13 14
14 13
13 18
18 13
13 23
23 13
13 24
24 13
13 802
802 13
13 825
825 13
14 15
15 14
14 17
17 14
14 18
18 14
14 19
19 14
15 16
16 15
15 19
19 15
15 20
20 15
15 44
44 15
16 20
20 16
16 21
21 16
16 25
25 16
16 44
44 16
17 18
18 17
17 19
19 17
18 19
19 18
18 22
22 18
18 23
23 18
19 20
20 19
19 22
22 19
20 21
21 20
20 22
22 20
21 22
22 21
21 23
23 21
21 25
25 21
21 26
26 21
22 23
23 22
23 24
24 23
23 26
26 23
24 26
26 24
24 819
819 24
24 821
821 24
24 825
825 24
25 26
26 25
25 44
44 25
25 45
45 25
25 72
72 25
25 75
75 25
26 27
27 26
26 72
72 26
26 821
821 26
27 28
28 27
27 66
66 27
27 70
70 27
27 72
72 27
27 112
112 27
27 821
821 27
28 80
80 28
28 81
81 28
28 82
82 28
28 112
112 28
28 117
117 28
28 820
820 28
28 821
821 28
28 822
822 28
29 30
30 29
29 31
31 29
29 32
32 29
29 717
717 29
30 31
31 30
30 32
32 30
30 33
33 30
31 33
33 31
31 36
36 31
31 717
717 31
32 33
33 32
32 34
34 32
32 717
717 32
32 1568
1568 32
32 1570
1570 32
32 1571
1571 32
32 1572
1572 32
33 34
34 33
33 35
35 33
33 36
36 33
34 35
35 34
34 1565
1565 34
34 1568
1568 34
34 1625
1625 34
34 1627
1627 34
34 1629
1629 34
34 1632
1632 34
35 36
36 35
35 37
37 35
35 38
38 35
35 41
41 35
35 42
42 35
35 1629
1629 35
36 37
37 36
36 40
40 36
37 38
38 37
37 39
39 37
37 40
40 37
38 39
39 38
38 41
41 38
39 40
40 39
39 41
41 39
40 41
41 40
40 44
44 40
41 42
42 41
41 44
44 41
42 43
43 42
42 44
44 42
42 1555
1555 42
42 1629
1629 42
42 1630
1630 42
42 1640
1640 42
43 44
44 43
43 45
45 43
43 76
76 43
43 1444
1444 43
43 1555
1555 43
43 1557
1557 43
43 1559
1559 43
43 1560
1560 43
44 45
45 44
45 75
75 45
45 76
76 45
46 47
47 46
46 50
50 46
46 51
51 46
46 52
52 46
46 53
53 46
46 77
77 46
46 78
78 46
46 1510
1510 46
46 1512
1512 46
46 1513
1513 46
47 48
48 47
47 49
49 47
47 50
50 47
47 51
51 47
47 1510
1510 47
48 49
49 48
48 73
73 48
48 1510
1510 48
48 1514
1514 48
49 50
50 49
49 73
73 49
50 51
51 50
50 53
53 50
50 54
54 50
50 55
55 50
50 73
73 50
51 52
52 51
51 53
53 51
51 54
54 51
52 53
53 52
53 54
54 53
53 56
56 53
53 57
57 53
53 59
59 53
53 60
60 53
53 61
61 53
53 77
77 53
54 55
55 54
54 56
56 54
55 56
56 55
55 65
65 55
55 73
73 55
56 57
57 56
56 64
64 56
56 65
65 56
57 58
58 57
57 59
59 57
57 62
62 57
57 64
64 57
58 59
59 58
58 60
60 58
58 61
61 58
58 62
62 58
59 60
60 59
60 61
61 60
61 62
62 61
61 70
70 61
61 77
77 61
62 63
63 62
62 64
64 62
62 69
69 62
62 70
70 62
63 64
64 63
63 67
67 63
63 68
68 63
63 69
69 63
64 65
65 64
64 67
67 64
65 66
66 65
65 67
67 65
65 73
73 65
66 67
67 66
66 70
70 66
66 71
71 66
66 72
72 66
66 73
73 66
67 68
68 67
67 70
70 67
68 69
69 68
68 70
70 68
69 70
70 69
70 77
77 70
70 112
112 70
71 72
72 71
71 73
73 71
71 75
75 71
72 75
75 72
73 74
74 73
73 75
75 73
73 1514
1514 73
74 75
75 74
74 76
76 74
74 1447
1447 74
74 1514
1514 74
75 76
76 75
76 1444
1444 76
76 1447
1447 76
77 78
78 77
77 111
111 77
77 112
112 77
78 79
79 78
78 111
111 78
78 116
116 78
78 123
123 78
78 1509
1509 78
78 1513
1513 78
79 116
116 79
79 125
125 79
79 1509
1509 79
80 81
81 80
80 82
82 80
80 117
117 80
80 118
118 80
81 82
82 81
82 83
83 82
82 84
84 82
82 90
90 82
82 91
91 82
82 112
112 82
82 118
118 82
83 84
84 83
83 85
85 83
83 86
86 83
83 89
89 83
83 90
90 83
84 85
85 84
84 118
118 84
85 86
86 85
85 87
87 85
85 118
118 85
86 87
87 86
86 89
89 86
87 88
88 87
87 89
89 87
87 118
118 87
87 120
120 87
88 89
89 88
88 94
94 88
88 120
120 88
89 90
90 89
89 93
93 89
89 94
94 89
90 91
91 90
90 92
92 90
90 93
93 90
91 92
92 91
91 93
93 91
91 111
111 91
91 112
112 91
92 93
93 92
92 97
97 92
92 98
98 92
92 104
104 92
92 111
111 92
92 113
113 92
93 94
94 93
93 95
95 93
93 96
96 93
93 97
97 93
94 95
95 94
94 120
120 94
95 96
96 95
95 99
99 95
95 100
100 95
95 120
120 95
95 121
121 95
96 97
97 96
96 99
99 96
96 100
100 96
97 98
98 97
97 99
99 97
98 99
99 98
98 103
103 98
98 104
104 98
99 100
100 99
99 102
102 99
99 103
103 99
100 101
101 100
100 102
102 100
100 120
120 100
100 121
121 100
101 102
102 101
101 107
107 101
101 108
108 101
101 121
121 101
101 122
122 101
102 103
103 102
102 106
106 102
102 107
107 102
102 108
108 102
103 104
104 103
103 105
105 103
103 106
106 103
104 105
105 104
104 113
113 104
105 106
106 105
105 113
113 105
106 107
107 106
106 113
113 106
106 115
115 106
106 125
125 106
107 108
108 107
107 125
125 107
108 109
109 108
108 122
122 108
108 125
125 108
109 110
110 109
109 125
125 109
110 125
125 110
111 112
112 111
111 113
113 111
111 114
114 111
111 123
123 111
113 114
114 113
113 115
115 113
114 115
115 114
114 116
116 114
114 123
123 114
115 116
116 115
115 125
125 115
116 123
123 116
116 125
125 116
117 118
118 117
117 119
119 117
117 120
120 117
117 822
822 117
117 834
834 117
118 120
120 118
119 120
120 119
119 121
121 119
119 122
122 119
119 125
125 119
119 834
834 119
120 121
121 120
121 122
122 121
122 125
125 122
124 660
660 124
124 728
728 124
124 734
734 124
124 773
773 124
124 774
774 124
124 787
787 124
125 834
834 125
125 837
837 125
125 1509
1509 125
125 1514
1514 125
126 159
159 126
126 161
161 126
126 288
288 126
127 128
128 127
127 129
129 127
127 135
135 127
127 158
158 127
128 135
135 128
128 141
141 128
128 143
143 128
128 156
156 128
128 157
157 128
128 158
158 128
129 130
130 129
129 135
135 129
129 158
158 129
129 288
288 129
130 131
131 130
130 134
134 130
130 135
135 130
130 288
288 130
131 132
132 131
131 133
133 131
131 134
134 131
131 137
137 131
131 138
138 131
131 288
288 131
132 133
133 132
132 137
137 132
132 138
138 132
133 138
138 133
134 135
135 134
134 136
136 134
134 137
137 134
134 141
141 134
135 141
141 135
136 137
137 136
136 139
139 136
136 141
141 136
136 142
142 136
137 138
138 137
137 139
139 137
138 139
139 138
138 196
196 138
138 197
197 138
138 198
198 138
138 288
288 138
139 140
140 139
139 142
142 139
139 196
196 139
140 142
142 140
140 179
179 140
140 180
180 140
140 181
181 140
140 194
194 140
140 196
196 140
141 142
142 141
141 143
143 141
141 177
177 141
141 178
178 141
142 178
178 142
142 179
179 142
143 144
144 143
143 145
145 143
143 155
155 143
143 156
156 143
143 177
177 143
144 145
145 144
144 147
147 144
144 154
154 144
144 155
155 144
145 146
146 145
145 147
147 145
145 149
149 145
145 176
176 145
145 177
177 145
146 148
148 146
146 149
149 146
146 168
168 146
146 170
170 146
146 176
176 146
147 149
149 147
147 151
151 147
147 152
152 147
147 153
153 147
147 154
154 147
148 149
149 148
148 165
165 148
148 166
166 148
148 168
168 148
149 150
150 149
149 151
151 149
149 165
165 149
149 166
166 149
150 151
151 150
150 152
152 150
150 163
163 150
150 164
164 150
150 166
166 150
151 152
152 151
152 153
153 152
152 162
162 152
152 163
163 152
153 154
154 153
153 160
160 153
153 162
162 153
154 155
155 154
154 160
160 154
155 156
156 155
155 157
157 155
155 160
160 155
156 157
157 156
157 158
158 157
157 159
159 157
157 160
160 157
158 159
159 158
158 288
288 158
159 160
160 159
159 161
161 159
159 288
288 159
160 161
161 160
160 162
162 160
161 162
162 161
161 288
288 161
162 163
163 162
162 164
164 162
162 288
288 162
163 164
164 163
164 166
166 164
164 288
288 164
164 1018
1018 164
164 1041
1041 164
165 166
166 165
165 167
167 165
165 168
168 165
165 1015
1015 165
166 1015
1015 166
166 1016
1016 166
166 1018
1018 166
167 168
168 167
167 169
169 167
167 399
399 167
167 434
434 167
167 1015
1015 167
168 169
169 168
168 170
170 168
169 170
170 169
169 394
394 169
169 395
395 169
169 396
396 169
169 398
398 169
169 399
399 169
170 171
171 170
170 173
173 170
170 174
174 170
170 175
175 170
170 176
176 170
170 392
392 170
170 395
395 170
171 172
172 171
171 173
173 171
171 186
186 171
171 371
371 171
171 391
391 171
171 392
392 171
171 395
395 171
172 173
173 172
172 174
174 172
172 184
184 172
172 185
185 172
172 186
186 172
173 174
174 173
174 175
175 174
174 181
181 174
174 182
182 174
174 184
184 174
174 185
185 174
175 176
176 175
175 177
177 175
175 178
178 175
175 179
179 175
175 180
180 175
175 181
181 175
175 182
182 175
176 177
177 176
177 178
178 177
178 179
179 178
179 180
180 179
180 181
181 180
181 182
182 181
181 183
183 181
181 192
192 181
181 193
193 181
181 194
194 181
182 183
183 182
182 185
185 182
183 185
185 183
183 188
188 183
183 191
191 183
183 192
192 183
183 193
193 183
184 185
185 184
184 186
186 184
185 186
186 185
185 188
188 185
186 187
187 186
186 188
188 186
186 248
248 186
186 249
249 186
186 371
371 186
187 188
188 187
187 214
214 187
187 247
247 187
187 249
249 187
187 269
269 187
187 270
270 187
187 273
273 187
187 274
274 187
187 287
287 187
188 190
190 188
188 191
191 188
188 214
214 188
189 190
190 189
189 191
191 189
189 199
199 189
189 211
211 189
189 212
212 189
190 191
191 190
190 212
212 190
190 214
214 190
191 192
192 191
191 198
198 191
191 199
199 191
192 193
193 192
192 195
195 192
192 197
197 192
192 198
198 192
193 194
194 193
193 195
195 193
194 195
195 194
194 196
196 194
195 196
196 195
195 197
197 195
196 197
197 196
197 198
198 197
198 199
199 198
198 288
288 198
199 209
209 199
199 211
211 199
199 288
288 199
200 201
201 200
200 203
203 200
200 288
288 200
201 202
202 201
201 203
203 201
201 288
288 201
202 203
203 202
202 206
206 202
202 208
208 202
202 210
210 202
202 288
288 202
203 204
204 203
203 205
205 203
203 206
206 203
203 209
209 203
203 288
288 203
204 205
205 204
204 206
206 204
205 206
206 205
205 207
207 205
205 209
209 205
205 210
210 205
206 207
207 206
206 208
208 206
207 208
208 207
207 209
209 207
207 210
210 207
208 210
210 208
209 210
210 209
209 211
211 209
209 288
288 209
210 211
211 210
210 212
212 210
210 288
288 210
211 212
212 211
212 213
213 212
212 214
214 212
212 287
287 212
212 288
288 212
213 214
214 213
214 287
287 214
215 221
221 215
215 222
222 215
215 223
223 215
215 224
224 215
215 226
226 215
215 227
227 215
215 229
229 215
215 230
230 215
216 217
217 216
216 227
227 216
216 228
228 216
216 233
233 216
216 237
237 216
217 218
218 217
217 225
225 217
217 226
226 217
217 227
227 217
217 237
237 217
217 238
238 217
218 219
219 218
218 220
220 218
218 225
225 218
218 238
238 218
219 220
220 219
219 221
221 219
219 224
224 219
219 225
225 219
220 221
221 220
220 222
222 220
220 238
238 220
220 239
239 220
221 222
222 221
221 223
223 221
221 224
224 221
221 225
225 221
222 223
223 222
222 230
230 222
222 239
239 222
222 241
241 222
222 244
244 222
222 245
245 222
223 224
224 223
224 225
225 224
224 226
226 224
225 226
226 225
226 227
227 226
227 228
228 227
227 229
229 227
228 229
229 228
228 233
233 228
228 255
255 228
229 230
230 229
229 231
231 229
229 232
232 229
229 233
233 229
229 255
255 229
230 231
231 230
230 244
244 230
231 232
232 231
231 244
244 231
231 246
246 231
231 250
250 231
232 250
250 232
232 255
255 232
233 234
234 233
233 235
235 233
233 237
237 233
233 255
255 233
234 235
235 234
234 236
236 234
234 255
255 234
234 321
321 234
234 322
322 234
235 236
236 235
235 237
237 235
236 237
237 236
236 322
322 236
236 1312
1312 236
236 1399
1399 236
237 238
238 237
237 240
240 237
237 243
243 237
237 1399
1399 237
237 1400
1400 237
238 239
239 238
238 240
240 238
239 240
240 239
239 241
241 239
240 241
241 240
240 242
242 240
240 243
243 240
241 242
242 241
241 245
245 241
241 270
270 241
242 243
243 242
242 262
262 242
242 270
270 242
242 1397
1397 242
242 1400
1400 242
243 1400
1400 243
244 245
245 244
244 246
246 244
245 246
246 245
245 247
247 245
245 270
270 245
246 247
247 246
246 248
248 246
246 250
250 246
246 251
251 246
246 253
253 246
247 248
248 247
247 249
249 247
247 270
270 247
248 249
249 248
248 251
251 248
248 253
253 248
248 371
371 248
250 251
251 250
250 254
254 250
250 255
255 250
251 252
252 251
251 253
253 251
251 254
254 251
252 253
253 252
252 254
254 252
252 256
256 252
252 326
326 252
252 373
373 252
253 371
371 253
253 372
372 253
253 373
373 253
254 255
255 254
254 256
256 254
255 256
256 255
255 321
321 255
255 323
323 255
255 324
324 255
255 326
326 255
256 326
326 256
257 258
258 257
257 264
264 257
257 265
265 257
257 266
266 257
257 268
268 257
258 259
259 258
258 263
263 258
258 264
264 258
258 268
268 258
259 260
260 259
259 263
263 259
259 268
268 259
259 269
269 259
259 273
273 259
260 261
261 260
260 263
263 260
260 271
271 260
260 272
272 260
260 273
273 260
260 1401
1401 260
260 1402
1402 260
261 262
262 261
261 263
263 261
261 264
264 261
261 265
265 261
261 1401
1401 261
261 1403
1403 261
262 265
265 262
262 267
267 262
262 270
270 262
262 1396
1396 262
262 1397
1397 262
262 1403
1403 262
263 264
264 263
264 265
265 264
265 266
266 265
265 267
267 265
266 267
267 266
266 268
268 266
267 268
268 267
267 270
270 267
268 269
269 268
268 270
270 268
269 270
270 269
269 273
273 269
271 272
272 271
271 276
276 271
271 1401
1401 271
271 1402
1402 271
272 273
273 272
272 276
276 272
272 282
282 272
272 283
283 272
272 286
286 272
273 274
274 273
273 275
275 273
273 286
286 273
274 275
275 274
274 287
287 274
275 286
286 275
275 287
287 275
276 277
277 276
276 278
278 276
276 282
282 276
276 1378
1378 276
276 1402
1402 276
277 278
278 277
277 279
279 277
277 1378
1378 277
278 279
279 278
278 281
281 278
278 282
282 278
278 283
283 278
279 281
281 279
279 1378
1378 279
280 281
281 280
280 284
284 280
280 285
285 280
280 288
288 280
280 1380
1380 280
280 1416
1416 280
281 283
283 281
281 284
284 281
281 1378
1378 281
281 1379
1379 281
281 1380
1380 281
282 283
283 282
283 284
284 283
283 286
286 283
284 285
285 284
284 286
286 284
285 286
286 285
285 288
288 285
286 287
287 286
286 288
288 286
287 288
288 287
288 1041
1041 288
288 1416
1416 288
289 290
290 289
289 291
291 289
289 1042
1042 289
289 1075
1075 289
289 1076
1076 289
289 1297
1297 289
289 1305
1305 289
290 291
291 290
290 365
365 290
290 367
367 290
290 369
369 290
290 1295
1295 290
290 1297
1297 290
291 365
365 291
291 604
604 291
291 1076
1076 291
291 1077
1077 291
292 293
293 292
292 295
295 292
292 300
300 292
292 301
301 292
292 307
307 292
292 308
308 292
292 313
313 292
292 605
605 292
293 294
294 293
293 295
295 293
293 313
313 293
293 314
314 293
293 320
320 293
293 321
321 293
294 295
295 294
294 296
296 294
294 320
320 294
294 321
321 294
295 296
296 295
295 605
605 295
296 298
298 296
296 299
299 296
296 320
320 296
296 605
605 296
297 298
298 297
297 303
303 297
297 317
317 297
297 318
318 297
297 319
319 297
297 342
342 297
297 343
343 297
298 299
299 298
298 303
303 298
298 318
318 298
298 319
319 298
298 320
320 298
299 300
300 299
299 301
301 299
299 302
302 299
299 303
303 299
299 605
605 299
300 301
301 300
300 605
605 300
301 302
302 301
301 306
306 301
301 307
307 301
301 308
308 301
302 303
303 302
302 304
304 302
302 306
306 302
303 304
304 303
303 305
305 303
303 341
341 303
303 342
342 303
304 305
305 304
304 306
306 304
305 306
306 305
305 311
311 305
305 337
337 305
305 341
341 305
306 307
307 306
306 311
311 306
307 308
308 307
307 309
309 307
307 311
311 307
308 309
309 308
308 313
313 308
309 310
310 309
309 311
311 309
309 313
313 309
310 311
311 310
310 312
312 310
310 313
313 310
311 312
312 311
311 337
337 311
312 313
313 312
312 315
315 312
312 323
323 312
312 335
335 312
312 337
337 312
313 314
314 313
313 315
315 313
314 315
315 314
314 321
321 314
314 323
323 314
315 323
323 315
316 317
317 316
316 343
343 316
316 344
344 316
316 345
345 316
316 366
366 316
316 370
370 316
316 1274
1274 316
316 1275
1275 316
316 1283
1283 316
317 318
318 317
317 343
343 317
317 1275
1275 317
317 1283
1283 317
317 1310
1310 317
318 319
319 318
318 1310
1310 318
318 1311
1311 318
319 320
320 319
319 1310
1310 319
319 1311
1311 319
320 321
321 320
320 1311
1311 320
320 1312
1312 320
321 322
322 321
321 323
323 321
321 1311
1311 321
321 1312
1312 321
322 1312
1312 322
323 324
324 323
323 335
335 323
324 325
325 324
324 326
326 324
324 328
328 324
324 329
329 324
324 335
335 324
325 326
326 325
325 327
327 325
325 328
328 325
326 327
327 326
326 373
373 326
326 375
375 326
327 328
328 327
327 375
375 327
328 329
329 328
328 375
375 328
329 330
330 329
329 331
331 329
329 335
335 329
329 375
375 329
329 376
376 329
330 331
331 330
330 333
333 330
330 334
334 330
330 335
335 330
331 332
332 331
331 333
333 331
331 376
376 331
331 515
515 331
332 376
376 332
332 377
377 332
332 379
379 332
332 515
515 332
333 334
334 333
333 515
515 333
333 516
516 333
333 522
522 333
334 335
335 334
334 337
337 334
334 338
338 334
334 522
522 334
335 337
337 335
336 337
337 336
336 338
338 336
336 339
339 336
336 340
340 336
336 341
341 336
336 346
346 336
336 347
347 336
337 338
338 337
337 341
341 337
338 347
347 338
338 522
522 338
339 340
340 339
339 342
342 339
339 343
343 339
339 344
344 339
339 346
346 339
340 341
341 340
340 342
342 340
341 342
342 341
342 343
343 342
343 344
344 343
344 345
345 344
344 346
346 344
345 346
346 345
345 363
363 345
345 366
366 345
346 347
347 346
346 362
362 346
346 363
363 346
347 362
362 347
347 363
363 347
347 522
522 347
347 523
523 347
348 349
349 348
348 350
350 348
348 1170
1170 348
348 1172
1172 348
348 1173
1173 348
348 1211
1211 348
349 350
350 349
349 596
596 349
349 597
597 349
349 1167
1167 349
349 1168
1168 349
349 1211
1211 349
350 596
596 350
350 597
597 350
350 602
602 350
350 1173
1173 350
351 352
352 351
351 356
356 351
351 357
357 351
351 532
532 351
351 592
592 351
351 1167
1167 351
352 353
353 352
352 356
356 352
352 1167
1167 352
352 1168
1168 352
353 354
354 353
353 355
355 353
353 356
356 353
353 1167
1167 353
353 1168
1168 353
354 355
355 354
354 358
358 354
354 1083
1083 354
354 1165
1165 354
354 1168
1168 354
355 356
356 355
355 358
358 355
356 357
357 356
356 358
358 356
357 358
358 357
357 360
360 357
357 361
361 357
357 531
531 357
357 532
532 357
358 359
359 358
358 360
360 358
358 1083
1083 358
359 360
360 359
359 1079
1079 359
359 1083
1083 359
360 361
361 360
360 1079
1079 360
361 526
526 361
361 528
528 361
361 529
529 361
361 530
530 361
361 531
531 361
361 603
603 361
361 606
606 361
361 1079
1079 361
361 1213
1213 361
362 363
363 362
362 523
523 362
362 524
524 362
362 603
603 362
363 364
364 363
363 365
365 363
363 366
366 363
363 603
603 363
363 1213
1213 363
364 365
365 364
364 604
604 364
364 1213
1213 364
365 366
366 365
365 369
369 365
365 604
604 365
366 368
368 366
366 369
369 366
366 370
370 366
367 368
368 367
367 369
369 367
367 370
370 367
367 1278
1278 367
367 1294
1294 367
367 1295
1295 367
368 369
369 368
368 370
370 368
370 1274
1274 370
370 1276
1276 370
370 1278
1278 370
371 372
372 371
371 390
390 371
371 391
391 371
372 373
373 372
372 374
374 372
372 390
390 372
372 391
391 372
373 374
374 373
373 375
375 373
374 375
375 374
374 376
376 374
374 387
387 374
374 388
388 374
374 389
389 374
374 390
390 374
375 376
376 375
376 377
377 376
376 378
378 376
376 387
387 376
377 378
378 377
377 379
379 377
378 379
379 378
378 380
380 378
378 381
381 378
378 382
382 378
378 385
385 378
378 387
387 378
379 380
380 379
379 515
515 379
380 381
381 380
380 512
512 380
380 514
514 380
380 515
515 380
381 382
382 381
381 409
409 381
381 410
410 381
381 512
512 381
382 383
383 382
382 385
385 382
382 386
386 382
382 409
409 382
383 384
384 383
383 386
386 383
383 408
408 383
383 409
409 383
384 385
385 384
384 386
386 384
384 405
405 384
384 406
406 384
384 407
407 384
384 408
408 384
385 386
386 385
385 387
387 385
385 388
388 385
385 405
405 385
387 388
388 387
388 389
389 388
388 391
391 388
388 404
404 388
388 405
405 388
389 390
390 389
389 391
391 389
390 391
391 390
391 392
392 391
391 393
393 391
391 404
404 391
391 405
405 391
392 393
393 392
392 394
394 392
392 395
395 392
393 394
394 393
393 396
396 393
393 402
402 393
393 404
404 393
394 395
395 394
394 396
396 394
396 397
397 396
396 398
398 396
396 402
402 396
396 403
403 396
397 398
398 397
397 401
401 397
397 403
403 397
398 399
399 398
398 401
401 398
399 400
400 399
399 401
401 399
399 430
430 399
399 431
431 399
399 434
434 399
400 401
401 400
400 403
403 400
400 424
424 400
400 427
427 400
400 430
430 400
400 431
431 400
401 403
403 401
402 403
403 402
402 404
404 402
402 406
406 402
403 406
406 403
403 412
412 403
403 424
424 403
404 405
405 404
404 406
406 404
405 406
406 405
406 407
407 406
406 411
411 406
406 412
412 406
407 408
408 407
407 411
411 407
408 409
409 408
408 411
411 408
409 410
410 409
409 411
411 409
410 411
411 410
410 413
413 410
410 495
495 410
410 496
496 410
410 512
512 410
411 412
412 411
411 413
413 411
412 413
413 412
412 415
415 412
412 416
416 412
412 418
418 412
412 420
420 412
412 421
421 412
412 422
422 412
412 423
423 412
412 424
424 412
413 414
414 413
413 415
415 413
413 416
416 413
413 494
494 413
413 495
495 413
414 415
415 414
414 450
450 414
414 494
494 414
414 495
495 414
415 416
416 415
415 449
449 415
415 450
450 415
416 417
417 416
416 418
418 416
416 447
447 416
416 449
449 416
417 418
418 417
417 444
444 417
417 445
445 417
417 446
446 417
417 447
447 417
418 420
420 418
418 444
444 418
419 420
420 419
419 421
421 419
419 426
426 419
419 428
428 419
419 440
440 419
419 443
443 419
420 421
421 420
420 443
443 420
420 444
444 420
421 422
422 421
421 423
423 421
421 426
426 421
421 428
428 421
422 423
423 422
423 424
424 423
423 425
425 423
423 426
426 423
424 425
425 424
424 427
427 424
425 426
426 425
425 427
427 425
426 427
427 426
426 428
428 426
427 428
428 427
427 429
429 427
427 430
430 427
428 429
429 428
428 437
437 428
428 439
439 428
428 440
440 428
429 430
430 429
429 431
431 429
429 432
432 429
429 437
437 429
429 438
438 429
430 431
431 430
431 432
432 431
431 434
434 431
432 433
433 432
432 434
434 432
432 438
438 432
433 434
434 433
433 436
436 433
433 438
438 433
433 1015
1015 433
434 1015
1015 434
435 436
436 435
435 441
441 435
435 442
442 435
435 1012
1012 435
435 1013
1013 435
436 437
437 436
436 438
438 436
436 441
441 436
436 1013
1013 436
436 1014
1014 436
436 1015
1015 436
437 438
438 437
437 439
439 437
437 440
440 437
437 441
441 437
438 441
441 438
439 440
440 439
440 441
441 440
440 442
442 440
440 443
443 440
440 884
884 440
440 885
885 440
440 1007
1007 440
440 1008
1008 440
440 1012
1012 440
441 442
442 441
442 1008
1008 442
442 1012
1012 442
443 444
444 443
443 884
884 443
444 445
445 444
444 458
458 444
444 884
884 444
445 446
446 445
445 454
454 445
445 457
457 445
445 458
458 445
445 459
459 445
446 447
447 446
446 453
453 446
446 454
454 446
447 448
448 447
447 449
449 447
447 452
452 447
447 453
453 447
448 449
449 448
448 450
450 448
448 451
451 448
448 452
452 448
449 450
450 449
449 451
451 449
450 451
451 450
450 492
492 450
450 494
494 450
450 499
499 450
451 452
452 451
451 492
492 451
452 453
453 452
452 489
489 452
452 492
492 452
453 454
454 453
453 456
456 453
453 478
478 453
453 487
487 453
453 489
489 453
454 456
456 454
454 457
457 454
455 456
456 455
455 460
460 455
455 468
468 455
455 470
470 455
455 478
478 455
455 479
479 455
456 457
457 456
456 460
460 456
456 478
478 456
456 479
479 456
457 459
459 457
457 460
460 457
458 459
459 458
458 884
884 458
459 460
460 459
459 884
884 459
460 461
461 460
460 463
463 460
460 468
468 460
460 884
884 460
461 462
462 461
461 463
463 461
461 872
872 461
461 874
874 461
461 883
883 461
461 884
884 461
462 463
463 462
462 464
464 462
462 465
465 462
462 473
473 462
462 872
872 462
462 1036
1036 462
463 464
464 463
463 467
467 463
463 468
468 463
464 465
465 464
464 467
467 464
465 466
466 465
465 467
467 465
465 469
469 465
465 472
472 465
465 473
473 465
466 467
467 466
466 469
469 466
466 471
471 466
466 472
472 466
467 468
468 467
467 469
469 467
468 469
469 468
468 470
470 468
469 470
470 469
469 471
471 469
470 471
471 470
470 479
479 470
470 480
480 470
471 472
472 471
471 474
474 471
471 475
475 471
471 476
476 471
471 477
477 471
471 480
480 471
472 473
473 472
472 474
474 472
472 475
475 472
473 474
474 473
473 1036
1036 473
474 475
475 474
474 1036
1036 474
475 476
476 475
475 1036
1036 475
476 477
477 476
476 481
481 476
476 1036
1036 476
477 480
480 477
477 481
481 477
478 479
479 478
478 482
482 478
478 487
487 478
479 480
480 479
479 481
481 479
479 482
482 479
479 483
483 479
480 481
481 480
481 483
483 481
481 1036
1036 481
482 483
483 482
482 487
487 482
483 484
484 483
483 487
487 483
483 1036
1036 483
484 485
485 484
484 486
486 484
484 487
487 484
484 488
488 484
484 555
555 484
484 1036
1036 484
485 486
486 485
485 488
488 485
485 502
502 485
485 503
503 485
485 555
555 485
486 487
487 486
486 488
488 486
487 488
488 487
487 489
489 487
488 489
489 488
488 490
490 488
488 491
491 488
488 501
501 488
488 502
502 488
489 490
490 489
489 492
492 489
490 491
491 490
490 492
492 490
491 492
492 491
491 493
493 491
491 501
501 491
491 502
502 491
492 493
493 492
492 499
499 492
493 499
499 493
493 500
500 493
493 501
501 493
494 495
495 494
494 499
499 494
494 500
500 494
495 496
496 495
495 497
497 495
495 500
500 495
496 497
497 496
496 498
498 496
496 508
508 496
496 509
509 496
496 512
512 496
497 498
498 497
497 500
500 497
497 501
501 497
497 508
508 497
498 508
508 498
499 500
500 499
500 501
501 500
501 502
502 501
501 508
508 501
502 503
503 502
502 504
504 502
502 505
505 502
502 508
508 502
503 504
504 503
503 553
553 503
503 555
555 503
504 505
505 504
504 553
553 504
504 554
554 504
505 506
506 505
505 507
507 505
505 508
508 505
505 554
554 505
506 507
507 506
506 551
551 506
506 554
554 506
507 508
508 507
507 509
509 507
507 510
510 507
507 549
549 507
507 550
550 507
507 551
551 507
508 509
509 508
509 510
510 509
509 511
511 509
509 512
512 509
510 511
511 510
510 538
538 510
510 549
549 510
511 512
512 511
511 513
513 511
511 514
514 511
511 518
518 511
511 538
538 511
512 514
514 512
513 514
514 513
513 516
516 513
513 517
517 513
513 518
518 513
514 515
515 514
514 516
516 514
515 516
516 515
516 517
517 516
516 521
521 516
516 522
522 516
517 518
518 517
517 521
521 517
518 519
519 518
518 521
521 518
518 530
530 518
518 534
534 518
518 536
536 518
518 538
538 518
518 539
539 518
518 540
540 518
519 520
520 519
519 521
521 519
519 530
530 519
519 534
534 519
520 521
521 520
520 525
525 520
520 529
529 520
520 530
530 520
521 522
522 521
521 523
523 521
521 525
525 521
522 523
523 522
523 524
524 523
523 525
525 523
524 525
525 524
524 527
527 524
524 603
603 524
525 526
526 525
525 527
527 525
525 528
528 525
525 529
529 525
525 530
530 525
526 527
527 526
526 528
528 526
526 603
603 526
527 603
603 527
528 529
529 528
529 530
530 529
529 606
606 529
530 531
531 530
530 534
534 530
530 535
535 530
530 606
606 530
531 532
532 531
531 535
535 531
532 535
535 532
532 591
591 532
532 592
592 532
533 535
535 533
533 575
575 533
533 579
579 533
533 590
590 533
533 591
591 533
534 535
535 534
534 536
536 534
534 537
537 534
535 536
536 535
535 537
537 535
535 575
575 535
535 591
591 535
536 537
537 536
536 540
540 536
536 541
541 536
537 540
540 537
537 541
541 537
537 542
542 537
537 573
573 537
537 574
574 537
537 575
575 537
537 630
630 537
537 632
632 537
538 539
539 538
538 547
547 538
538 549
549 538
539 540
540 539
539 547
547 539
540 541
541 540
540 547
547 540
541 542
542 541
541 546
546 541
541 547
547 541
541 548
548 541
542 543
543 542
542 544
544 542
542 546
546 542
542 573
573 542
543 544
544 543
543 545
545 543
543 546
546 543
544 545
545 544
544 571
571 544
544 572
572 544
544 573
573 544
545 546
546 545
545 571
571 545
545 572
572 545
546 548
548 546
546 550
550 546
546 551
551 546
546 552
552 546
546 571
571 546
547 548
548 547
547 549
549 547
547 550
550 547
548 550
550 548
549 550
550 549
550 551
551 550
550 552
552 550
551 552
552 551
551 554
554 551
552 554
554 552
552 556
556 552
552 557
557 552
552 558
558 552
552 559
559 552
552 571
571 552
553 554
554 553
553 555
555 553
553 556
556 553
554 556
556 554
555 556
556 555
555 1036
1036 555
556 557
557 556
556 1036
1036 556
557 558
558 557
557 559
559 557
557 560
560 557
557 561
561 557
557 841
841 557
557 1036
1036 557
558 559
559 558
559 560
560 559
559 570
570 559
559 571
571 559
560 561
561 560
560 563
563 560
560 570
570 560
561 562
562 561
561 563
563 561
561 841
841 561
561 842
842 561
561 845
845 561
562 563
563 562
562 564
564 562
562 565
565 562
562 617
617 562
562 618
618 562
562 845
845 562
563 564
564 563
563 568
568 563
563 570
570 563
564 565
565 564
564 566
566 564
564 568
568 564
565 566
566 565
565 618
618 565
565 991
991 565
566 567
567 566
566 568
568 566
566 625
625 566
566 628
628 566
566 991
991 566
567 568
568 567
567 569
569 567
567 628
628 567
567 629
629 567
568 569
569 568
568 570
570 568
569 570
570 569
569 574
574 569
569 629
629 569
569 630
630 569
570 571
571 570
570 574
574 570
571 572
572 571
571 573
573 571
571 574
574 571
572 573
573 572
573 574
574 573
574 629
629 574
574 630
630 574
575 576
576 575
575 579
579 575
575 632
632 575
575 633
633 575
576 577
577 576
576 579
579 576
576 633
633 576
576 634
634 576
577 578
578 577
577 579
579 577
577 599
599 577
577 634
634 577
577 635
635 577
578 579
579 578
578 580
580 578
578 599
599 578
579 580
580 579
579 581
581 579
579 589
589 579
579 590
590 579
580 581
581 580
580 583
583 580
580 599
599 580
581 583
583 581
581 586
586 581
581 587
587 581
581 589
589 581
581 590
590 581
582 583
583 582
582 584
584 582
582 585
585 582
582 586
586 582
582 599
599 582
583 586
586 583
583 599
599 583
584 585
585 584
584 586
586 584
584 596
596 584
584 598
598 584
584 599
599 584
585 586
586 585
585 587
587 585
585 588
588 585
585 595
595 585
585 596
596 585
585 598
598 585
586 587
587 586
587 588
588 587
587 589
589 587
588 589
589 588
588 593
593 588
588 594
594 588
588 595
595 588
589 590
590 589
589 591
591 589
589 592
592 589
589 593
593 589
589 594
594 589
590 591
591 590
591 592
592 591
592 593
593 592
592 1167
1167 592
593 594
594 593
593 1167
1167 593
594 595
595 594
594 1167
1167 594
595 596
596 595
595 1167
1167 595
596 597
597 596
596 598
598 596
596 1167
1167 596
597 598
598 597
597 601
601 597
597 602
602 597
598 599
599 598
598 601
601 598
599 600
600 599
599 601
601 599
599 635
635 599
599 636
636 599
599 638
638 599
600 601
601 600
600 602
602 600
600 638
638 600
600 639
639 600
600 1173
1173 600
601 602
602 601
602 1173
1173 602
603 1213
1213 603
604 1077
1077 604
604 1078
1078 604
604 1213
1213 604
607 608
608 607
607 614
614 607
607 854
854 607
607 855
855 607
607 858
858 607
607 1040
1040 607
608 609
609 608
608 610
610 608
608 614
614 608
608 851
851 608
608 854
854 608
609 610
610 609
609 850
850 609
609 851
851 609
609 852
852 609
610 611
611 610
610 612
612 610
610 614
614 610
610 847
847 610
610 850
850 610
611 612
612 611
611 613
613 611
611 614
614 611
612 613
613 612
612 616
616 612
612 617
617 612
612 845
845 612
612 847
847 612
613 614
614 613
613 615
615 613
613 616
616 613
613 617
617 613
614 615
615 614
614 1040
1040 614
615 616
616 615
615 1040
1040 615
616 617
617 616
616 984
984 616
616 1040
1040 616
617 618
618 617
617 845
845 617
617 984
984 617
617 1040
1040 617
618 980
980 618
618 984
984 618
618 991
991 618
619 620
620 619
619 623
623 619
619 624
624 619
619 625
625 619
619 991
991 619
619 994
994 619
619 995
995 619
619 996
996 619
620 621
621 620
620 623
623 620
620 995
995 620
620 996
996 620
620 997
997 620
621 622
622 621
621 623
623 621
621 997
997 621
621 1001
1001 621
622 623
623 622
622 652
652 622
622 665
665 622
622 1001
1001 622
623 624
624 623
623 652
652 623
624 625
625 624
624 626
626 624
624 651
651 624
624 652
652 624
625 626
626 625
625 628
628 625
625 736
736 625
625 991
991 625
626 627
627 626
626 635
635 626
626 651
651 626
626 736
736 626
627 628
628 627
627 629
629 627
627 631
631 627
627 634
634 627
627 635
635 627
627 736
736 627
628 629
629 628
628 631
631 628
628 736
736 628
629 630
630 629
629 631
631 629
630 631
631 630
630 632
632 630
630 633
633 630
631 633
633 631
631 634
634 631
632 633
633 632
633 634
634 633
634 635
635 634
635 636
636 635
635 637
637 635
635 648
648 635
635 650
650 635
635 651
651 635
636 637
637 636
636 638
638 636
637 638
638 637
637 641
641 637
637 648
648 637
637 649
649 637
638 639
639 638
638 640
640 638
638 641
641 638
638 642
642 638
639 640
640 639
639 726
726 639
639 1173
1173 639
639 1175
1175 639
640 642
642 640
640 723
723 640
640 726
726 640
641 642
642 641
641 643
643 641
641 646
646 641
641 649
649 641
641 719
719 641
641 720
720 641
642 720
720 642
642 721
721 642
642 723
723 642
642 725
725 642
643 644
644 643
643 645
645 643
643 646
646 643
643 717
717 643
643 719
719 643
644 645
645 644
644 659
659 644
644 660
660 644
645 646
646 645
645 659
659 645
646 647
647 646
646 649
649 646
646 659
659 646
647 648
648 647
647 649
649 647
647 657
657 647
647 658
658 647
647 659
659 647
648 649
649 648
648 650
650 648
648 657
657 648
650 651
651 650
650 652
652 650
650 654
654 650
650 655
655 650
650 657
657 650
651 652
652 651
652 653
653 652
652 654
654 652
652 662
662 652
652 665
665 652
653 654
654 653
653 656
656 653
653 657
657 653
653 658
658 653
653 659
659 653
653 662
662 653
653 665
665 653
654 655
655 654
654 656
656 654
655 656
656 655
655 657
657 655
656 657
657 656
656 658
658 656
657 658
658 657
658 659
659 658
659 660
660 659
659 661
661 659
659 662
662 659
659 663
663 659
660 661
661 660
660 733
733 660
660 734
734 660
661 663
663 661
661 732
732 661
661 733
733 661
662 663
663 662
662 664
664 662
662 665
665 662
663 664
664 663
663 732
732 663
664 665
665 664
664 701
701 664
664 702
702 664
664 730
730 664
664 732
732 664
665 667
667 665
665 701
701 665
665 1001
1001 665
666 667
667 666
666 668
668 666
666 669
669 666
666 670
670 666
666 690
690 666
667 668
668 667
667 690
690 667
667 701
701 667
667 1001
1001 667
667 1002
1002 667
668 669
669 668
668 969
969 668
668 970
970 668
668 1002
1002 668
668 1003
1003 668
668 1004
1004 668
669 670
670 669
669 967
967 669
669 968
968 669
669 970
970 669
670 671
671 670
670 672
672 670
670 690
690 670
670 966
966 670
670 967
967 670
670 968
968 670
671 672
672 671
671 677
677 671
671 678
678 671
671 688
688 671
671 689
689 671
671 690
690 671
672 673
673 672
672 676
676 672
672 677
677 672
672 965
965 672
672 966
966 672
673 674
674 673
673 675
675 673
673 676
676 673
673 965
965 673
673 1041
1041 673
674 675
675 674
674 678
678 674
674 1041
1041 674
675 676
676 675
675 677
677 675
675 678
678 675
676 677
677 676
677 678
678 677
678 679
679 678
678 680
680 678
678 681
681 678
678 688
688 678
678 737
737 678
678 1041
1041 678
679 680
680 679
679 683
683 679
679 684
684 679
679 685
685 679
679 687
687 679
679 688
688 679
680 681
681 680
680 683
683 680
681 682
682 681
681 683
683 681
681 715
715 681
681 737
737 681
682 683
683 682
682 715
715 682
683 684
684 683
683 685
685 683
683 694
694 683
683 714
714 683
683 715
715 683
684 685
685 684
685 687
687 685
685 692
692 685
685 693
693 685
685 694
694 685
686 687
687 686
686 690
690 686
686 691
691 686
686 692
692 686
687 688
688 687
687 689
689 687
687 690
690 687
687 691
691 687
687 692
692 687
688 689
689 688
688 690
690 688
689 690
690 689
690 691
691 690
690 698
698 690
690 699
699 690
690 701
701 690
691 692
692 691
691 698
698 691
692 693
693 692
692 695
695 692
692 698
698 692
693 694
694 693
693 695
695 693
694 695
695 694
694 710
710 694
694 713
713 694
694 714
714 694
695 696
696 695
695 697
697 695
695 698
698 695
695 710
710 695
695 713
713 695
696 697
697 696
696 702
702 696
696 705
705 696
696 706
706 696
696 708
708 696
696 710
710 696
697 698
698 697
697 699
699 697
697 702
702 697
698 699
699 698
699 700
700 699
699 701
701 699
699 702
702 699
700 701
701 700
700 702
702 700
701 702
702 701
702 703
703 702
702 704
704 702
702 705
705 702
702 730
730 702
703 704
704 703
703 730
730 703
703 735
735 703
704 705
705 704
704 735
735 704
704 767
767 704
704 790
790 704
705 706
706 705
705 790
790 705
706 707
707 706
706 708
708 706
706 709
709 706
706 746
746 706
706 789
789 706
706 790
790 706
707 708
708 707
707 709
709 707
707 743
743 707
707 746
746 707
707 789
789 707
708 709
709 708
708 710
710 708
709 710
710 709
709 711
711 709
709 712
712 709
709 743
743 709
710 712
712 710
710 713
713 710
711 712
712 711
711 713
713 711
711 742
742 711
711 743
743 711
712 713
713 712
713 714
714 713
713 741
741 713
713 742
742 713
713 743
743 713
714 715
715 714
714 741
741 714
715 737
737 715
715 739
739 715
715 741
741 715
716 738
738 716
716 740
740 716
716 743
743 716
716 751
751 716
716 752
752 716
716 837
837 716
716 1041
1041 716
717 718
718 717
717 719
719 717
717 1572
1572 717
718 719
719 718
718 720
720 718
718 724
724 718
718 725
725 718
718 727
727 718
718 1572
1572 718
718 1654
1654 718
719 720
720 719
720 725
725 720
721 722
722 721
721 723
723 721
721 725
725 721
722 723
723 722
722 724
724 722
722 725
725 722
722 726
726 722
722 727
727 722
723 726
726 723
724 725
725 724
724 727
727 724
726 727
727 726
726 1175
1175 726
726 1178
1178 726
726 1179
1179 726
727 1179
1179 727
727 1180
1180 727
727 1572
1572 727
727 1651
1651 727
727 1654
1654 727
728 729
729 728
728 730
730 728
728 733
733 728
728 734
734 728
728 735
735 728
728 773
773 728
729 730
730 729
729 731
731 729
729 732
732 729
729 733
733 729
729 734
734 729
730 731
731 730
730 732
732 730
730 735
735 730
731 732
732 731
731 733
733 731
732 733
733 732
733 734
734 733
735 767
767 735
735 771
771 735
735 772
772 735
735 773
773 735
737 739
739 737
737 837
837 737
737 1041
1041 737
738 739
739 738
738 740
740 738
738 837
837 738
739 740
740 739
739 741
741 739
739 837
837 739
740 741
741 740
740 742
742 740
740 743
743 740
741 742
742 741
742 743
743 742
743 746
746 743
743 749
749 743
743 752
752 743
744 745
745 744
744 746
746 744
744 747
747 744
744 788
788 744
744 789
789 744
745 747
747 745
745 748
748 745
745 788
788 745
745 794
794 745
745 796
796 745
746 747
747 746
746 749
749 746
746 788
788 746
746 789
789 746
747 748
748 747
747 749
749 747
747 750
750 747
748 750
750 748
748 762
762 748
748 795
795 748
748 796
796 748
749 750
750 749
749 752
752 749
750 752
752 750
750 753
753 750
750 755
755 750
750 762
762 750
751 752
752 751
751 753
753 751
751 837
837 751
752 753
753 752
753 754
754 753
753 755
755 753
753 758
758 753
753 837
837 753
754 755
755 754
754 757
757 754
754 758
758 754
755 756
756 755
755 757
757 755
755 761
761 755
755 762
762 755
756 757
757 756
756 761
761 756
757 758
758 757
757 761
761 757
758 761
761 758
758 837
837 758
759 761
761 759
759 762
762 759
759 764
764 759
759 766
766 759
760 761
761 760
760 766
766 760
760 809
809 760
761 762
762 761
761 766
766 761
761 809
809 761
761 814
814 761
761 837
837 761
762 763
763 762
762 764
764 762
762 795
795 762
763 764
764 763
763 795
795 763
763 807
807 763
764 765
765 764
764 766
766 764
764 807
807 764
764 827
827 764
765 766
766 765
765 808
808 765
765 809
809 765
765 827
827 765
765 828
828 765
766 809
809 766
767 768
768 767
767 771
771 767
767 790
790 767
768 769
769 768
768 770
770 768
768 771
771 768
768 778
778 768
768 779
779 768
768 788
788 768
768 790
790 768
769 770
770 769
769 771
771 769
769 772
772 769
770 772
772 770
770 776
776 770
770 777
777 770
770 778
778 770
771 772
772 771
772 773
773 772
772 774
774 772
772 775
775 772
772 776
776 772
773 774
774 773
774 775
775 774
774 786
786 774
774 787
787 774
775 776
776 775
775 783
783 775
775 784
784 775
775 786
786 775
776 777
777 776
776 783
783 776
777 778
778 777
777 781
781 777
777 783
783 777
778 779
779 778
778 780
780 778
778 781
781 778
779 780
780 779
779 788
788 779
779 790
790 779
780 781
781 780
780 782
782 780
780 788
788 780
780 791
791 780
780 798
798 780
781 782
782 781
781 783
783 781
781 784
784 781
781 785
785 781
782 785
785 782
782 798
798 782
782 801
801 782
783 784
784 783
783 786
786 783
784 785
785 784
784 786
786 784
785 786
786 785
785 800
800 785
785 801
801 785
786 787
787 786
786 800
800 786
787 800
800 787
788 789
789 788
788 790
790 788
788 791
791 788
788 792
792 788
788 793
793 788
788 794
794 788
789 790
790 789
791 792
792 791
791 794
794 791
791 798
798 791
791 799
799 791
792 793
793 792
792 794
794 792
793 794
794 793
794 796
796 794
794 799
799 794
795 796
796 795
795 807
807 795
796 799
799 796
796 807
807 796
797 798
798 797
797 799
799 797
797 801
801 797
797 804
804 797
798 799
799 798
798 801
801 798
799 804
804 799
799 805
805 799
799 807
807 799
800 801
801 800
800 802
802 800
801 802
802 801
801 804
804 801
802 803
803 802
802 804
804 802
802 825
825 802
802 836
836 802
803 805
805 803
803 806
806 803
803 825
825 803
803 836
836 803
804 805
805 804
804 836
836 804
805 806
806 805
805 807
807 805
805 825
825 805
805 836
836 805
806 825
825 806
807 823
823 807
807 825
825 807
807 827
827 807
808 809
809 808
808 810
810 808
808 811
811 808
808 812
812 808
808 828
828 808
808 829
829 808
809 810
810 809
809 814
814 809
810 811
811 810
810 812
812 810
810 814
814 810
811 812
812 811
811 813
813 811
811 828
828 811
811 829
829 811
812 813
813 812
812 814
814 812
813 814
814 813
813 815
815 813
813 817
817 813
813 818
818 813
813 829
829 813
813 831
831 813
814 815
815 814
814 816
816 814
814 837
837 814
815 816
816 815
815 818
818 815
816 818
818 816
816 837
837 816
817 818
818 817
817 831
831 817
817 832
832 817
818 837
837 818
819 820
820 819
819 821
821 819
819 824
824 819
819 825
825 819
819 826
826 819
820 821
821 820
820 822
822 820
820 824
824 820
822 823
823 822
822 824
824 822
822 830
830 822
822 834
834 822
822 835
835 822
823 824
824 823
823 825
825 823
823 827
827 823
823 828
828 823
823 829
829 823
823 830
830 823
824 825
825 824
824 826
826 824
825 826
826 825
827 828
828 827
828 829
829 828
829 830
830 829
829 831
831 829
830 831
831 830
830 833
833 830
830 835
835 830
831 832
832 831
831 833
833 831
832 833
833 832
833 835
835 833
834 835
835 834
834 837
837 834
835 837
837 835
837 1041
1041 837
838 839
839 838
838 840
840 838
838 848
848 838
838 853
853 838
838 854
854 838
838 1036
1036 838
839 840
840 839
839 841
841 839
839 842
842 839
839 844
844 839
839 1036
1036 839
840 842
842 840
840 844
844 840
840 848
848 840
841 842
842 841
841 1036
1036 841
842 844
844 842
842 845
845 842
843 844
844 843
843 845
845 843
843 846
846 843
843 847
847 843
843 848
848 843
843 849
849 843
844 845
845 844
844 848
848 844
845 846
846 845
845 847
847 845
846 847
847 846
847 849
849 847
847 850
850 847
848 849
849 848
848 853
853 848
849 850
850 849
849 852
852 849
849 853
853 849
850 852
852 850
851 852
852 851
851 853
853 851
851 854
854 851
852 853
853 852
853 854
854 853
854 855
855 854
854 1036
1036 854
855 856
856 855
855 858
858 855
855 1036
1036 855
856 857
857 856
856 858
858 856
856 866
866 856
856 869
869 856
856 1036
1036 856
857 858
858 857
857 860
860 857
857 862
862 857
857 863
863 857
857 864
864 857
857 866
866 857
857 1040
1040 857
858 1040
1040 858
859 862
862 859
859 924
924 859
859 925
925 859
859 926
926 859
859 1040
1040 859
860 861
861 860
860 862
862 860
860 864
864 860
860 866
866 860
861 862
862 861
861 864
864 861
862 864
864 862
862 915
915 862
862 923
923 862
862 924
924 862
862 1040
1040 862
863 1040
1040 863
864 865
865 864
864 866
866 864
864 914
914 864
864 915
915 864
865 866
866 865
865 867
867 865
865 910
910 865
865 914
914 865
865 915
915 865
866 867
867 866
866 868
868 866
866 869
869 866
867 868
868 867
867 869
869 867
867 910
910 867
867 1039
1039 867
868 869
869 868
868 870
870 868
868 1036
1036 868
868 1039
1039 868
869 1036
1036 869
870 871
871 870
870 873
873 870
870 1036
1036 870
870 1039
1039 870
871 872
872 871
871 873
873 871
871 1036
1036 871
872 873
873 872
872 874
874 872
872 1036
1036 872
873 874
874 873
873 877
877 873
873 908
908 873
873 1039
1039 873
874 875
875 874
874 876
876 874
874 877
877 874
874 879
879 874
874 880
880 874
874 883
883 874
875 876
876 875
875 878
878 875
875 879
879 875
876 877
877 876
876 878
878 876
876 879
879 876
877 878
878 877
877 879
879 877
877 902
902 877
877 908
908 877
877 1041
1041 877
878 879
879 878
879 880
880 879
879 883
883 879
879 885
885 879
879 1041
1041 879
880 881
881 880
880 882
882 880
880 883
883 880
880 885
885 880
881 882
882 881
881 885
885 881
882 883
883 882
882 884
884 882
882 885
885 882
883 884
884 883
884 885
885 884
885 886
886 885
885 888
888 885
885 1007
1007 885
885 1041
1041 885
886 887
887 886
886 888
888 886
886 893
893 886
886 1007
1007 886
887 888
888 887
887 891
891 887
887 892
892 887
887 893
893 887
888 889
889 888
888 891
891 888
888 896
896 888
888 1041
1041 888
889 890
890 889
889 891
891 889
889 896
896 889
890 891
891 890
890 896
896 890
890 1035
1035 890
891 892
892 891
891 1035
1035 891
892 893
893 892
892 1035
1035 892
893 894
894 893
893 1005
1005 893
893 1007
1007 893
893 1035
1035 893
894 895
895 894
894 1005
1005 894
894 1010
1010 894
894 1019
1019 894
894 1035
1035 894
894 1037
1037 894
895 1020
1020 895
895 1022
1022 895
895 1024
1024 895
895 1035
1035 895
895 1037
1037 895
895 1038
1038 895
896 1035
1035 896
896 1041
1041 896
897 898
898 897
897 901
901 897
897 1033
1033 897
897 1034
1034 897
898 899
899 898
898 901
901 898
898 1033
1033 898
899 900
900 899
899 901
901 899
899 1033
1033 899
900 901
901 900
900 904
904 900
900 905
905 900
900 1033
1033 900
901 902
902 901
901 904
904 901
901 1034
1034 901
902 903
903 902
902 904
904 902
902 907
907 902
902 908
908 902
902 1034
1034 902
902 1041
1041 902
903 904
904 903
903 907
907 903
904 905
905 904
904 907
907 904
905 907
907 905
905 1033
1033 905
906 907
907 906
906 942
942 906
906 944
944 906
906 1033
1033 906
907 908
908 907
907 911
911 907
907 918
918 907
907 919
919 907
907 942
942 907
907 1033
1033 907
908 909
909 908
908 911
911 908
908 1039
1039 908
909 910
910 909
909 911
911 909
909 1039
1039 909
910 911
911 910
910 912
912 910
910 913
913 910
910 914
914 910
910 1039
1039 910
911 912
912 911
911 918
918 911
912 913
913 912
912 915
915 912
912 916
916 912
912 917
917 912
912 918
918 912
913 914
914 913
913 915
915 913
913 916
916 913
914 915
915 914
915 916
916 915
915 922
922 915
915 923
923 915
916 917
917 916
916 921
921 916
916 922
922 916
916 923
923 916
917 918
918 917
917 919
919 917
917 921
921 917
917 922
922 917
918 919
919 918
919 920
920 919
919 921
921 919
919 933
933 919
919 941
941 919
919 942
942 919
919 947
947 919
920 921
921 920
920 923
923 920
920 932
932 920
920 933
933 920
921 922
922 921
921 923
923 921
921 932
932 921
922 923
923 922
923 924
924 923
923 930
930 923
923 932
932 923
924 925
925 924
924 926
926 924
924 930
930 924
925 926
926 925
925 930
930 925
926 927
927 926
926 930
930 926
926 1040
1040 926
927 928
928 927
927 930
930 927
927 990
990 927
927 1040
1040 927
928 929
929 928
928 930
930 928
928 988
988 928
928 989
989 928
928 990
990 928
929 930
930 929
929 931
931 929
929 934
934 929
929 986
986 929
929 988
988 929
929 1029
1029 929
930 931
931 930
930 932
932 930
931 932
932 931
931 934
934 931
932 933
933 932
932 934
934 932
933 934
934 933
933 935
935 933
933 939
939 933
933 940
940 933
933 941
941 933
934 935
935 934
934 936
936 934
934 1029
1029 934
935 936
936 935
935 938
938 935
935 939
939 935
935 940
940 935
936 937
937 936
936 938
938 936
936 1029
1029 936
937 938
938 937
937 953
953 937
937 957
957 937
937 958
958 937
937 1029
1029 937
938 939
939 938
938 952
952 938
938 953
953 938
939 940
940 939
939 948
948 939
939 949
949 939
939 952
952 939
940 941
941 940
940 947
947 940
940 948
948 940
941 942
942 941
941 947
947 941
942 944
944 942
942 945
945 942
942 946
946 942
942 947
947 942
943 944
944 943
943 1033
1033 943
943 1041
1041 943
944 945
945 944
944 946
946 944
944 949
949 944
944 950
950 944
944 955
955 944
944 1033
1033 944
944 1041
1041 944
945 946
946 945
945 949
949 945
946 947
947 946
946 948
948 946
946 949
949 946
947 948
948 947
948 949
949 948
948 952
952 948
949 950
950 949
949 952
952 949
950 951
951 950
950 952
952 950
950 954
954 950
950 955
955 950
951 952
952 951
951 953
953 951
951 954
954 951
952 953
953 952
952 954
954 952
953 954
954 953
953 957
957 953
953 958
958 953
954 955
955 954
954 956
956 954
954 957
957 954
955 956
956 955
955 963
963 955
955 964
964 955
955 965
965 955
955 1041
1041 955
956 957
957 956
956 963
963 956
957 958
958 957
957 959
959 957
957 963
963 957
958 959
959 958
958 963
963 958
958 1029
1029 958
959 960
960 959
959 961
961 959
959 963
963 959
959 971
971 959
959 972
972 959
959 1029
1029 959
959 1032
1032 959
960 961
961 960
960 970
970 960
960 971
971 960
960 972
972 960
961 962
962 961
961 963
963 961
961 968
968 961
961 970
970 961
961 972
972 961
962 963
963 962
962 967
967 962
962 968
968 962
963 964
964 963
963 967
967 963
964 965
965 964
964 966
966 964
964 967
967 964
965 966
966 965
965 1041
1041 965
966 967
967 966
967 968
968 967
968 970
970 968
969 970
970 969
969 971
971 969
969 972
972 969
969 1004
1004 969
969 1032
1032 969
970 972
972 970
971 972
972 971
971 1032
1032 971
973 975
975 973
973 976
976 973
973 981
981 973
973 983
983 973
973 985
985 973
973 1029
1029 973
973 1031
1031 973
973 1032
1032 973
974 975
975 974
974 976
976 974
974 977
977 974
974 1004
1004 974
974 1032
1032 974
975 976
976 975
975 1032
1032 975
976 977
977 976
976 979
979 976
976 981
981 976
977 979
979 977
977 998
998 977
977 999
999 977
977 1004
1004 977
977 1030
1030 977
978 979
979 978
978 981
981 978
978 993
993 978
978 999
999 978
978 1030
1030 978
979 981
981 979
979 999
999 979
980 981
981 980
980 984
984 980
980 991
991 980
980 992
992 980
980 1031
1031 980
981 992
992 981
981 993
993 981
981 1031
1031 981
982 983
983 982
982 984
984 982
982 987
987 982
982 1040
1040 982
983 984
984 983
983 985
985 983
983 987
987 983
983 1031
1031 983
984 1031
1031 984
984 1040
1040 984
985 986
986 985
985 987
987 985
985 1029
1029 985
986 987
987 986
986 988
988 986
986 1029
1029 986
987 988
988 987
987 989
989 987
987 990
990 987
987 1040
1040 987
988 989
989 988
988 990
990 988
989 990
990 989
990 1040
1040 990
991 992
992 991
991 994
994 991
992 993
993 992
992 994
994 992
993 994
994 993
993 995
995 993
993 1030
1030 993
994 995
995 994
995 996
996 995
995 1030
1030 995
996 997
997 996
996 1030
1030 996
997 1000
1000 997
997 1001
1001 997
997 1003
1003 997
997 1030
1030 997
998 1000
1000 998
998 1003
1003 998
998 1004
1004 998
998 1030
1030 998
999 1030
1030 999
1000 1003
1003 1000
1000 1030
1030 1000
1001 1002
1002 1001
1001 1003
1003 1001
1002 1003
1003 1002
1003 1004
1004 1003
1004 1032
1032 1004
1005 1006
1006 1005
1005 1007
1007 1005
1005 1008
1008 1005
1005 1009
1009 1005
1005 1010
1010 1005
1006 1007
1007 1006
1006 1008
1008 1006
1007 1008
1008 1007
1008 1009
1009 1008
1008 1010
1010 1008
1008 1011
1011 1008
1008 1012
1012 1008
1009 1010
1010 1009
1009 1011
1011 1009
1010 1011
1011 1010
1010 1013
1013 1010
1010 1019
1019 1010
1011 1012
1012 1011
1011 1013
1013 1011
1011 1019
1019 1011
1012 1013
1013 1012
1013 1014
1014 1013
1013 1019
1019 1013
1014 1015
1015 1014
1014 1016
1016 1014
1014 1019
1019 1014
1015 1016
1016 1015
1015 1019
1019 1015
1016 1017
1017 1016
1016 1018
1018 1016
1016 1019
1019 1016
1016 1021
1021 1016
1017 1018
1018 1017
1017 1019
1019 1017
1017 1020
1020 1017
1017 1021
1021 1017
1017 1041
1041 1017
1018 1041
1041 1018
1019 1021
1021 1019
1019 1037
1037 1019
1020 1021
1021 1020
1020 1022
1022 1020
1020 1037
1037 1020
1020 1038
1038 1020
1020 1041
1041 1020
1021 1037
1037 1021
1022 1023
1023 1022
1022 1038
1038 1022
1022 1041
1041 1022
1023 1024
1024 1023
1023 1026
1026 1023
1023 1027
1027 1023
1023 1038
1038 1023
1023 1041
1041 1023
1024 1025
1025 1024
1024 1026
1026 1024
1024 1035
1035 1024
1024 1038
1038 1024
1025 1026
1026 1025
1025 1035
1035 1025
1025 1041
1041 1025
1026 1027
1027 1026
1026 1041
1041 1026
1027 1028
1028 1027
1027 1041
1041 1027
1028 1041
1041 1028
1029 1032
1032 1029
1033 1034
1034 1033
1033 1041
1041 1033
1034 1041
1041 1034
1035 1041
1041 1035
1042 1043
1043 1042
1042 1055
1055 1042
1042 1056
1056 1042
1042 1075
1075 1042
1042 1305
1305 1042
1043 1044
1044 1043
1043 1049
1049 1043
1043 1054
1054 1043
1043 1055
1055 1043
1044 1046
1046 1044
1044 1048
1048 1044
1044 1049
1049 1044
1045 1046
1046 1045
1045 1047
1047 1045
1046 1047
1047 1046
1046 1048
1048 1046
1047 1048
1048 1047
1048 1049
1049 1048
1048 1050
1050 1048
1048 1089
1089 1048
1048 1090
1090 1048
1049 1050
1050 1049
1049 1051
1051 1049
1049 1053
1053 1049
1049 1054
1054 1049
1050 1051
1051 1050
1050 1056
1056 1050
1050 1086
1086 1050
1050 1088
1088 1050
1050 1089
1089 1050
1051 1052
1052 1051
1051 1053
1053 1051
1051 1055
1055 1051
1051 1056
1056 1051
1052 1053
1053 1052
1052 1054
1054 1052
1052 1055
1055 1052
1053 1054
1054 1053
1054 1055
1055 1054
1055 1056
1056 1055
1056 1057
1057 1056
1056 1068
1068 1056
1056 1075
1075 1056
1056 1086
1086 1056
1057 1058
1058 1057
1057 1063
1063 1057
1057 1064
1064 1057
1057 1065
1065 1057
1057 1067
1067 1057
1057 1068
1068 1057
1057 1085
1085 1057
1057 1086
1086 1057
1058 1059
1059 1058
1058 1063
1063 1058
1058 1085
1085 1058
1059 1060
1060 1059
1059 1063
1063 1059
1059 1078
1078 1059
1059 1085
1085 1059
1060 1061
1061 1060
1060 1063
1063 1060
1060 1078
1078 1060
1061 1062
1062 1061
1061 1063
1063 1061
1061 1077
1077 1061
1061 1078
1078 1061
1062 1063
1063 1062
1062 1066
1066 1062
1062 1076
1076 1062
1062 1077
1077 1062
1063 1064
1064 1063
1063 1065
1065 1063
1063 1066
1066 1063
1064 1065
1065 1064
1064 1066
1066 1064
1064 1067
1067 1064
1066 1067
1067 1066
1066 1071
1071 1066
1066 1072
1072 1066
1066 1074
1074 1066
1066 1076
1076 1066
1067 1068
1068 1067
1067 1069
1069 1067
1067 1070
1070 1067
1067 1071
1071 1067
1068 1070
1070 1068
1068 1071
1071 1068
1068 1073
1073 1068
1068 1075
1075 1068
1069 1070
1070 1069
1069 1071
1071 1069
1070 1071
1071 1070
1071 1072
1072 1071
1071 1073
1073 1071
1072 1073
1073 1072
1072 1074
1074 1072
1073 1074
1074 1073
1073 1075
1075 1073
1074 1075
1075 1074
1074 1076
1076 1074
1075 1076
1076 1075
1076 1077
1077 1076
1077 1078
1078 1077
1078 1079
1079 1078
1078 1080
1080 1078
1078 1081
1081 1078
1078 1085
1085 1078
1078 1213
1213 1078
1079 1080
1080 1079
1079 1083
1083 1079
1079 1213
1213 1079
1080 1081
1081 1080
1080 1082
1082 1080
1080 1083
1083 1080
1080 1084
1084 1080
1080 1085
1085 1080
1081 1082
1082 1081
1083 1084
1084 1083
1083 1164
1164 1083
1083 1165
1165 1083
1084 1085
1085 1084
1084 1100
1100 1084
1084 1163
1163 1084
1084 1164
1164 1084
1085 1086
1086 1085
1085 1099
1099 1085
1085 1100
1100 1085
1086 1088
1088 1086
1086 1099
1099 1086
1087 1088
1088 1087
1087 1089
1089 1087
1087 1090
1090 1087
1087 1092
1092 1087
1087 1093
1093 1087
1087 1095
1095 1087
1088 1089
1089 1088
1088 1095
1095 1088
1088 1096
1096 1088
1088 1099
1099 1088
1089 1090
1090 1089
1090 1091
1091 1090
1090 1092
1092 1090
1090 1093
1093 1090
1091 1092
1092 1091
1091 1209
1209 1091
1091 1210
1210 1091
1092 1093
1093 1092
1092 1208
1208 1092
1092 1209
1209 1092
1093 1094
1094 1093
1093 1095
1095 1093
1093 1146
1146 1093
1093 1199
1199 1093
1093 1200
1200 1093
1093 1208
1208 1093
1095 1096
1096 1095
1095 1109
1109 1095
1095 1146
1146 1095
1095 1147
1147 1095
1096 1097
1097 1096
1096 1098
1098 1096
1096 1099
1099 1096
1096 1108
1108 1096
1096 1109
1109 1096
1097 1098
1098 1097
1097 1099
1099 1097
1097 1101
1101 1097
1097 1102
1102 1097
1097 1108
1108 1097
1098 1099
1099 1098
1099 1100
1100 1099
1099 1101
1101 1099
1100 1101
1101 1100
1100 1103
1103 1100
1100 1128
1128 1100
1100 1163
1163 1100
1101 1102
1102 1101
1101 1103
1103 1101
1102 1103
1103 1102
1102 1104
1104 1102
1102 1107
1107 1102
1102 1108
1108 1102
1103 1104
1104 1103
1103 1105
1105 1103
1103 1128
1128 1103
1104 1105
1105 1104
1104 1107
1107 1104
1105 1106
1106 1105
1105 1107
1107 1105
1105 1127
1127 1105
1105 1128
1128 1105
1105 1129
1129 1105
1106 1127
1127 1106
1106 1129
1129 1106
1107 1108
1108 1107
1107 1110
1110 1107
1107 1124
1124 1107
1107 1125
1125 1107
1107 1126
1126 1107
1107 1127
1127 1107
1108 1109
1109 1108
1108 1110
1110 1108
1108 1124
1124 1108
1109 1110
1110 1109
1109 1111
1111 1109
1109 1113
1113 1109
1109 1114
1114 1109
1109 1147
1147 1109
1110 1111
1111 1110
1110 1124
1124 1110
1111 1112
1112 1111
1111 1113
1113 1111
1111 1117
1117 1111
1111 1123
1123 1111
1111 1124
1124 1111
1112 1113
1113 1112
1112 1116
1116 1112
1112 1117
1117 1112
1113 1114
1114 1113
1113 1115
1115 1113
1113 1116
1116 1113
1113 1117
1117 1113
1114 1115
1115 1114
1114 1145
1145 1114
1114 1147
1147 1114
1115 1116
1116 1115
1115 1119
1119 1115
1115 1145
1145 1115
1116 1117
1117 1116
1116 1119
1119 1116
1116 1122
1122 1116
1117 1122
1122 1117
1117 1123
1123 1117
1118 1119
1119 1118
1118 1120
1120 1118
1118 1121
1121 1118
1119 1120
1120 1119
1119 1121
1121 1119
1119 1122
1122 1119
1119 1145
1145 1119
1120 1121
1121 1120
1120 1143
1143 1120
1120 1144
1144 1120
1120 1145
1145 1120
1121 1122
1122 1121
1121 1125
1125 1121
1121 1136
1136 1121
1121 1143
1143 1121
1122 1123
1123 1122
1122 1125
1125 1122
1123 1124
1124 1123
1123 1125
1125 1123
1124 1125
1125 1124
1125 1126
1126 1125
1125 1132
1132 1125
1125 1136
1136 1125
1126 1127
1127 1126
1126 1129
1129 1126
1126 1130
1130 1126
1126 1131
1131 1126
1126 1132
1132 1126
1126 1136
1136 1126
1127 1129
1129 1127
1128 1129
1129 1128
1128 1163
1163 1128
1129 1130
1130 1129
1129 1160
1160 1129
1129 1163
1163 1129
1130 1131
1131 1130
1130 1132
1132 1130
1130 1133
1133 1130
1130 1159
1159 1130
1130 1160
1160 1130
1131 1132
1132 1131
1131 1133
1133 1131
1131 1134
1134 1131
1132 1134
1134 1132
1132 1135
1135 1132
1132 1136
1136 1132
1133 1134
1134 1133
1133 1135
1135 1133
1133 1139
1139 1133
1133 1140
1140 1133
1133 1159
1159 1133
1134 1135
1135 1134
1135 1136
1136 1135
1135 1137
1137 1135
1135 1138
1138 1135
1135 1140
1140 1135
1136 1137
1137 1136
1136 1143
1143 1136
1137 1138
1138 1137
1137 1142
1142 1137
1137 1143
1143 1137
1138 1140
1140 1138
1138 1141
1141 1138
1138 1142
1142 1138
1139 1140
1140 1139
1139 1155
1155 1139
1139 1159
1159 1139
1139 1212
1212 1139
1140 1141
1141 1140
1140 1153
1153 1140
1140 1155
1155 1140
1141 1142
1142 1141
1141 1143
1143 1141
1141 1144
1144 1141
1141 1150
1150 1141
1141 1151
1151 1141
1141 1152
1152 1141
1141 1153
1153 1141
1141 1155
1155 1141
1142 1143
1143 1142
1143 1144
1144 1143
1143 1145
1145 1143
1144 1145
1145 1144
1144 1149
1149 1144
1144 1150
1150 1144
1145 1147
1147 1145
1145 1149
1149 1145
1146 1147
1147 1146
1146 1200
1200 1146
1147 1148
1148 1147
1147 1149
1149 1147
1147 1191
1191 1147
1147 1200
1200 1147
1148 1149
1149 1148
1148 1150
1150 1148
1148 1152
1152 1148
1148 1191
1191 1148
1149 1150
1150 1149
1150 1151
1151 1150
1150 1152
1152 1150
1151 1152
1152 1151
1152 1153
1153 1152
1152 1191
1191 1152
1153 1154
1154 1153
1153 1155
1155 1153
1153 1157
1157 1153
1153 1188
1188 1153
1153 1189
1189 1153
1153 1191
1191 1153
1154 1155
1155 1154
1155 1157
1157 1155
1155 1212
1212 1155
1156 1157
1157 1156
1156 1158
1158 1156
1156 1172
1172 1156
1156 1186
1186 1156
1156 1187
1187 1156
1156 1188
1188 1156
1157 1158
1158 1157
1157 1188
1188 1157
1157 1212
1212 1157
1158 1170
1170 1158
1158 1171
1171 1158
1158 1172
1172 1158
1158 1212
1212 1158
1159 1160
1160 1159
1159 1161
1161 1159
1159 1162
1162 1159
1159 1164
1164 1159
1159 1171
1171 1159
1159 1212
1212 1159
1160 1161
1161 1160
1160 1163
1163 1160
1161 1162
1162 1161
1161 1163
1163 1161
1162 1163
1163 1162
1162 1164
1164 1162
1163 1164
1164 1163
1164 1165
1165 1164
1164 1166
1166 1164
1164 1171
1171 1164
1165 1166
1166 1165
1165 1168
1168 1165
1165 1171
1171 1165
1165 1211
1211 1165
1167 1168
1168 1167
1168 1211
1211 1168
1169 1170
1170 1169
1169 1171
1171 1169
1169 1211
1211 1169
1170 1171
1171 1170
1170 1172
1172 1170
1170 1211
1211 1170
1171 1211
1211 1171
1171 1212
1212 1171
1172 1173
1173 1172
1172 1174
1174 1172
1172 1178
1178 1172
1172 1179
1179 1172
1172 1186
1186 1172
1172 1187
1187 1172
1173 1174
1174 1173
1173 1175
1175 1173
1173 1177
1177 1173
1174 1177
1177 1174
1174 1178
1178 1174
1175 1176
1176 1175
1175 1177
1177 1175
1175 1178
1178 1175
1176 1177
1177 1176
1177 1178
1178 1177
1178 1179
1179 1178
1179 1180
1180 1179
1179 1181
1181 1179
1179 1182
1182 1179
1179 1183
1183 1179
1179 1186
1186 1179
1180 1181
1181 1180
1180 1643
1643 1180
1180 1651
1651 1180
1181 1182
1182 1181
1181 1594
1594 1181
1181 1643
1643 1181
1182 1183
1183 1182
1182 1594
1594 1182
1183 1184
1184 1183
1183 1185
1185 1183
1183 1186
1186 1183
1183 1188
1188 1183
1183 1190
1190 1183
1183 1594
1594 1183
1183 1598
1598 1183
1183 1599
1599 1183
1184 1185
1185 1184
1184 1186
1186 1184
1185 1186
1186 1185
1185 1188
1188 1185
1186 1187
1187 1186
1186 1188
1188 1186
1188 1189
1189 1188
1188 1190
1190 1188
1189 1190
1190 1189
1189 1191
1191 1189
1190 1191
1191 1190
1190 1193
1193 1190
1190 1598
1598 1190
1191 1192
1192 1191
1191 1193
1193 1191
1191 1198
1198 1191
1191 1200
1200 1191
1193 1194
1194 1193
1193 1195
1195 1193
1193 1196
1196 1193
1193 1198
1198 1193
1194 1195
1195 1194
1194 1198
1198 1194
1195 1196
1196 1195
1195 1197
1197 1195
1195 1198
1198 1195
1196 1197
1197 1196
1196 1198
1198 1196
1197 1198
1198 1197
1198 1200
1200 1198
1198 1205
1205 1198
1199 1200
1200 1199
1199 1201
1201 1199
1199 1207
1207 1199
1199 1208
1208 1199
1200 1201
1201 1200
1200 1205
1205 1200
1201 1202
1202 1201
1201 1203
1203 1201
1201 1204
1204 1201
1201 1205
1205 1201
1201 1207
1207 1201
1202 1203
1203 1202
1202 1204
1204 1202
1202 1205
1205 1202
1203 1204
1204 1203
1204 1205
1205 1204
1205 1206
1206 1205
1205 1207
1207 1205
1206 1207
1207 1206
1207 1208
1208 1207
1207 1209
1209 1207
1208 1209
1209 1208
1209 1210
1210 1209
1214 1215
1215 1214
1214 1216
1216 1214
1214 1217
1217 1214
1214 1343
1343 1214
1215 1216
1216 1215
1215 1225
1225 1215
1215 1226
1226 1215
1216 1217
1217 1216
1216 1223
1223 1216
1216 1224
1224 1216
1216 1225
1225 1216
1217 1218
1218 1217
1217 1221
1221 1217
1217 1223
1223 1217
1217 1343
1343 1217
1217 1346
1346 1217
1218 1221
1221 1218
1218 1345
1345 1218
1218 1346
1346 1218
1218 1347
1347 1218
1219 1220
1220 1219
1219 1221
1221 1219
1219 1227
1227 1219
1219 1228
1228 1219
1219 1334
1334 1219
1219 1335
1335 1219
1219 1336
1336 1219
1219 1347
1347 1219
1220 1228
1228 1220
1220 1334
1334 1220
1220 1335
1335 1220
1220 1438
1438 1220
1220 1439
1439 1220
1220 1441
1441 1220
1221 1222
1222 1221
1221 1223
1223 1221
1221 1227
1227 1221
1221 1336
1336 1221
1221 1347
1347 1221
1222 1223
1223 1222
1222 1224
1224 1222
1222 1225
1225 1222
1222 1227
1227 1222
1223 1224
1224 1223
1224 1225
1225 1224
1225 1226
1226 1225
1225 1227
1227 1225
1226 1227
1227 1226
1226 1228
1228 1226
1227 1228
1228 1227
1228 1438
1438 1228
1228 1439
1439 1228
1228 1441
1441 1228
1229 1230
1230 1229
1229 1235
1235 1229
1229 1236
1236 1229
1229 1238
1238 1229
1229 1313
1313 1229
1229 1316
1316 1229
1230 1231
1231 1230
1230 1232
1232 1230
1230 1313
1313 1230
1230 1315
1315 1230
1230 1316
1316 1230
1231 1232
1232 1231
1231 1233
1233 1231
1231 1234
1234 1231
1231 1251
1251 1231
1231 1252
1252 1231
1231 1258
1258 1231
1231 1259
1259 1231
1231 1313
1313 1231
1232 1233
1233 1232
1232 1313
1313 1232
1232 1315
1315 1232
1233 1258
1258 1233
1233 1315
1315 1233
1234 1251
1251 1234
1235 1236
1236 1235
1235 1237
1237 1235
1235 1243
1243 1235
1235 1244
1244 1235
1235 1313
1313 1235
1236 1237
1237 1236
1236 1238
1238 1236
1237 1238
1238 1237
1237 1242
1242 1237
1237 1243
1243 1237
1237 1244
1244 1237
1238 1239
1239 1238
1238 1241
1241 1238
1238 1242
1242 1238
1238 1243
1243 1238
1238 1316
1316 1238
1239 1240
1240 1239
1239 1241
1241 1239
1239 1316
1316 1239
1239 1349
1349 1239
1239 1363
1363 1239
1240 1241
1241 1240
1240 1256
1256 1240
1240 1358
1358 1240
1240 1363
1363 1240
1241 1242
1242 1241
1241 1247
1247 1241
1241 1248
1248 1241
1241 1255
1255 1241
1241 1256
1256 1241
1242 1243
1243 1242
1242 1246
1246 1242
1242 1247
1247 1242
1243 1244
1244 1243
1243 1245
1245 1243
1243 1246
1246 1243
1244 1245
1245 1244
1244 1249
1249 1244
1244 1313
1313 1244
1245 1246
1246 1245
1245 1249
1249 1245
1246 1247
1247 1246
1246 1248
1248 1246
1246 1249
1249 1246
1247 1248
1248 1247
1248 1249
1249 1248
1248 1255
1255 1248
1249 1250
1250 1249
1249 1253
1253 1249
1249 1254
1254 1249
1249 1255
1255 1249
1249 1313
1313 1249
1250 1251
1251 1250
1250 1252
1252 1250
1250 1253
1253 1250
1250 1313
1313 1250
1251 1252
1252 1251
1251 1313
1313 1251
1252 1253
1253 1252
1252 1258
1258 1252
1252 1259
1259 1252
1252 1261
1261 1252
1253 1254
1254 1253
1253 1261
1261 1253
1254 1255
1255 1254
1254 1256
1256 1254
1254 1260
1260 1254
1254 1261
1261 1254
1255 1256
1256 1255
1256 1260
1260 1256
1256 1261
1261 1256
1256 1284
1284 1256
1256 1285
1285 1256
1256 1314
1314 1256
1256 1358
1358 1256
1256 1360
1360 1256
1256 1415
1415 1256
1257 1258
1258 1257
1257 1259
1259 1257
1257 1261
1261 1257
1257 1301
1301 1257
1257 1302
1302 1257
1257 1319
1319 1257
1258 1259
1259 1258
1258 1315
1315 1258
1258 1319
1319 1258
1259 1261
1261 1259
1260 1261
1261 1260
1260 1262
1262 1260
1260 1285
1285 1260
1260 1286
1286 1260
1260 1287
1287 1260
1261 1262
1262 1261
1261 1301
1301 1261
1262 1286
1286 1262
1262 1287
1287 1262
1262 1289
1289 1262
1262 1290
1290 1262
1262 1301
1301 1262
1263 1264
1264 1263
1263 1267
1267 1263
1263 1281
1281 1263
1263 1284
1284 1263
1263 1285
1285 1263
1263 1288
1288 1263
1264 1265
1265 1264
1264 1266
1266 1264
1264 1267
1267 1264
1264 1285
1285 1264
1264 1288
1288 1264
1264 1294
1294 1264
1265 1266
1266 1265
1265 1280
1280 1265
1265 1294
1294 1265
1266 1267
1267 1266
1266 1271
1271 1266
1266 1280
1280 1266
1267 1268
1268 1267
1267 1269
1269 1267
1267 1271
1271 1267
1267 1280
1280 1267
1267 1281
1281 1267
1267 1282
1282 1267
1268 1269
1269 1268
1268 1271
1271 1268
1269 1270
1270 1269
1269 1271
1271 1269
1269 1273
1273 1269
1269 1282
1282 1269
1270 1271
1271 1270
1270 1273
1273 1270
1271 1272
1272 1271
1271 1273
1273 1271
1271 1279
1279 1271
1271 1280
1280 1271
1272 1273
1273 1272
1272 1276
1276 1272
1272 1277
1277 1272
1272 1279
1279 1272
1272 1280
1280 1272
1273 1275
1275 1273
1273 1276
1276 1273
1273 1277
1277 1273
1273 1282
1282 1273
1273 1283
1283 1273
1274 1275
1275 1274
1274 1276
1276 1274
1275 1276
1276 1275
1275 1283
1283 1275
1276 1277
1277 1276
1276 1278
1278 1276
1277 1278
1278 1277
1277 1279
1279 1277
1278 1279
1279 1278
1278 1280
1280 1278
1278 1294
1294 1278
1279 1280
1280 1279
1280 1294
1294 1280
1281 1282
1282 1281
1281 1283
1283 1281
1281 1284
1284 1281
1281 1360
1360 1281
1281 1362
1362 1281
1281 1407
1407 1281
1281 1408
1408 1281
1282 1283
1283 1282
1283 1310
1310 1283
1283 1408
1408 1283
1284 1285
1285 1284
1284 1360
1360 1284
1285 1287
1287 1285
1285 1288
1288 1285
1286 1287
1287 1286
1286 1288
1288 1286
1286 1290
1290 1286
1287 1288
1288 1287
1288 1290
1290 1288
1288 1294
1294 1288
1289 1290
1290 1289
1289 1291
1291 1289
1289 1292
1292 1289
1289 1300
1300 1289
1289 1301
1301 1289
1290 1292
1292 1290
1290 1293
1293 1290
1290 1294
1294 1290
1291 1292
1292 1291
1291 1293
1293 1291
1291 1298
1298 1291
1291 1299
1299 1291
1291 1300
1300 1291
1292 1293
1293 1292
1293 1294
1294 1293
1293 1295
1295 1293
1293 1297
1297 1293
1293 1298
1298 1293
1294 1295
1295 1294
1295 1297
1297 1295
1296 1297
1297 1296
1296 1298
1298 1296
1296 1305
1305 1296
1297 1298
1298 1297
1297 1305
1305 1297
1298 1299
1299 1298
1298 1305
1305 1298
1299 1300
1300 1299
1299 1301
1301 1299
1299 1303
1303 1299
1299 1304
1304 1299
1299 1305
1305 1299
1300 1301
1301 1300
1301 1302
1302 1301
1301 1303
1303 1301
1302 1303
1303 1302
1302 1319
1319 1302
1302 1339
1339 1302
1302 1340
1340 1302
1303 1304
1304 1303
1303 1307
1307 1303
1303 1308
1308 1303
1303 1309
1309 1303
1303 1340
1340 1303
1304 1305
1305 1304
1304 1306
1306 1304
1304 1307
1307 1304
1305 1306
1306 1305
1306 1307
1307 1306
1307 1308
1308 1307
1308 1309
1309 1308
1309 1340
1340 1309
1309 1341
1341 1309
1310 1311
1311 1310
1310 1408
1408 1310
1311 1312
1312 1311
1311 1398
1398 1311
1311 1399
1399 1311
1311 1408
1408 1311
1312 1398
1398 1312
1312 1399
1399 1312
1314 1415
1415 1314
1315 1316
1316 1315
1315 1317
1317 1315
1315 1319
1319 1315
1315 1320
1320 1315
1315 1349
1349 1315
1316 1349
1349 1316
1317 1318
1318 1317
1317 1320
1320 1317
1317 1333
1333 1317
1317 1349
1349 1317
1317 1364
1364 1317
1317 1371
1371 1317
1318 1320
1320 1318
1318 1330
1330 1318
1318 1332
1332 1318
1318 1333
1333 1318
1318 1335
1335 1318
1318 1348
1348 1318
1319 1320
1320 1319
1319 1321
1321 1319
1319 1339
1339 1319
1320 1321
1321 1320
1320 1322
1322 1320
1320 1323
1323 1320
1320 1348
1348 1320
1321 1322
1322 1321
1321 1326
1326 1321
1321 1339
1339 1321
1322 1323
1323 1322
1322 1326
1326 1322
1323 1324
1324 1323
1323 1326
1326 1323
1323 1348
1348 1323
1324 1325
1325 1324
1324 1326
1326 1324
1324 1331
1331 1324
1324 1348
1348 1324
1325 1326
1326 1325
1325 1327
1327 1325
1325 1330
1330 1325
1325 1331
1331 1325
1325 1348
1348 1325
1326 1327
1327 1326
1326 1339
1339 1326
1326 1350
1350 1326
1327 1329
1329 1327
1327 1330
1330 1327
1327 1350
1350 1327
1328 1329
1329 1328
1328 1337
1337 1328
1328 1338
1338 1328
1328 1339
1339 1328
1328 1350
1350 1328
1329 1330
1330 1329
1329 1336
1336 1329
1329 1337
1337 1329
1329 1350
1350 1329
1330 1331
1331 1330
1330 1335
1335 1330
1330 1336
1336 1330
1330 1337
1337 1330
1330 1348
1348 1330
1331 1348
1348 1331
1332 1333
1333 1332
1332 1334
1334 1332
1332 1335
1335 1332
1333 1334
1334 1333
1333 1371
1371 1333
1333 1372
1372 1333
1334 1335
1335 1334
1334 1372
1372 1334
1334 1438
1438 1334
1335 1336
1336 1335
1336 1337
1337 1336
1336 1347
1347 1336
1337 1338
1338 1337
1337 1344
1344 1337
1337 1345
1345 1337
1337 1347
1347 1337
1338 1339
1339 1338
1338 1340
1340 1338
1338 1341
1341 1338
1338 1343
1343 1338
1338 1344
1344 1338
1339 1340
1340 1339
1339 1350
1350 1339
1340 1341
1341 1340
1341 1342
1342 1341
1341 1343
1343 1341
1342 1343
1343 1342
1343 1344
1344 1343
1343 1346
1346 1343
1344 1345
1345 1344
1344 1346
1346 1344
1345 1346
1346 1345
1345 1347
1347 1345
1349 1363
1363 1349
1349 1364
1364 1349
1349 1371
1371 1349
1351 1352
1352 1351
1351 1353
1353 1351
1351 1354
1354 1351
1351 1355
1355 1351
1351 1356
1356 1351
1351 1365
1365 1351
1351 1366
1366 1351
1351 1405
1405 1351
1352 1353
1353 1352
1352 1358
1358 1352
1352 1363
1363 1352
1352 1365
1365 1352
1353 1354
1354 1353
1353 1357
1357 1353
1353 1358
1358 1353
1353 1361
1361 1353
1354 1355
1355 1354
1354 1357
1357 1354
1354 1361
1361 1354
1355 1356
1356 1355
1355 1361
1361 1355
1355 1407
1407 1355
1356 1396
1396 1356
1356 1403
1403 1356
1356 1405
1405 1356
1356 1407
1407 1356
1357 1358
1358 1357
1357 1359
1359 1357
1357 1361
1361 1357
1358 1359
1359 1358
1358 1360
1360 1358
1358 1363
1363 1358
1358 1415
1415 1358
1359 1360
1360 1359
1359 1361
1361 1359
1359 1362
1362 1359
1360 1362
1362 1360
1361 1362
1362 1361
1361 1407
1407 1361
1362 1407
1407 1362
1363 1364
1364 1363
1363 1365
1365 1363
1364 1365
1365 1364
1364 1369
1369 1364
1364 1371
1371 1364
1365 1366
1366 1365
1365 1368
1368 1365
1365 1369
1369 1365
1366 1367
1367 1366
1366 1368
1368 1366
1366 1404
1404 1366
1366 1405
1405 1366
1367 1368
1368 1367
1367 1404
1404 1367
1367 1406
1406 1367
1368 1369
1369 1368
1368 1374
1374 1368
1368 1375
1375 1368
1368 1406
1406 1368
1369 1370
1370 1369
1369 1371
1371 1369
1369 1374
1374 1369
1370 1371
1371 1370
1370 1373
1373 1370
1370 1374
1374 1370
1371 1372
1372 1371
1371 1373
1373 1371
1372 1373
1373 1372
1372 1437
1437 1372
1372 1438
1438 1372
1373 1374
1374 1373
1373 1421
1421 1373
1373 1437
1437 1373
1374 1375
1375 1374
1374 1376
1376 1374
1374 1389
1389 1374
1374 1421
1421 1374
1375 1376
1376 1375
1375 1406
1406 1375
1376 1377
1377 1376
1376 1388
1388 1376
1376 1389
1389 1376
1376 1406
1406 1376
1376 1409
1409 1376
1376 1410
1410 1376
1377 1378
1378 1377
1377 1402
1402 1377
1377 1406
1406 1377
1377 1409
1409 1377
1378 1379
1379 1378
1378 1381
1381 1378
1378 1402
1402 1378
1378 1409
1409 1378
1378 1410
1410 1378
1379 1380
1380 1379
1379 1381
1381 1379
1380 1381
1381 1380
1380 1386
1386 1380
1380 1416
1416 1380
1381 1382
1382 1381
1381 1386
1386 1381
1381 1410
1410 1381
1382 1383
1383 1382
1382 1384
1384 1382
1382 1385
1385 1382
1382 1386
1386 1382
1382 1387
1387 1382
1382 1388
1388 1382
1382 1410
1410 1382
1383 1384
1384 1383
1383 1385
1385 1383
1383 1416
1416 1383
1384 1387
1387 1384
1384 1416
1416 1384
1385 1386
1386 1385
1385 1416
1416 1385
1386 1416
1416 1386
1387 1388
1388 1387
1387 1395
1395 1387
1387 1410
1410 1387
1387 1414
1414 1387
1387 1416
1416 1387
1388 1389
1389 1388
1388 1410
1410 1388
1388 1414
1414 1388
1389 1390
1390 1389
1389 1414
1414 1389
1389 1417
1417 1389
1389 1421
1421 1389
1390 1414
1414 1390
1390 1417
1417 1390
1391 1392
1392 1391
1391 1393
1393 1391
1391 1394
1394 1391
1392 1393
1393 1392
1392 1394
1394 1392
1392 1412
1412 1392
1392 1413
1413 1392
1393 1411
1411 1393
1393 1412
1412 1393
1393 1413
1413 1393
1393 1414
1414 1393
1394 1395
1395 1394
1394 1412
1412 1394
1395 1412
1412 1395
1395 1414
1414 1395
1395 1416
1416 1395
1396 1397
1397 1396
1396 1398
1398 1396
1396 1403
1403 1396
1396 1407
1407 1396
1397 1398
1398 1397
1397 1400
1400 1397
1398 1399
1399 1398
1398 1400
1400 1398
1398 1407
1407 1398
1398 1408
1408 1398
1399 1400
1400 1399
1401 1402
1402 1401
1401 1403
1403 1401
1401 1404
1404 1401
1401 1406
1406 1401
1402 1406
1406 1402
1403 1404
1404 1403
1403 1405
1405 1403
1404 1405
1405 1404
1404 1406
1406 1404
1407 1408
1408 1407
1409 1410
1410 1409
1411 1413
1413 1411
1411 1414
1414 1411
1412 1413
1413 1412
1412 1414
1414 1412
1413 1414
1414 1413
1414 1417
1417 1414
1414 1418
1418 1414
1414 1423
1423 1414
1417 1418
1418 1417
1417 1419
1419 1417
1417 1421
1421 1417
1418 1419
1419 1418
1418 1420
1420 1418
1418 1421
1421 1418
1418 1422
1422 1418
1418 1423
1423 1418
1419 1420
1420 1419
1419 1421
1421 1419
1420 1421
1421 1420
1421 1422
1422 1421
1421 1427
1427 1421
1421 1437
1437 1421
1422 1423
1423 1422
1422 1424
1424 1422
1422 1427
1427 1422
1423 1424
1424 1423
1423 1425
1425 1423
1424 1425
1425 1424
1424 1426
1426 1424
1424 1427
1427 1424
1425 1426
1426 1425
1425 1427
1427 1425
1425 1428
1428 1425
1426 1427
1427 1426
1426 1428
1428 1426
1426 1430
1430 1426
1427 1428
1428 1427
1427 1430
1430 1427
1427 1431
1431 1427
1427 1435
1435 1427
1427 1437
1437 1427
1428 1429
1429 1428
1428 1430
1430 1428
1429 1430
1430 1429
1429 1431
1431 1429
1430 1431
1431 1430
1431 1432
1432 1431
1431 1433
1433 1431
1431 1434
1434 1431
1431 1435
1435 1431
1432 1433
1433 1432
1432 1434
1434 1432
1432 1436
1436 1432
1432 1439
1439 1432
1432 1440
1440 1432
1433 1434
1434 1433
1433 1436
1436 1433
1434 1435
1435 1434
1434 1436
1436 1434
1435 1436
1436 1435
1435 1437
1437 1435
1436 1437
1437 1436
1436 1438
1438 1436
1436 1439
1439 1436
1437 1438
1438 1437
1438 1439
1439 1438
1438 1441
1441 1438
1439 1440
1440 1439
1439 1441
1441 1439
1440 1441
1441 1440
1442 1443
1443 1442
1442 1445
1445 1442
1442 1474
1474 1442
1442 1477
1477 1442
1442 1561
1561 1442
1442 1563
1563 1442
1443 1444
1444 1443
1443 1445
1445 1443
1443 1560
1560 1443
1443 1562
1562 1443
1443 1563
1563 1443
1444 1445
1445 1444
1444 1446
1446 1444
1444 1447
1447 1444
1444 1560
1560 1444
1445 1446
1446 1445
1445 1448
1448 1445
1445 1452
1452 1445
1445 1477
1477 1445
1445 1478
1478 1445
1445 1514
1514 1445
1446 1447
1447 1446
1446 1448
1448 1446
1447 1448
1448 1447
1447 1451
1451 1447
1447 1514
1514 1447
1448 1451
1451 1448
1448 1452
1452 1448
1449 1450
1450 1449
1449 1452
1452 1449
1450 1451
1451 1450
1450 1452
1452 1450
1450 1494
1494 1450
1450 1514
1514 1450
1451 1452
1452 1451
1451 1514
1514 1451
1452 1494
1494 1452
1452 1514
1514 1452
1453 1454
1454 1453
1453 1461
1461 1453
1453 1462
1462 1453
1453 1468
1468 1453
1453 1487
1487 1453
1453 1488
1488 1453
1454 1455
1455 1454
1454 1461
1461 1454
1454 1462
1462 1454
1454 1488
1488 1454
1454 1489
1489 1454
1455 1456
1456 1455
1455 1457
1457 1455
1455 1458
1458 1455
1455 1462
1462 1455
1455 1489
1489 1455
1456 1457
1457 1456
1456 1459
1459 1456
1456 1462
1462 1456
1457 1458
1458 1457
1457 1459
1459 1457
1457 1619
1619 1457
1458 1489
1489 1458
1458 1614
1614 1458
1458 1619
1619 1458
1459 1460
1460 1459
1459 1462
1462 1459
1459 1465
1465 1459
1459 1602
1602 1459
1459 1619
1619 1459
1460 1461
1461 1460
1460 1462
1462 1460
1460 1465
1465 1460
1461 1462
1462 1461
1461 1465
1465 1461
1461 1466
1466 1461
1461 1468
1468 1461
1463 1464
1464 1463
1463 1466
1466 1463
1463 1604
1604 1463
1464 1465
1465 1464
1464 1466
1466 1464
1464 1603
1603 1464
1464 1604
1604 1464
1465 1466
1466 1465
1465 1602
1602 1465
1465 1603
1603 1465
1466 1468
1468 1466
1466 1663
1663 1466
1467 1469
1469 1467
1467 1485
1485 1467
1467 1487
1487 1467
1467 1490
1490 1467
1468 1469
1469 1468
1468 1487
1487 1468
1468 1656
1656 1468
1468 1663
1663 1468
1469 1487
1487 1469
1469 1490
1490 1469
1469 1656
1656 1469
1469 1657
1657 1469
1469 1658
1658 1469
1470 1471
1471 1470
1470 1472
1472 1470
1470 1473
1473 1470
1470 1605
1605 1470
1470 1607
1607 1470
1471 1473
1473 1471
1471 1474
1474 1471
1471 1561
1561 1471
1471 1605
1605 1471
1471 1607
1607 1471
1472 1473
1473 1472
1472 1474
1474 1472
1472 1475
1475 1472
1472 1482
1482 1472
1472 1486
1486 1472
1472 1491
1491 1472
1472 1607
1607 1472
1472 1610
1610 1472
1472 1611
1611 1472
1472 1614
1614 1472
1473 1474
1474 1473
1474 1475
1475 1474
1474 1476
1476 1474
1474 1477
1477 1474
1474 1561
1561 1474
1475 1476
1476 1475
1475 1481
1481 1475
1475 1483
1483 1475
1475 1491
1491 1475
1476 1477
1477 1476
1476 1481
1481 1476
1477 1478
1478 1477
1477 1481
1481 1477
1478 1479
1479 1478
1478 1480
1480 1478
1478 1481
1481 1478
1478 1514
1514 1478
1479 1480
1480 1479
1479 1484
1484 1479
1479 1490
1490 1479
1479 1514
1514 1479
1479 1683
1683 1479
1480 1481
1481 1480
1480 1484
1484 1480
1480 1490
1490 1480
1481 1483
1483 1481
1481 1484
1484 1481
1482 1483
1483 1482
1482 1484
1484 1482
1482 1485
1485 1482
1482 1486
1486 1482
1482 1491
1491 1482
1483 1484
1484 1483
1483 1491
1491 1483
1484 1485
1485 1484
1484 1490
1490 1484
1485 1486
1486 1485
1485 1487
1487 1485
1485 1490
1490 1485
1486 1487
1487 1486
1486 1488
1488 1486
1486 1489
1489 1486
1486 1614
1614 1486
1487 1488
1488 1487
1488 1489
1489 1488
1489 1614
1614 1489
1489 1619
1619 1489
1490 1657
1657 1490
1490 1658
1658 1490
1490 1683
1683 1490
1492 1493
1493 1492
1492 1494
1494 1492
1492 1511
1511 1492
1492 1513
1513 1492
1492 1514
1514 1492
1493 1494
1494 1493
1493 1498
1498 1493
1493 1499
1499 1493
1493 1514
1514 1493
1494 1495
1495 1494
1494 1497
1497 1494
1494 1498
1498 1494
1494 1499
1499 1494
1494 1514
1514 1494
1495 1496
1496 1495
1495 1497
1497 1495
1495 1498
1498 1495
1495 1500
1500 1495
1495 1507
1507 1495
1495 1514
1514 1495
1496 1498
1498 1496
1496 1499
1499 1496
1496 1500
1500 1496
1496 1501
1501 1496
1496 1502
1502 1496
1497 1498
1498 1497
1498 1499
1499 1498
1499 1502
1502 1499
1499 1514
1514 1499
1500 1501
1501 1500
1500 1506
1506 1500
1500 1507
1507 1500
1501 1502
1502 1501
1501 1505
1505 1501
1501 1506
1506 1501
1502 1503
1503 1502
1502 1505
1505 1502
1502 1514
1514 1502
1503 1504
1504 1503
1503 1505
1505 1503
1503 1514
1514 1503
1504 1505
1505 1504
1504 1514
1514 1504
1505 1506
1506 1505
1505 1514
1514 1505
1506 1507
1507 1506
1506 1514
1514 1506
1507 1514
1514 1507
1508 1514
1514 1508
1509 1513
1513 1509
1509 1514
1514 1509
1510 1511
1511 1510
1510 1512
1512 1510
1510 1514
1514 1510
1511 1512
1512 1511
1511 1513
1513 1511
1511 1514
1514 1511
1512 1513
1513 1512
1513 1514
1514 1513
1514 1683
1683 1514
1515 1516
1516 1515
1515 1520
1520 1515
1515 1521
1521 1515
1515 1558
1558 1515
1515 1560
1560 1515
1515 1606
1606 1515
1516 1517
1517 1516
1516 1520
1520 1516
1516 1521
1521 1516
1516 1530
1530 1516
1516 1606
1606 1516
1516 1607
1607 1516
1516 1608
1608 1516
1517 1518
1518 1517
1517 1519
1519 1517
1517 1520
1520 1517
1517 1530
1530 1517
1518 1519
1519 1518
1518 1522
1522 1518
1518 1527
1527 1518
1518 1529
1529 1518
1518 1530
1530 1518
1519 1520
1520 1519
1519 1521
1521 1519
1519 1522
1522 1519
1520 1521
1521 1520
1521 1522
1522 1521
1521 1523
1523 1521
1521 1553
1553 1521
1521 1558
1558 1521
1522 1523
1523 1522
1522 1526
1526 1522
1522 1527
1527 1522
1523 1524
1524 1523
1523 1526
1526 1523
1523 1541
1541 1523
1523 1542
1542 1523
1523 1546
1546 1523
1523 1552
1552 1523
1523 1553
1553 1523
1524 1525
1525 1524
1524 1526
1526 1524
1524 1541
1541 1524
1525 1526
1526 1525
1525 1527
1527 1525
1525 1528
1528 1525
1525 1531
1531 1525
1525 1534
1534 1525
1525 1541
1541 1525
1526 1527
1527 1526
1527 1528
1528 1527
1527 1529
1529 1527
1528 1529
1529 1528
1528 1531
1531 1528
1528 1534
1534 1528
1529 1530
1530 1529
1529 1531
1531 1529
1529 1613
1613 1529
1530 1608
1608 1530
1530 1612
1612 1530
1530 1613
1613 1530
1531 1532
1532 1531
1531 1533
1533 1531
1531 1534
1534 1531
1531 1613
1613 1531
1531 1620
1620 1531
1532 1533
1533 1532
1532 1589
1589 1532
1532 1613
1613 1532
1532 1620
1620 1532
1533 1534
1534 1533
1533 1535
1535 1533
1533 1588
1588 1533
1533 1589
1589 1533
1534 1535
1535 1534
1534 1537
1537 1534
1534 1538
1538 1534
1534 1541
1541 1534
1535 1536
1536 1535
1535 1537
1537 1535
1535 1540
1540 1535
1535 1581
1581 1535
1535 1582
1582 1535
1535 1586
1586 1535
1535 1587
1587 1535
1535 1588
1588 1535
1536 1537
1537 1536
1536 1538
1538 1536
1536 1539
1539 1536
1536 1540
1540 1536
1537 1538
1538 1537
1537 1539
1539 1537
1538 1539
1539 1538
1538 1541
1541 1538
1539 1540
1540 1539
1539 1541
1541 1539
1539 1542
1542 1539
1539 1543
1543 1539
1540 1543
1543 1540
1540 1544
1544 1540
1540 1579
1579 1540
1540 1581
1581 1540
1541 1542
1542 1541
1541 1546
1546 1541
1542 1543
1543 1542
1542 1545
1545 1542
1542 1546
1546 1542
1543 1544
1544 1543
1543 1545
1545 1543
1544 1545
1545 1544
1544 1578
1578 1544
1544 1579
1579 1544
1544 1581
1581 1544
1545 1546
1546 1545
1545 1548
1548 1545
1545 1578
1578 1545
1545 1634
1634 1545
1545 1635
1635 1545
1546 1547
1547 1546
1546 1548
1548 1546
1546 1549
1549 1546
1546 1552
1552 1546
1547 1548
1548 1547
1547 1549
1549 1547
1548 1549
1549 1548
1548 1634
1634 1548
1548 1635
1635 1548
1548 1636
1636 1548
1549 1550
1550 1549
1549 1551
1551 1549
1549 1552
1552 1549
1549 1554
1554 1549
1549 1556
1556 1549
1549 1636
1636 1549
1549 1637
1637 1549
1549 1642
1642 1549
1550 1551
1551 1550
1550 1553
1553 1550
1550 1556
1556 1550
1551 1552
1552 1551
1551 1553
1553 1551
1552 1553
1553 1552
1553 1556
1556 1553
1553 1558
1558 1553
1554 1555
1555 1554
1554 1556
1556 1554
1554 1557
1557 1554
1554 1641
1641 1554
1554 1642
1642 1554
1555 1556
1556 1555
1555 1557
1557 1555
1555 1640
1640 1555
1555 1641
1641 1555
1556 1557
1557 1556
1556 1558
1558 1556
1557 1558
1558 1557
1557 1559
1559 1557
1558 1559
1559 1558
1558 1560
1560 1558
1559 1560
1560 1559
1560 1561
1561 1560
1560 1562
1562 1560
1560 1605
1605 1560
1560 1606
1606 1560
1561 1562
1562 1561
1561 1563
1563 1561
1561 1605
1605 1561
1562 1563
1563 1562
1564 1565
1565 1564
1564 1566
1566 1564
1564 1567
1567 1564
1564 1623
1623 1564
1564 1624
1624 1564
1564 1632
1632 1564
1565 1566
1566 1565
1565 1568
1568 1565
1565 1576
1576 1565
1565 1632
1632 1565
1566 1567
1567 1566
1566 1576
1576 1566
1567 1576
1576 1567
1567 1577
1577 1567
1567 1623
1623 1567
1567 1624
1624 1567
1568 1569
1569 1568
1568 1570
1570 1568
1568 1576
1576 1568
1568 1632
1632 1568
1569 1570
1570 1569
1569 1571
1571 1569
1569 1573
1573 1569
1569 1574
1574 1569
1569 1575
1575 1569
1569 1576
1576 1569
1570 1571
1571 1570
1571 1572
1572 1571
1571 1573
1573 1571
1572 1573
1573 1572
1572 1654
1654 1572
1572 1655
1655 1572
1573 1574
1574 1573
1573 1575
1575 1573
1573 1596
1596 1573
1573 1647
1647 1573
1573 1655
1655 1573
1574 1575
1575 1574
1574 1590
1590 1574
1574 1591
1591 1574
1574 1596
1596 1574
1574 1647
1647 1574
1574 1655
1655 1574
1575 1576
1576 1575
1575 1577
1577 1575
1575 1578
1578 1575
1575 1580
1580 1575
1575 1591
1591 1575
1576 1577
1577 1576
1577 1578
1578 1577
1577 1622
1622 1577
1577 1623
1623 1577
1578 1579
1579 1578
1578 1580
1580 1578
1578 1622
1622 1578
1578 1634
1634 1578
1579 1580
1580 1579
1579 1581
1581 1579
1580 1581
1581 1580
1580 1583
1583 1580
1580 1584
1584 1580
1580 1591
1591 1580
1581 1582
1582 1581
1581 1583
1583 1581
1581 1584
1584 1581
1582 1584
1584 1582
1582 1586
1586 1582
1583 1584
1584 1583
1584 1586
1586 1584
1584 1591
1591 1584
1585 1586
1586 1585
1585 1587
1587 1585
1585 1588
1588 1585
1585 1589
1589 1585
1585 1590
1590 1585
1585 1593
1593 1585
1585 1601
1601 1585
1585 1602
1602 1585
1585 1619
1619 1585
1586 1587
1587 1586
1586 1590
1590 1586
1586 1591
1591 1586
1586 1593
1593 1586
1587 1588
1588 1587
1588 1589
1589 1588
1589 1619
1619 1589
1589 1620
1620 1589
1589 1621
1621 1589
1590 1591
1591 1590
1590 1592
1592 1590
1590 1593
1593 1590
1590 1596
1596 1590
1592 1593
1593 1592
1592 1596
1596 1592
1592 1599
1599 1592
1592 1601
1601 1592
1593 1601
1601 1593
1593 1602
1602 1593
1594 1595
1595 1594
1594 1596
1596 1594
1594 1599
1599 1594
1594 1643
1643 1594
1594 1644
1644 1594
1594 1645
1645 1594
1595 1596
1596 1595
1595 1644
1644 1595
1595 1645
1645 1595
1595 1647
1647 1595
1596 1599
1599 1596
1596 1601
1601 1596
1596 1647
1647 1596
1596 1655
1655 1596
1597 1598
1598 1597
1597 1599
1599 1597
1597 1600
1600 1597
1598 1599
1599 1598
1598 1600
1600 1598
1599 1600
1600 1599
1599 1601
1601 1599
1600 1601
1601 1600
1600 1603
1603 1600
1600 1604
1604 1600
1601 1602
1602 1601
1601 1603
1603 1601
1602 1603
1603 1602
1602 1619
1619 1602
1603 1604
1604 1603
1605 1606
1606 1605
1605 1607
1607 1605
1606 1607
1607 1606
1607 1608
1608 1607
1607 1610
1610 1607
1608 1609
1609 1608
1608 1610
1610 1608
1608 1612
1612 1608
1609 1610
1610 1609
1609 1612
1612 1609
1610 1611
1611 1610
1610 1612
1612 1610
1610 1615
1615 1610
1611 1612
1612 1611
1611 1614
1614 1611
1611 1615
1615 1611
1611 1616
1616 1611
1612 1613
1613 1612
1612 1615
1615 1612
1612 1620
1620 1612
1613 1620
1620 1613
1614 1616
1616 1614
1614 1619
1619 1614
1615 1616
1616 1615
1615 1618
1618 1615
1615 1620
1620 1615
1616 1618
1618 1616
1616 1619
1619 1616
1617 1618
1618 1617
1617 1619
1619 1617
1617 1621
1621 1617
1618 1619
1619 1618
1618 1620
1620 1618
1618 1621
1621 1618
1619 1621
1621 1619
1620 1621
1621 1620
1622 1623
1623 1622
1622 1634
1634 1622
1623 1624
1624 1623
1623 1633
1633 1623
1623 1634
1634 1623
1624 1632
1632 1624
1624 1633
1633 1624
1624 1638
1638 1624
1625 1626
1626 1625
1625 1627
1627 1625
1625 1632
1632 1625
1626 1627
1627 1626
1626 1628
1628 1626
1626 1631
1631 1626
1626 1632
1632 1626
1627 1628
1628 1627
1627 1629
1629 1627
1628 1629
1629 1628
1628 1630
1630 1628
1628 1631
1631 1628
1628 1632
1632 1628
1629 1630
1630 1629
1629 1631
1631 1629
1630 1631
1631 1630
1630 1639
1639 1630
1630 1640
1640 1630
1631 1632
1632 1631
1631 1639
1639 1631
1631 1640
1640 1631
1632 1638
1638 1632
1632 1639
1639 1632
1632 1642
1642 1632
1633 1634
1634 1633
1633 1635
1635 1633
1633 1637
1637 1633
1633 1638
1638 1633
1634 1635
1635 1634
1635 1636
1636 1635
1635 1637
1637 1635
1636 1637
1637 1636
1637 1638
1638 1637
1637 1642
1642 1637
1638 1642
1642 1638
1639 1640
1640 1639
1639 1641
1641 1639
1639 1642
1642 1639
1640 1641
1641 1640
1641 1642
1642 1641
1643 1644
1644 1643
1643 1650
1650 1643
1643 1651
1651 1643
1644 1645
1645 1644
1644 1646
1646 1644
1644 1650
1650 1644
1645 1646
1646 1645
1645 1647
1647 1645
1646 1647
1647 1646
1646 1648
1648 1646
1646 1650
1650 1646
1647 1648
1648 1647
1647 1649
1649 1647
1647 1653
1653 1647
1647 1655
1655 1647
1648 1649
1649 1648
1648 1650
1650 1648
1649 1650
1650 1649
1649 1653
1653 1649
1649 1655
1655 1649
1650 1651
1651 1650
1650 1652
1652 1650
1650 1653
1653 1650
1651 1652
1652 1651
1651 1653
1653 1651
1651 1654
1654 1651
1652 1653
1653 1652
1652 1654
1654 1652
1653 1654
1654 1653
1653 1655
1655 1653
1654 1655
1655 1654
1656 1657
1657 1656
1656 1659
1659 1656
1656 1660
1660 1656
1656 1663
1663 1656
1656 1683
1683 1656
1657 1658
1658 1657
1657 1683
1683 1657
1658 1683
1683 1658
1659 1660
1660 1659
1659 1661
1661 1659
1659 1662
1662 1659
1659 1663
1663 1659
1660 1662
1662 1660
1660 1683
1683 1660
1661 1662
1662 1661
1661 1663
1663 1661
1661 1677
1677 1661
1662 1677
1677 1662
1662 1680
1680 1662
1662 1683
1683 1662
1663 1664
1664 1663
1663 1665
1665 1663
1663 1677
1677 1663
1663 1678
1678 1663
1663 1679
1679 1663
1664 1665
1665 1664
1664 1671
1671 1664
1664 1672
1672 1664
1664 1678
1678 1664
1665 1668
1668 1665
1665 1669
1669 1665
1665 1671
1671 1665
1666 1667
1667 1666
1666 1668
1668 1666
1667 1668
1668 1667
1667 1669
1669 1667
1667 1670
1670 1667
1668 1669
1669 1668
1669 1670
1670 1669
1669 1671
1671 1669
1670 1671
1671 1670
1670 1683
1683 1670
1671 1672
1672 1671
1671 1683
1683 1671
1672 1675
1675 1672
1672 1676
1676 1672
1672 1678
1678 1672
1672 1683
1683 1672
1673 1674
1674 1673
1673 1676
1676 1673
1673 1677
1677 1673
1673 1678
1678 1673
1674 1675
1675 1674
1674 1676
1676 1674
1674 1677
1677 1674
1674 1681
1681 1674
1674 1682
1682 1674
1675 1676
1676 1675
1675 1682
1682 1675
1675 1683
1683 1675
1676 1678
1678 1676
1677 1678
1678 1677
1677 1679
1679 1677
1677 1680
1680 1677
1677 1681
1681 1677
1678 1679
1679 1678
1680 1681
1681 1680
1680 1683
1683 1680
1681 1682
1682 1681
1681 1683
1683 1681
1682 1683
1683 1682
