0 4
4 0
0 14
14 0
0 16
16 0
0 32
32 0
0 36
36 0
1 2
2 1
1 3
3 1
1 4
4 1
1 8
8 1
1 9
9 1
1 15
15 1
1 16
16 1
1 21
21 1
1 28
28 1
1 32
32 1
1 35
35 1
1 109
109 1
1 110
110 1
2 3
3 2
2 8
8 2
2 17
17 2
2 22
22 2
2 25
25 2
2 27
27 2
3 9
9 3
3 21
21 3
3 22
22 3
3 24
24 3
3 25
25 3
3 27
27 3
3 29
29 3
3 30
30 3
3 31
31 3
4 8
8 4
4 32
32 4
4 36
36 4
5 6
6 5
5 7
7 5
5 26
26 5
5 104
104 5
6 7
7 6
6 18
18 6
6 74
74 6
6 104
104 6
6 106
106 6
7 9
9 7
7 10
10 7
7 18
18 7
7 26
26 7
8 17
17 8
8 36
36 8
9 10
10 9
9 11
11 9
9 12
12 9
9 13
13 9
9 26
26 9
9 28
28 9
9 30
30 9
10 18
18 10
10 24
24 10
10 30
30 10
11 12
12 11
11 13
13 11
11 28
28 11
11 109
109 11
12 13
13 12
12 26
26 12
12 42
42 12
12 43
43 12
12 67
67 12
12 109
109 12
12 126
126 12
14 16
16 14
14 21
21 14
14 34
34 14
14 35
35 14
14 36
36 14
15 16
16 15
15 32
32 15
16 32
32 16
16 35
35 16
17 22
22 17
17 23
23 17
17 36
36 17
19 20
20 19
19 24
24 19
19 27
27 19
19 33
33 19
20 33
33 20
21 31
31 21
21 34
34 21
21 35
35 21
22 23
23 22
22 29
29 22
23 29
29 23
23 34
34 23
23 36
36 23
24 27
27 24
24 30
30 24
25 27
27 25
26 54
54 26
26 67
67 26
26 70
70 26
26 104
104 26
27 33
33 27
28 109
109 28
29 31
31 29
29 34
34 29
31 34
34 31
34 36
36 34
37 40
40 37
37 44
44 37
37 47
47 37
37 48
48 37
37 60
60 37
37 61
61 37
37 62
62 37
38 58
58 38
38 77
77 38
38 79
79 38
38 80
80 38
38 83
83 38
38 84
84 38
38 89
89 38
38 90
90 38
38 91
91 38
38 93
93 38
38 108
108 38
38 130
130 38
39 41
41 39
39 50
50 39
39 64
64 39
39 71
71 39
39 105
105 39
40 55
55 40
40 57
57 40
40 61
61 40
40 62
62 40
41 50
50 41
41 52
52 41
41 104
104 41
41 105
105 41
42 43
43 42
42 60
60 42
42 65
65 42
42 66
66 42
42 123
123 42
42 126
126 42
43 59
59 43
43 60
60 43
43 67
67 43
43 71
71 43
44 45
45 44
44 46
46 44
44 47
47 44
44 60
60 44
44 64
64 44
45 46
46 45
45 64
64 45
45 68
68 45
45 83
83 45
46 47
47 46
46 62
62 46
46 68
68 46
47 62
62 47
47 68
68 47
48 49
49 48
48 60
60 48
48 61
61 48
48 66
66 48
49 51
51 49
49 56
56 49
49 61
61 49
49 66
66 49
50 52
52 50
50 54
54 50
50 59
59 50
50 70
70 50
50 71
71 50
51 56
56 51
51 61
61 51
51 118
118 51
51 122
122 51
51 134
134 51
52 70
70 52
52 104
104 52
53 58
58 53
53 63
63 53
53 69
69 53
53 108
108 53
53 129
129 53
54 59
59 54
54 67
67 54
54 70
70 54
55 57
57 55
55 62
62 55
55 68
68 55
55 69
69 55
56 65
65 56
56 66
66 56
56 124
124 56
56 134
134 56
57 61
61 57
57 63
63 57
57 69
69 57
57 120
120 57
58 68
68 58
58 69
69 58
58 83
83 58
58 108
108 58
59 67
67 59
59 71
71 59
60 61
61 60
60 64
64 60
60 66
66 60
60 71
71 60
61 120
120 61
61 122
122 61
61 139
139 61
62 68
68 62
63 69
69 63
63 120
120 63
63 129
129 63
64 71
71 64
64 83
83 64
64 105
105 64
65 66
66 65
65 123
123 65
65 124
124 65
65 140
140 65
68 69
69 68
68 83
83 68
70 104
104 70
72 87
87 72
72 88
88 72
72 104
104 72
72 105
105 72
72 106
106 72
72 107
107 72
73 74
74 73
73 82
82 73
73 85
85 73
73 86
86 73
73 100
100 73
73 102
102 73
74 82
82 74
74 106
106 74
75 76
76 75
75 77
77 75
75 78
78 75
75 80
80 75
75 81
81 75
76 77
77 76
76 78
78 76
76 79
79 76
76 84
84 76
76 88
88 76
76 107
107 76
77 79
79 77
77 80
80 77
78 81
81 78
78 107
107 78
79 84
84 79
80 81
81 80
80 107
107 80
81 107
107 81
82 86
86 82
82 106
106 82
82 107
107 82
83 84
84 83
83 89
89 83
83 105
105 83
84 88
88 84
84 90
90 84
84 92
92 84
84 93
93 84
84 94
94 84
84 105
105 84
85 97
97 85
85 98
98 85
85 101
101 85
85 102
102 85
86 99
99 86
86 100
100 86
86 103
103 86
86 107
107 86
87 88
88 87
87 105
105 87
88 105
105 88
88 107
107 88
90 91
91 90
90 92
92 90
90 94
94 90
90 95
95 90
91 93
93 91
91 95
95 91
92 94
94 92
93 94
94 93
93 95
95 93
94 95
95 94
96 97
97 96
96 98
98 96
96 101
101 96
96 103
103 96
97 101
101 97
98 99
99 98
98 101
101 98
98 102
102 98
98 103
103 98
99 100
100 99
99 102
102 99
99 103
103 99
100 102
102 100
104 105
105 104
104 106
106 104
106 107
107 106
108 112
112 108
108 113
113 108
108 121
121 108
108 129
129 108
108 130
130 108
108 132
132 108
108 137
137 108
108 139
139 108
109 110
110 109
109 126
126 109
109 127
127 109
110 116
116 110
110 119
119 110
110 127
127 110
110 133
133 110
110 138
138 110
111 112
112 111
111 113
113 111
111 129
129 111
111 135
135 111
112 113
113 112
112 129
129 112
112 139
139 112
113 135
135 113
113 139
139 113
114 125
125 114
114 132
132 114
114 136
136 114
115 116
116 115
115 117
117 115
115 138
138 115
115 141
141 115
115 142
142 115
116 125
125 116
116 138
138 116
116 142
142 116
117 138
138 117
117 141
141 117
118 119
119 118
118 122
122 118
118 131
131 118
118 134
134 118
118 139
139 118
119 131
131 119
119 133
133 119
119 138
138 119
119 139
139 119
120 122
122 120
120 129
129 120
121 125
125 121
121 137
137 121
121 138
138 121
121 139
139 121
122 129
129 122
122 135
135 122
122 139
139 122
123 126
126 123
123 128
128 123
123 140
140 123
124 131
131 124
124 133
133 124
124 134
134 124
124 140
140 124
125 136
136 125
125 137
137 125
125 138
138 125
125 142
142 125
126 127
127 126
126 128
128 126
127 128
128 127
127 133
133 127
128 133
133 128
128 140
140 128
129 135
135 129
130 132
132 130
131 133
133 131
131 134
134 131
132 136
136 132
132 137
137 132
133 140
140 133
135 139
139 135
136 137
137 136
138 139
139 138
138 141
141 138
138 142
142 138
141 142
142 141
