0 1
1 0
0 3
3 0
0 54
54 0
0 55
55 0
0 865
865 0
0 866
866 0
0 890
890 0
0 923
923 0
1 2
2 1
1 3
3 1
1 45
45 1
1 47
47 1
1 51
51 1
1 52
52 1
1 53
53 1
1 54
54 1
2 3
3 2
2 8
8 2
2 45
45 2
2 47
47 2
2 891
891 2
2 892
892 2
3 890
890 3
3 891
891 3
4 5
5 4
4 8
8 4
4 35
35 4
4 37
37 4
4 38
38 4
4 46
46 4
5 6
6 5
5 8
8 5
5 30
30 5
5 35
35 5
5 37
37 5
6 7
7 6
6 8
8 6
6 30
30 6
6 35
35 6
7 8
8 7
7 30
30 7
7 692
692 7
7 697
697 7
8 45
45 8
8 46
46 8
8 692
692 8
8 892
892 8
9 10
10 9
9 14
14 9
9 29
29 9
9 30
30 9
9 31
31 9
10 11
11 10
10 12
12 10
10 14
14 10
10 21
21 10
10 22
22 10
10 29
29 10
11 12
12 11
11 14
14 11
11 16
16 11
11 17
17 11
11 19
19 11
11 20
20 11
11 21
21 11
11 22
22 11
12 13
13 12
12 14
14 12
12 15
15 12
12 16
16 12
12 17
17 12
13 14
14 13
13 15
15 13
13 16
16 13
13 826
826 13
13 827
827 13
14 29
29 14
14 30
30 14
14 697
697 14
14 758
758 14
14 827
827 14
15 16
16 15
15 115
115 15
15 774
774 15
15 826
826 15
16 17
17 16
16 115
115 16
16 116
116 16
16 120
120 16
17 18
18 17
17 19
19 17
17 20
20 17
17 116
116 17
17 120
120 17
18 19
19 18
18 20
20 18
18 22
22 18
18 101
101 18
18 120
120 18
19 20
20 19
19 21
21 19
19 22
22 19
20 21
21 20
21 22
22 21
22 23
23 22
22 24
24 22
22 28
28 22
22 29
29 22
22 101
101 22
22 120
120 22
23 24
24 23
23 101
101 23
23 102
102 23
24 25
25 24
24 26
26 24
24 27
27 24
24 28
28 24
24 29
29 24
24 68
68 24
24 102
102 24
25 26
26 25
25 39
39 25
25 43
43 25
25 68
68 25
26 27
27 26
26 39
39 26
26 41
41 26
26 42
42 26
27 28
28 27
27 41
41 27
27 42
42 27
28 29
29 28
28 34
34 28
28 40
40 28
28 42
42 28
29 31
31 29
29 32
32 29
29 33
33 29
29 34
34 29
29 40
40 29
30 31
31 30
30 32
32 30
30 33
33 30
30 35
35 30
30 692
692 30
30 697
697 30
30 758
758 30
31 32
32 31
32 33
33 32
33 34
34 33
33 35
35 33
34 35
35 34
34 36
36 34
34 37
37 34
34 40
40 34
35 36
36 35
35 37
37 35
36 37
37 36
36 40
40 36
36 42
42 36
37 38
38 37
37 42
42 37
38 39
39 38
38 41
41 38
38 42
42 38
38 44
44 38
38 46
46 38
39 41
41 39
39 43
43 39
39 44
44 39
40 42
42 40
41 42
42 41
43 44
44 43
43 49
49 43
43 50
50 43
43 68
68 43
43 69
69 43
44 46
46 44
44 47
47 44
44 48
48 44
44 49
49 44
44 50
50 44
45 46
46 45
45 47
47 45
46 47
47 46
47 48
48 47
47 51
51 47
48 50
50 48
48 51
51 48
49 50
50 49
49 51
51 49
49 68
68 49
49 69
69 49
50 51
51 50
51 52
52 51
51 69
69 51
51 70
70 51
52 53
53 52
52 54
54 52
52 55
55 52
52 56
56 52
52 58
58 52
52 64
64 52
52 70
70 52
53 54
54 53
54 55
55 54
55 56
56 55
55 923
923 55
55 934
934 55
56 57
57 56
56 58
58 56
56 60
60 56
56 934
934 56
57 58
58 57
57 60
60 57
57 934
934 57
57 1015
1015 57
57 1016
1016 57
57 1020
1020 57
58 59
59 58
58 60
60 58
58 64
64 58
58 65
65 58
59 60
60 59
59 61
61 59
59 65
65 59
59 67
67 59
60 61
61 60
60 595
595 60
60 1015
1015 60
61 67
67 61
61 595
595 61
62 63
63 62
62 66
66 62
62 72
72 62
62 74
74 62
62 146
146 62
62 148
148 62
63 64
64 63
63 65
65 63
63 66
66 63
63 67
67 63
63 70
70 63
63 71
71 63
63 74
74 63
64 65
65 64
64 70
70 64
65 67
67 65
66 67
67 66
66 148
148 66
66 149
149 66
66 657
657 66
66 658
658 66
67 595
595 67
67 658
658 67
68 69
69 68
68 76
76 68
68 78
78 68
68 79
79 68
68 102
102 68
68 103
103 68
69 70
70 69
69 71
71 69
69 73
73 69
69 75
75 69
69 79
79 69
70 71
71 70
71 73
73 71
71 74
74 71
71 75
75 71
72 73
73 72
72 74
74 72
72 77
77 72
72 146
146 72
72 151
151 72
73 74
74 73
73 75
75 73
73 77
77 73
75 77
77 75
75 79
79 75
76 77
77 76
76 78
78 76
76 79
79 76
76 92
92 76
76 93
93 76
76 94
94 76
76 102
102 76
76 103
103 76
76 104
104 76
76 151
151 76
77 78
78 77
77 79
79 77
77 94
94 77
77 151
151 77
78 79
79 78
80 84
84 80
80 90
90 80
80 91
91 80
80 97
97 80
80 143
143 80
80 151
151 80
81 82
82 81
81 87
87 81
81 89
89 81
81 98
98 81
81 105
105 81
81 111
111 81
81 112
112 81
81 113
113 81
82 84
84 82
82 87
87 82
82 89
89 82
82 90
90 82
82 91
91 82
82 96
96 82
82 98
98 82
82 105
105 82
83 86
86 83
83 87
87 83
83 109
109 83
83 110
110 83
83 114
114 83
83 127
127 83
83 132
132 83
83 139
139 83
83 142
142 83
84 85
85 84
84 88
88 84
84 89
89 84
84 91
91 84
84 143
143 84
84 151
151 84
85 88
88 85
85 89
89 85
85 138
138 85
85 142
142 85
85 143
143 85
86 87
87 86
86 88
88 86
86 89
89 86
86 114
114 86
86 142
142 86
87 88
88 87
87 89
89 87
87 112
112 87
87 113
113 87
87 114
114 87
88 89
89 88
88 138
138 88
88 142
142 88
89 91
91 89
90 91
91 90
90 96
96 90
90 97
97 90
90 105
105 90
92 93
93 92
92 95
95 92
92 103
103 92
92 104
104 92
92 105
105 92
93 94
94 93
93 95
95 93
93 97
97 93
94 97
97 94
94 151
151 94
95 96
96 95
95 97
97 95
95 104
104 95
95 105
105 95
96 97
97 96
96 105
105 96
97 151
151 97
98 99
99 98
98 104
104 98
98 105
105 98
98 111
111 98
98 112
112 98
98 123
123 98
99 100
100 99
99 103
103 99
99 104
104 99
99 105
105 99
99 111
111 99
99 121
121 99
99 122
122 99
99 123
123 99
100 101
101 100
100 102
102 100
100 103
103 100
100 104
104 100
100 120
120 100
100 121
121 100
100 122
122 100
101 102
102 101
101 103
103 101
101 120
120 101
101 121
121 101
102 103
103 102
103 104
104 103
104 105
105 104
106 107
107 106
106 108
108 106
106 109
109 106
106 115
115 106
106 775
775 106
107 108
108 107
107 109
109 107
107 111
111 107
107 112
112 107
107 113
113 107
107 115
115 107
107 117
117 107
108 109
109 108
108 110
110 108
108 775
775 108
108 780
780 108
109 110
110 109
109 112
112 109
109 113
113 109
109 114
114 109
110 114
114 110
110 127
127 110
110 129
129 110
110 131
131 110
110 132
132 110
110 780
780 110
111 112
112 111
111 116
116 111
111 117
117 111
111 118
118 111
111 123
123 111
112 113
113 112
112 117
117 112
113 114
114 113
115 116
116 115
115 117
117 115
115 774
774 115
115 775
775 115
116 117
117 116
116 118
118 116
116 119
119 116
116 120
120 116
117 118
118 117
118 119
119 118
118 122
122 118
118 123
123 118
119 120
120 119
119 121
121 119
119 122
122 119
120 121
121 120
121 122
122 121
122 123
123 122
124 125
125 124
124 128
128 124
124 130
130 124
124 394
394 124
124 396
396 124
124 418
418 124
124 421
421 124
124 783
783 124
124 784
784 124
125 126
126 125
125 128
128 125
125 130
130 125
125 131
131 125
125 132
132 125
125 394
394 125
126 127
127 126
126 131
131 126
126 132
132 126
126 133
133 126
126 135
135 126
126 394
394 126
126 397
397 126
127 132
132 127
127 133
133 127
127 134
134 127
127 135
135 127
127 136
136 127
127 139
139 127
127 142
142 127
128 129
129 128
128 130
130 128
128 131
131 128
128 783
783 128
128 784
784 128
129 130
130 129
129 131
131 129
129 780
780 129
129 783
783 129
130 131
131 130
131 132
132 131
132 133
133 132
132 134
134 132
133 134
134 133
135 136
136 135
135 137
137 135
135 397
397 135
135 398
398 135
136 137
137 136
136 139
139 136
137 139
139 137
137 398
398 137
137 663
663 137
138 139
139 138
138 140
140 138
138 141
141 138
138 142
142 138
138 143
143 138
139 140
140 139
139 141
141 139
139 142
142 139
139 663
663 139
139 664
664 139
139 666
666 139
140 141
141 140
140 143
143 140
140 147
147 140
140 651
651 140
140 653
653 140
140 666
666 140
141 142
142 141
143 144
144 143
143 145
145 143
143 147
147 143
143 148
148 143
143 149
149 143
143 150
150 143
143 151
151 143
144 145
145 144
144 146
146 144
144 150
150 144
145 146
146 145
145 148
148 145
145 150
150 145
146 148
148 146
146 150
150 146
146 151
151 146
147 149
149 147
147 646
646 147
147 651
651 147
147 657
657 147
148 149
149 148
149 657
657 149
150 151
151 150
152 153
153 152
152 154
154 152
152 155
155 152
152 156
156 152
152 157
157 152
152 159
159 152
152 873
873 152
152 883
883 152
153 154
154 153
153 158
158 153
154 155
155 154
154 158
158 154
154 159
159 154
155 156
156 155
155 159
159 155
156 159
159 156
157 158
158 157
157 159
159 157
157 691
691 157
157 706
706 157
157 883
883 157
157 892
892 157
158 159
159 158
158 706
706 158
158 1383
1383 158
160 180
180 160
160 181
181 160
160 182
182 160
160 184
184 160
160 186
186 160
160 280
280 160
160 281
281 160
161 162
162 161
161 179
179 161
161 180
180 161
161 271
271 161
161 272
272 161
161 279
279 161
161 280
280 161
162 163
163 162
162 177
177 162
162 179
179 162
162 272
272 162
162 279
279 162
163 174
174 163
163 176
176 163
163 177
177 163
163 279
279 163
163 671
671 163
163 675
675 163
164 165
165 164
164 166
166 164
164 167
167 164
164 168
168 164
164 321
321 164
165 166
166 165
165 167
167 165
165 169
169 165
166 168
168 166
166 169
169 166
166 170
170 166
167 169
169 167
167 244
244 167
167 245
245 167
167 246
246 167
167 248
248 167
167 317
317 167
167 321
321 167
167 688
688 167
168 169
169 168
168 170
170 168
168 171
171 168
168 194
194 168
168 195
195 168
168 321
321 168
169 170
170 169
169 243
243 169
169 244
244 169
169 677
677 169
170 171
171 170
170 172
172 170
170 677
677 170
171 172
172 171
171 173
173 171
171 194
194 171
172 173
173 172
172 174
174 172
172 194
194 172
172 675
675 172
172 676
676 172
172 677
677 172
173 174
174 173
173 175
175 173
173 176
176 173
173 190
190 173
173 192
192 173
173 194
194 173
174 175
175 174
174 176
176 174
174 675
675 174
175 176
176 175
175 188
188 175
175 190
190 175
176 177
177 176
176 178
178 176
176 188
188 176
177 178
178 177
177 179
179 177
178 179
179 178
178 188
188 178
178 189
189 178
179 180
180 179
179 186
186 179
179 189
189 179
180 186
186 180
180 280
280 180
181 182
182 181
181 183
183 181
181 184
184 181
181 199
199 181
181 200
200 181
181 281
281 181
181 283
283 181
181 358
358 181
182 183
183 182
182 184
184 182
183 184
184 183
183 199
199 183
184 185
185 184
184 186
186 184
184 199
199 184
185 186
186 185
185 187
187 185
185 189
189 185
185 199
199 185
186 187
187 186
186 189
189 186
187 189
189 187
187 198
198 187
187 199
199 187
188 189
189 188
188 190
190 188
188 198
198 188
189 198
198 189
190 191
191 190
190 192
192 190
190 198
198 190
191 192
192 191
191 193
193 191
191 197
197 191
191 198
198 191
191 203
203 191
191 683
683 191
192 193
193 192
192 194
194 192
193 194
194 193
193 195
195 193
193 197
197 193
194 195
195 194
195 197
197 195
195 321
321 195
196 210
210 196
196 211
211 196
196 213
213 196
196 217
217 196
196 218
218 196
196 321
321 196
196 683
683 196
197 203
203 197
197 321
321 197
197 683
683 197
198 199
199 198
198 203
203 198
198 683
683 198
199 200
200 199
199 682
682 199
199 683
683 199
200 201
201 200
200 283
283 200
200 358
358 200
200 682
682 200
200 683
683 200
201 202
202 201
201 207
207 201
201 283
283 201
201 346
346 201
201 682
682 201
202 205
205 202
202 207
207 202
202 682
682 202
203 683
683 203
204 205
205 204
204 209
209 204
204 210
210 204
204 285
285 204
204 293
293 204
204 682
682 204
204 683
683 204
205 206
206 205
205 207
207 205
205 209
209 205
205 682
682 205
206 207
207 206
206 208
208 206
206 209
209 206
207 208
208 207
207 346
346 207
208 209
209 208
208 346
346 208
209 285
285 209
209 293
293 209
209 346
346 209
210 218
218 210
210 219
219 210
210 224
224 210
210 293
293 210
210 321
321 210
210 683
683 210
211 212
212 211
211 213
213 211
211 214
214 211
211 216
216 211
211 217
217 211
211 218
218 211
212 214
214 212
212 215
215 212
212 216
216 212
212 217
217 212
212 241
241 212
213 214
214 213
213 242
242 213
213 321
321 213
213 322
322 213
213 323
323 213
213 684
684 213
214 241
241 214
214 242
242 214
214 684
684 214
215 216
216 215
215 222
222 215
215 223
223 215
215 237
237 215
215 240
240 215
215 241
241 215
216 217
217 216
216 220
220 216
216 221
221 216
216 222
222 216
217 218
218 217
217 220
220 217
217 221
221 217
218 219
219 218
218 220
220 218
218 224
224 218
218 233
233 218
219 224
224 219
219 225
225 219
219 293
293 219
220 221
221 220
220 224
224 220
220 233
233 220
221 222
222 221
221 223
223 221
221 233
233 221
221 235
235 221
222 223
223 222
223 235
235 223
223 236
236 223
223 237
237 223
223 332
332 223
224 225
225 224
224 226
226 224
224 233
233 224
225 226
226 225
225 227
227 225
225 285
285 225
225 291
291 225
225 293
293 225
226 227
227 226
226 228
228 226
226 229
229 226
226 230
230 226
226 231
231 226
226 233
233 226
227 228
228 227
227 288
288 227
227 289
289 227
227 290
290 227
227 291
291 227
227 292
292 227
227 344
344 227
228 229
229 228
228 343
343 228
228 344
344 228
229 231
231 229
229 338
338 229
229 343
343 229
230 231
231 230
230 232
232 230
230 233
233 230
230 234
234 230
231 232
232 231
231 337
337 231
231 338
338 231
231 343
343 231
232 234
234 232
232 331
331 232
232 332
332 232
232 336
336 232
232 337
337 232
232 338
338 232
233 234
234 233
233 235
235 233
234 235
235 234
234 331
331 234
234 332
332 234
235 236
236 235
235 332
332 235
236 237
237 236
236 332
332 236
237 238
238 237
237 239
239 237
237 240
240 237
237 332
332 237
237 333
333 237
238 239
239 238
238 240
240 238
238 329
329 238
238 330
330 238
238 678
678 238
239 329
329 239
239 330
330 239
239 332
332 239
239 333
333 239
240 241
241 240
240 327
327 240
240 329
329 240
240 678
678 240
241 242
242 241
241 327
327 241
242 324
324 242
242 327
327 242
242 684
684 242
243 244
244 243
243 247
247 243
243 248
248 243
243 673
673 243
243 674
674 243
243 677
677 243
244 247
247 244
244 248
248 244
244 688
688 244
245 246
246 245
245 318
318 245
245 319
319 245
245 320
320 245
245 321
321 245
246 317
317 246
246 319
319 246
247 248
248 247
247 252
252 247
247 673
673 247
247 685
685 247
248 304
304 248
248 305
305 248
248 317
317 248
248 685
685 248
248 688
688 248
249 251
251 249
249 305
305 249
249 306
306 249
249 312
312 249
249 386
386 249
249 387
387 249
249 685
685 249
250 251
251 250
250 252
252 250
250 253
253 250
250 380
380 250
250 381
381 250
250 385
385 250
250 386
386 250
250 685
685 250
251 252
252 251
251 385
385 251
251 386
386 251
251 387
387 251
251 685
685 251
252 253
253 252
252 381
381 252
252 670
670 252
252 673
673 252
252 685
685 252
253 265
265 253
253 273
273 253
253 277
277 253
253 381
381 253
253 382
382 253
253 670
670 253
253 673
673 253
254 255
255 254
254 257
257 254
254 380
380 254
254 384
384 254
254 634
634 254
254 655
655 254
254 665
665 254
255 257
257 255
255 259
259 255
255 260
260 255
255 266
266 255
255 380
380 255
255 384
384 255
256 262
262 256
256 263
263 256
256 264
264 256
256 267
267 256
256 269
269 256
256 271
271 256
256 272
272 256
256 276
276 256
256 280
280 256
256 372
372 256
256 373
373 256
257 258
258 257
257 259
259 257
257 268
268 257
257 623
623 257
257 634
634 257
257 650
650 257
258 268
268 258
258 270
270 258
258 376
376 258
258 377
377 258
258 623
623 258
258 625
625 258
259 260
260 259
259 264
264 259
259 266
266 259
259 267
267 259
259 268
268 259
260 261
261 260
260 262
262 260
260 263
263 260
260 264
264 260
260 265
265 260
260 266
266 260
261 262
262 261
261 263
263 261
261 264
264 261
262 263
263 262
262 265
265 262
262 272
272 262
262 276
276 262
262 277
277 262
263 264
264 263
264 267
267 264
264 269
269 264
265 266
266 265
265 273
273 265
265 277
277 265
265 382
382 265
265 383
383 265
266 380
380 266
266 382
382 266
266 383
383 266
267 268
268 267
267 269
269 267
267 270
270 267
268 270
270 268
269 270
270 269
269 373
373 269
269 376
376 269
270 373
373 270
270 376
376 270
271 272
272 271
271 280
280 271
272 274
274 272
272 275
275 272
272 276
276 272
272 278
278 272
272 279
279 272
273 274
274 273
273 277
277 273
273 278
278 273
273 670
670 273
273 671
671 273
274 275
275 274
274 277
277 274
274 278
278 274
274 671
671 274
275 276
276 275
275 277
277 275
276 277
277 276
278 279
279 278
278 671
671 278
279 671
671 279
280 281
281 280
280 372
372 280
280 373
373 280
281 282
282 281
281 358
358 281
281 359
359 281
281 364
364 281
281 372
372 281
282 359
359 282
282 364
364 282
282 370
370 282
282 371
371 282
282 372
372 282
283 284
284 283
283 295
295 283
283 346
346 283
283 356
356 283
283 357
357 283
283 358
358 283
284 294
294 284
284 295
295 284
284 356
356 284
284 357
357 284
285 286
286 285
285 287
287 285
285 291
291 285
285 293
293 285
285 346
346 285
285 681
681 285
286 287
287 286
286 291
291 286
286 292
292 286
287 288
288 287
287 289
289 287
287 290
290 287
287 292
292 287
287 345
345 287
287 681
681 287
288 289
289 288
288 292
292 288
289 290
290 289
289 344
344 289
290 344
344 290
290 345
345 290
291 292
292 291
293 683
683 293
294 295
295 294
294 297
297 294
294 299
299 294
294 353
353 294
294 354
354 294
294 357
357 294
295 296
296 295
295 297
297 295
295 299
299 295
295 346
346 295
296 297
297 296
296 298
298 296
296 301
301 296
296 302
302 296
296 346
346 296
297 298
298 297
297 299
299 297
298 299
299 298
298 300
300 298
298 301
301 298
299 300
300 299
299 301
301 299
299 351
351 299
299 352
352 299
299 353
353 299
300 301
301 300
300 349
349 300
300 351
351 300
300 352
352 300
301 302
302 301
301 303
303 301
301 346
346 301
301 348
348 301
301 349
349 301
302 303
303 302
302 346
346 302
302 347
347 302
302 681
681 302
303 347
347 303
303 348
348 303
303 349
349 303
304 305
305 304
304 306
306 304
304 316
316 304
304 317
317 304
305 306
306 305
305 685
685 305
306 310
310 306
306 312
312 306
306 316
316 306
306 317
317 306
306 387
387 306
306 685
685 306
307 308
308 307
307 311
311 307
307 312
312 307
307 386
386 307
307 387
387 307
307 396
396 307
307 425
425 307
308 384
384 308
308 385
385 308
308 386
386 308
308 391
391 308
308 395
395 308
308 396
396 308
308 425
425 308
309 310
310 309
309 311
311 309
309 312
312 309
309 313
313 309
309 314
314 309
309 320
320 309
309 423
423 309
309 428
428 309
310 311
311 310
310 312
312 310
310 314
314 310
310 315
315 310
310 316
316 310
311 312
312 311
311 387
387 311
311 423
423 311
311 425
425 311
312 316
316 312
312 387
387 312
313 314
314 313
313 315
315 313
313 320
320 313
314 315
315 314
314 316
316 314
315 316
316 315
315 317
317 315
315 318
318 315
315 320
320 315
316 317
317 316
316 318
318 316
317 318
318 317
317 319
319 317
318 319
319 318
318 320
320 318
320 321
321 320
320 428
428 320
320 429
429 320
320 444
444 320
320 452
452 320
320 454
454 320
320 456
456 320
320 680
680 320
321 322
322 321
321 323
323 321
321 325
325 321
321 680
680 321
321 683
683 321
321 684
684 321
322 323
323 322
322 684
684 322
324 325
325 324
324 326
326 324
324 327
327 324
324 684
684 324
325 326
326 325
325 480
480 325
325 496
496 325
325 680
680 325
325 684
684 325
326 327
327 326
326 496
496 326
327 328
328 327
327 329
329 327
327 496
496 327
327 684
684 327
328 329
329 328
328 330
330 328
328 496
496 328
328 497
497 328
328 503
503 328
328 508
508 328
328 524
524 328
328 525
525 328
329 330
330 329
329 524
524 329
329 678
678 329
330 331
331 330
330 333
333 330
330 524
524 330
331 332
332 331
331 333
333 331
331 335
335 331
331 336
336 331
331 337
337 331
331 524
524 331
332 333
333 332
334 336
336 334
334 337
337 334
334 339
339 334
334 528
528 334
334 530
530 334
335 336
336 335
335 514
514 335
335 520
520 335
335 524
524 335
336 337
337 336
336 514
514 336
336 520
520 336
336 528
528 336
336 530
530 336
337 338
338 337
337 339
339 337
337 340
340 337
338 339
339 338
338 340
340 338
338 343
343 338
339 340
340 339
339 341
341 339
339 528
528 339
340 341
341 340
340 342
342 340
340 343
343 340
341 342
342 341
341 528
528 341
342 343
343 342
342 528
528 342
342 547
547 342
343 344
344 343
343 528
528 343
343 546
546 343
343 547
547 343
344 345
345 344
344 546
546 344
345 546
546 345
345 681
681 345
346 681
681 346
347 348
348 347
347 553
553 347
347 559
559 347
347 681
681 347
348 349
349 348
348 350
350 348
348 559
559 348
349 350
350 349
349 351
351 349
350 351
351 350
350 558
558 350
350 559
559 350
350 560
560 350
350 561
561 350
351 352
352 351
351 560
560 351
352 353
353 352
352 560
560 352
352 571
571 352
352 572
572 352
353 354
354 353
353 571
571 353
354 357
357 354
354 569
569 354
354 571
571 354
354 572
572 354
354 577
577 354
355 356
356 355
355 357
357 355
355 358
358 355
355 359
359 355
355 360
360 355
355 361
361 355
356 357
357 356
356 358
358 356
357 361
361 357
357 363
363 357
357 577
577 357
358 359
359 358
359 360
360 359
359 362
362 359
359 364
364 359
360 361
361 360
360 362
362 360
360 363
363 360
360 364
364 360
361 363
363 361
361 577
577 361
362 363
363 362
362 364
364 362
362 365
365 362
362 585
585 362
363 577
577 363
363 578
578 363
363 585
585 363
364 365
365 364
364 370
370 364
364 371
371 364
365 366
366 365
365 367
367 365
365 370
370 365
365 585
585 365
365 586
586 365
366 367
367 366
366 368
368 366
366 369
369 366
366 370
370 366
366 599
599 366
366 619
619 366
366 621
621 366
367 368
368 367
367 370
370 367
367 586
586 367
368 586
586 368
368 599
599 368
368 602
602 368
368 621
621 368
369 370
370 369
369 371
371 369
369 378
378 369
369 619
619 369
369 622
622 369
370 371
371 370
371 372
372 371
371 375
375 371
371 378
378 371
372 373
373 372
372 374
374 372
372 375
375 372
373 374
374 373
373 376
376 373
373 377
377 373
374 375
375 374
374 377
377 374
374 379
379 374
374 625
625 374
375 378
378 375
375 379
379 375
376 377
377 376
377 625
625 377
378 379
379 378
378 619
619 378
378 622
622 378
378 625
625 378
379 625
625 379
380 381
381 380
380 383
383 380
380 384
384 380
380 385
385 380
381 382
382 381
381 383
383 381
381 385
385 381
382 383
383 382
384 385
385 384
384 386
386 384
384 391
391 384
384 393
393 384
384 395
395 384
384 655
655 384
384 665
665 384
385 386
386 385
386 387
387 386
388 389
389 388
388 390
390 388
388 397
397 388
388 398
398 388
388 399
399 388
388 662
662 388
388 663
663 388
389 390
390 389
389 391
391 389
389 392
392 389
389 399
399 389
389 401
401 389
389 402
402 389
390 391
391 390
390 392
392 390
390 399
399 390
390 662
662 390
390 663
663 390
391 392
392 391
391 393
393 391
391 395
395 391
391 402
402 391
391 403
403 391
392 393
393 392
392 662
662 392
392 665
665 392
393 662
662 393
393 665
665 393
394 396
396 394
394 397
397 394
394 400
400 394
395 396
396 395
395 403
403 395
395 404
404 395
395 406
406 395
396 400
400 396
396 404
404 396
396 405
405 396
396 406
406 396
396 421
421 396
396 425
425 396
397 398
398 397
397 399
399 397
397 400
400 397
397 401
401 397
398 399
399 398
398 663
663 398
399 400
400 399
399 401
401 399
400 401
401 400
400 402
402 400
400 404
404 400
401 402
402 401
402 403
403 402
402 404
404 402
403 404
404 403
403 406
406 403
404 405
405 404
404 406
406 404
405 406
406 405
407 408
408 407
407 410
410 407
407 426
426 407
407 427
427 407
408 410
410 408
408 411
411 408
408 422
422 408
408 427
427 408
409 410
410 409
409 426
426 409
409 429
429 409
410 411
411 410
410 413
413 410
410 414
414 410
410 426
426 410
410 427
427 410
410 429
429 410
410 686
686 410
411 422
422 411
411 686
686 411
412 413
413 412
412 414
414 412
412 415
415 412
412 416
416 412
412 429
429 412
412 686
686 412
413 414
414 413
413 429
429 413
414 416
416 414
414 686
686 414
415 416
416 415
415 429
429 415
415 760
760 415
415 764
764 415
415 769
769 415
415 810
810 415
416 417
417 416
416 686
686 416
416 760
760 416
416 764
764 416
416 786
786 416
417 418
418 417
417 686
686 417
417 764
764 417
417 785
785 417
417 786
786 417
418 419
419 418
418 421
421 418
418 686
686 418
418 784
784 418
418 785
785 418
418 786
786 418
419 421
421 419
419 686
686 419
420 421
421 420
420 422
422 420
420 424
424 420
420 425
425 420
420 686
686 420
421 422
422 421
421 425
425 421
421 686
686 421
422 423
423 422
422 424
424 422
422 425
425 422
422 427
427 422
422 428
428 422
422 686
686 422
423 425
425 423
423 427
427 423
423 428
428 423
424 425
425 424
426 427
427 426
426 428
428 426
426 429
429 426
427 428
428 427
428 429
429 428
429 437
437 429
429 438
438 429
429 444
444 429
429 810
810 429
430 432
432 430
430 439
439 430
430 447
447 430
430 450
450 430
430 451
451 430
430 461
461 430
430 462
462 430
430 463
463 430
430 464
464 430
430 687
687 430
431 432
432 431
431 433
433 431
431 434
434 431
431 447
447 431
432 433
433 432
432 447
447 432
432 461
461 432
433 434
434 433
433 447
447 433
433 458
458 433
433 461
461 433
433 465
465 433
433 466
466 433
433 468
468 433
434 447
447 434
434 465
465 434
434 468
468 434
434 687
687 434
435 436
436 435
435 440
440 435
435 441
441 435
435 449
449 435
435 679
679 435
436 437
437 436
436 438
438 436
436 441
441 436
436 446
446 436
436 449
449 436
437 438
438 437
437 441
441 437
437 444
444 437
437 446
446 437
438 448
448 438
438 449
449 438
438 809
809 438
438 810
810 438
439 440
440 439
439 443
443 439
439 444
444 439
439 450
450 439
439 451
451 439
439 452
452 439
439 687
687 439
440 441
441 440
440 443
443 440
440 449
449 440
440 679
679 440
440 687
687 440
440 1299
1299 440
440 1382
1382 440
441 442
442 441
441 443
443 441
441 445
445 441
441 446
446 441
442 443
443 442
442 444
444 442
442 445
445 442
442 446
446 442
443 444
444 443
443 445
445 443
444 445
445 444
444 446
446 444
444 452
452 444
445 446
446 445
447 461
461 447
447 687
687 447
448 449
449 448
448 679
679 448
448 809
809 448
449 679
679 449
450 451
451 450
451 452
452 451
451 456
456 451
451 464
464 451
452 456
456 452
453 454
454 453
453 455
455 453
453 459
459 453
453 460
460 453
453 472
472 453
453 473
473 453
454 455
455 454
454 456
456 454
454 473
473 454
454 475
475 454
454 680
680 454
455 456
456 455
455 459
459 455
455 464
464 455
456 464
464 456
457 458
458 457
457 459
459 457
457 460
460 457
457 462
462 457
457 464
464 457
457 466
466 457
457 470
470 457
457 472
472 457
458 461
461 458
458 462
462 458
458 466
466 458
458 468
468 458
458 470
470 458
459 460
460 459
459 464
464 459
460 470
470 460
460 472
472 460
461 462
462 461
462 464
464 462
463 464
464 463
465 468
468 465
465 469
469 465
465 486
486 465
465 687
687 465
465 1138
1138 465
465 1382
1382 465
466 467
467 466
466 468
468 466
466 469
469 466
466 470
470 466
466 482
482 466
467 468
468 467
467 469
469 467
467 482
482 467
467 484
484 467
467 487
487 467
467 488
488 467
468 469
469 468
469 486
486 469
469 487
487 469
469 488
488 469
470 471
471 470
470 472
472 470
470 482
482 470
471 472
472 471
471 474
474 471
471 478
478 471
471 479
479 471
471 482
482 471
471 484
484 471
472 473
473 472
472 474
474 472
473 474
474 473
473 475
475 473
473 476
476 473
473 477
477 473
473 479
479 473
474 478
478 474
474 479
479 474
475 476
476 475
475 680
680 475
476 477
477 476
476 479
479 476
476 680
680 476
477 479
479 477
478 479
479 478
478 481
481 478
478 482
482 478
478 484
484 478
478 485
485 478
479 480
480 479
479 481
481 479
479 680
680 479
480 481
481 480
480 483
483 480
480 487
487 480
480 495
495 480
480 496
496 480
480 680
680 480
481 483
483 481
481 484
484 481
481 485
485 481
482 484
484 482
482 488
488 482
483 485
485 483
483 487
487 483
483 489
489 483
484 485
485 484
484 488
488 484
485 488
488 485
485 489
489 485
486 487
487 486
486 490
490 486
486 1138
1138 486
486 1235
1235 486
487 488
488 487
487 489
489 487
487 490
490 487
487 494
494 487
487 495
495 487
487 496
496 487
488 489
489 488
490 491
491 490
490 493
493 490
490 494
494 490
490 1138
1138 490
490 1235
1235 490
490 1236
1236 490
491 492
492 491
491 493
493 491
491 1235
1235 491
491 1236
1236 491
492 493
493 492
492 498
498 492
492 500
500 492
492 1236
1236 492
493 494
494 493
493 497
497 493
493 498
498 493
493 499
499 493
493 500
500 493
494 495
495 494
494 497
497 494
494 499
499 494
495 496
496 495
495 497
497 495
496 497
497 496
497 499
499 497
497 501
501 497
497 503
503 497
498 499
499 498
498 500
500 498
498 501
501 498
499 501
501 499
499 503
503 499
500 501
501 500
500 502
502 500
500 505
505 500
500 506
506 500
500 1236
1236 500
501 502
502 501
501 503
503 501
501 504
504 501
502 503
503 502
502 504
504 502
502 505
505 502
502 506
506 502
502 507
507 502
503 504
504 503
503 507
507 503
503 508
508 503
503 525
525 503
505 506
506 505
505 508
508 505
505 509
509 505
505 510
510 505
505 512
512 505
505 513
513 505
505 1217
1217 505
505 1218
1218 505
505 1236
1236 505
506 507
507 506
506 508
508 506
507 508
508 507
508 509
509 508
508 525
525 508
509 512
512 509
509 513
513 509
509 525
525 509
510 511
511 510
510 513
513 510
510 1218
1218 510
510 1219
1219 510
510 1220
1220 510
511 513
513 511
511 516
516 511
511 526
526 511
511 527
527 511
511 1191
1191 511
511 1220
1220 511
511 1229
1229 511
511 1230
1230 511
512 513
513 512
512 516
516 512
512 525
525 512
513 516
516 513
513 526
526 513
514 520
520 514
514 522
522 514
514 523
523 514
514 524
524 514
514 525
525 514
515 518
518 515
515 519
519 515
515 520
520 515
515 521
521 515
515 522
522 515
515 529
529 515
515 544
544 515
516 517
517 516
516 518
518 516
516 519
519 516
516 523
523 516
516 525
525 516
516 526
526 516
517 518
518 517
517 519
519 517
518 519
519 518
518 522
522 518
518 523
523 518
519 526
526 519
519 529
529 519
519 544
544 519
520 521
521 520
520 522
522 520
520 530
530 520
521 529
529 521
521 530
530 521
522 523
523 522
522 525
525 522
523 525
525 523
524 525
525 524
526 527
527 526
526 544
544 526
526 545
545 526
527 535
535 527
527 545
545 527
527 845
845 527
527 846
846 527
527 1191
1191 527
528 529
529 528
528 530
530 528
528 531
531 528
528 536
536 528
528 537
537 528
528 538
538 528
528 547
547 528
529 530
530 529
529 536
536 529
529 544
544 529
531 538
538 531
531 539
539 531
531 547
547 531
531 552
552 531
532 533
533 532
532 537
537 532
532 539
539 532
532 540
540 532
532 542
542 532
532 550
550 532
533 536
536 533
533 537
537 533
533 539
539 533
533 540
540 533
533 542
542 533
533 543
543 533
533 544
544 533
534 535
535 534
534 543
543 534
534 545
545 534
535 543
543 535
535 545
545 535
535 830
830 535
535 845
845 535
536 537
537 536
536 544
544 536
537 538
538 537
537 539
539 537
538 539
539 538
539 547
547 539
539 550
550 539
539 552
552 539
540 541
541 540
540 542
542 540
540 550
550 540
541 542
542 541
541 550
550 541
541 830
830 541
541 831
831 541
542 543
543 542
542 830
830 542
543 544
544 543
543 545
545 543
543 830
830 543
543 845
845 543
544 545
545 544
546 547
547 546
546 681
681 546
547 548
548 547
547 549
549 547
547 551
551 547
547 552
552 547
547 553
553 547
547 554
554 547
547 681
681 547
548 549
549 548
549 551
551 549
549 552
552 549
550 551
551 550
550 552
552 550
550 554
554 550
550 828
828 550
550 831
831 550
550 832
832 550
551 552
552 551
551 554
554 551
553 554
554 553
553 559
559 553
553 681
681 553
554 555
555 554
554 559
559 554
554 828
828 554
554 829
829 554
554 980
980 554
555 556
556 555
555 557
557 555
555 558
558 555
555 559
559 555
555 829
829 555
555 972
972 555
555 980
980 555
556 557
557 556
556 558
558 556
556 562
562 556
556 565
565 556
556 566
566 556
556 968
968 556
556 972
972 556
556 980
980 556
557 558
558 557
557 559
559 557
558 559
559 558
558 561
561 558
558 562
562 558
558 566
566 558
559 681
681 559
560 561
561 560
560 570
570 560
560 572
572 560
561 562
562 561
561 566
566 561
561 567
567 561
561 568
568 561
561 570
570 561
561 572
572 561
562 566
566 562
563 564
564 563
563 566
566 563
563 567
567 563
563 573
573 563
563 588
588 563
564 565
565 564
564 566
566 564
564 573
573 564
564 588
588 564
565 566
566 565
565 588
588 565
565 968
968 565
566 567
567 566
567 568
568 567
567 573
573 567
567 575
575 567
568 569
569 568
568 570
570 568
568 572
572 568
568 573
573 568
568 575
575 568
568 577
577 568
569 571
571 569
569 572
572 569
569 575
575 569
569 577
577 569
570 572
572 570
571 572
572 571
573 574
574 573
573 575
575 573
573 583
583 573
573 584
584 573
573 588
588 573
574 575
575 574
574 576
576 574
574 577
577 574
574 583
583 574
574 584
584 574
575 577
577 575
576 577
577 576
576 578
578 576
576 579
579 576
576 582
582 576
576 583
583 576
577 578
578 577
577 583
583 577
578 579
579 578
578 585
585 578
579 582
582 579
579 583
583 579
579 585
585 579
579 587
587 579
579 602
602 579
580 581
581 580
580 582
582 580
580 588
588 580
580 601
601 580
580 602
602 580
580 603
603 580
580 609
609 580
581 582
582 581
581 583
583 581
581 584
584 581
581 588
588 581
582 583
583 582
582 584
584 582
582 587
587 582
582 602
602 582
583 584
584 583
584 588
588 584
585 586
586 585
585 587
587 585
586 587
587 586
586 599
599 586
586 602
602 586
587 602
602 587
588 603
603 588
588 613
613 588
588 968
968 588
588 1022
1022 588
589 593
593 589
589 594
594 589
589 596
596 589
589 614
614 589
589 615
615 589
589 628
628 589
589 629
629 589
590 591
591 590
590 592
592 590
590 600
600 590
590 604
604 590
590 607
607 590
590 614
614 590
590 616
616 590
590 617
617 590
591 592
592 591
591 598
598 591
591 600
600 591
591 616
616 591
591 617
617 591
591 620
620 591
592 600
600 592
592 601
601 592
592 607
607 592
592 608
608 592
592 609
609 592
593 594
594 593
593 596
596 593
593 610
610 593
594 604
604 594
594 610
610 594
594 614
614 594
595 596
596 595
595 597
597 595
595 610
610 595
595 658
658 595
595 1015
1015 595
596 610
610 596
596 628
628 596
596 641
641 596
596 658
658 596
597 604
604 597
597 605
605 597
597 610
610 597
597 611
611 597
597 1015
1015 597
597 1017
1017 597
598 599
599 598
598 600
600 598
598 601
601 598
598 602
602 598
598 617
617 598
598 620
620 598
598 621
621 598
599 602
602 599
599 620
620 599
599 621
621 599
600 601
601 600
600 609
609 600
601 602
602 601
601 603
603 601
601 609
609 601
603 608
608 603
603 609
609 603
603 612
612 603
603 613
613 603
604 605
605 604
604 606
606 604
604 607
607 604
604 610
610 604
604 611
611 604
604 614
614 604
605 606
606 605
605 1015
1015 605
605 1017
1017 605
606 607
607 606
606 608
608 606
606 612
612 606
606 1017
1017 606
606 1022
1022 606
607 608
608 607
607 614
614 607
608 609
609 608
608 612
612 608
609 612
612 609
610 611
611 610
610 614
614 610
612 613
613 612
612 1022
1022 612
613 1022
1022 613
614 615
615 614
614 616
616 614
615 616
616 615
615 617
617 615
615 618
618 615
615 627
627 615
615 629
629 615
616 617
617 616
617 618
618 617
617 620
620 617
617 627
627 617
618 619
619 618
618 620
620 618
618 622
622 618
618 626
626 618
618 627
627 618
619 620
620 619
619 621
621 619
619 622
622 619
620 621
621 620
622 625
625 622
622 626
626 622
622 627
627 622
622 630
630 622
622 632
632 622
622 648
648 622
623 624
624 623
623 625
625 623
623 636
636 623
623 650
650 623
624 625
625 624
624 636
636 624
624 650
650 624
625 632
632 625
625 636
636 625
625 648
648 625
626 627
627 626
626 629
629 626
626 630
630 626
626 632
632 626
627 629
629 627
628 629
629 628
628 630
630 628
628 638
638 628
628 641
641 628
628 642
642 628
629 630
630 629
630 632
632 630
630 633
633 630
630 637
637 630
630 638
638 630
630 642
642 630
631 633
633 631
631 635
635 631
631 636
636 631
631 637
637 631
631 640
640 631
631 647
647 631
631 648
648 631
631 654
654 631
632 633
633 632
632 647
647 632
632 648
648 632
633 637
637 633
633 638
638 633
633 640
640 633
633 647
647 633
633 648
648 633
634 649
649 634
634 650
650 634
634 655
655 634
634 656
656 634
635 636
636 635
635 649
649 635
635 654
654 635
635 655
655 635
635 656
656 635
636 647
647 636
636 648
648 636
636 649
649 636
636 650
650 636
637 638
638 637
637 639
639 637
637 640
640 637
637 645
645 637
638 642
642 638
638 643
643 638
638 645
645 638
639 640
640 639
639 644
644 639
639 645
645 639
639 646
646 639
639 652
652 639
639 653
653 639
639 654
654 639
640 645
645 640
640 654
654 640
641 642
642 641
641 643
643 641
641 658
658 641
642 643
643 642
642 645
645 642
643 644
644 643
643 645
645 643
643 657
657 643
643 658
658 643
644 645
645 644
644 646
646 644
644 652
652 644
644 657
657 644
646 651
651 646
646 652
652 646
646 657
657 646
647 648
648 647
649 650
650 649
649 656
656 649
651 652
652 651
651 653
653 651
652 653
653 652
652 654
654 652
653 654
654 653
653 659
659 653
653 661
661 653
653 666
666 653
653 667
667 653
654 655
655 654
654 659
659 654
655 656
656 655
655 659
659 655
655 660
660 655
655 665
665 655
655 669
669 655
657 658
658 657
659 660
660 659
659 661
661 659
659 667
667 659
660 661
661 660
660 662
662 660
660 669
669 660
661 662
662 661
661 664
664 661
661 667
667 661
662 663
663 662
662 664
664 662
662 665
665 662
662 668
668 662
662 669
669 662
663 664
664 663
664 666
666 664
664 667
667 664
665 668
668 665
665 669
669 665
666 667
667 666
668 669
669 668
670 671
671 670
670 672
672 670
670 673
673 670
671 672
672 671
671 675
675 671
672 673
673 672
672 674
674 672
672 675
675 672
672 676
676 672
673 674
674 673
674 676
676 674
674 677
677 674
675 676
676 675
676 677
677 676
679 799
799 679
679 800
800 679
679 809
809 679
679 1299
1299 679
682 683
683 682
687 1299
1299 687
687 1382
1382 687
689 690
690 689
689 863
863 689
689 921
921 689
689 925
925 689
689 927
927 689
691 692
692 691
691 693
693 691
691 694
694 691
691 706
706 691
691 707
707 691
691 892
892 691
692 693
693 692
692 696
696 692
692 697
697 692
692 892
892 692
693 694
694 693
693 695
695 693
693 696
696 693
694 695
695 694
694 707
707 694
694 721
721 694
694 737
737 694
695 696
696 695
695 702
702 695
695 703
703 695
695 721
721 695
695 736
736 695
695 737
737 695
696 697
697 696
696 698
698 696
696 701
701 696
696 702
702 696
697 698
698 697
697 699
699 697
697 758
758 697
698 699
699 698
698 700
700 698
698 701
701 698
698 758
758 698
699 700
700 699
699 758
758 699
699 759
759 699
700 701
701 700
700 702
702 700
700 747
747 700
700 759
759 700
701 702
702 701
702 703
703 702
702 747
747 702
702 759
759 702
703 735
735 703
703 736
736 703
703 747
747 703
704 705
705 704
704 706
706 704
704 713
713 704
704 714
714 704
704 715
715 704
704 1383
1383 704
704 1384
1384 704
705 706
706 705
705 707
707 705
705 715
715 705
705 719
719 705
706 707
707 706
706 1383
1383 706
707 715
715 707
707 719
719 707
707 721
721 707
708 709
709 708
708 711
711 708
708 713
713 708
708 714
714 708
708 725
725 708
708 733
733 708
708 738
738 708
708 744
744 708
708 790
790 708
708 818
818 708
708 822
822 708
709 710
710 709
709 711
711 709
709 818
818 709
709 822
822 709
709 825
825 709
709 1299
1299 709
709 1314
1314 709
709 1315
1315 709
710 711
711 710
710 712
712 710
710 1314
1314 710
710 1318
1318 710
710 1331
1331 710
710 1332
1332 710
711 712
712 711
711 713
713 711
712 713
713 712
712 1331
1331 712
712 1341
1341 712
712 1392
1392 712
712 1393
1393 712
713 714
714 713
713 1384
1384 713
713 1392
1392 713
714 715
715 714
714 725
725 714
715 716
716 715
715 717
717 715
715 718
718 715
715 719
719 715
715 724
724 715
715 725
725 715
716 717
717 716
716 718
718 716
716 720
720 716
716 722
722 716
717 722
722 717
717 724
724 717
718 719
719 718
718 720
720 718
719 720
720 719
719 721
721 719
720 721
721 720
720 722
722 720
720 723
723 720
721 723
723 721
721 737
737 721
722 723
723 722
722 724
724 722
722 728
728 722
722 730
730 722
723 728
728 723
723 729
729 723
723 730
730 723
723 737
737 723
724 725
725 724
724 726
726 724
724 727
727 724
724 728
728 724
725 726
726 725
725 727
727 725
725 728
728 725
725 731
731 725
725 733
733 725
726 727
727 726
727 728
728 727
728 730
730 728
728 731
731 728
729 730
730 729
729 732
732 729
729 734
734 729
729 737
737 729
729 741
741 729
730 731
731 730
730 732
732 730
730 734
734 730
731 733
733 731
731 734
734 731
732 733
733 732
732 734
734 732
732 737
737 732
732 738
738 732
732 739
739 732
732 741
741 732
733 734
734 733
733 738
738 733
733 744
744 733
735 736
736 735
735 738
738 735
735 739
739 735
735 740
740 735
735 742
742 735
735 744
744 735
735 745
745 735
735 747
747 735
735 749
749 735
736 737
737 736
736 740
740 736
736 741
741 736
737 741
741 737
738 739
739 738
738 744
744 738
739 740
740 739
739 741
741 739
740 741
741 740
742 743
743 742
742 745
745 742
742 747
747 742
742 749
749 742
742 766
766 742
742 767
767 742
742 772
772 742
742 788
788 742
743 745
745 743
743 746
746 743
743 766
766 743
743 787
787 743
743 788
788 743
743 791
791 743
743 792
792 743
744 745
745 744
744 746
746 744
744 790
790 744
744 791
791 744
745 746
746 745
746 791
791 746
746 792
792 746
747 748
748 747
747 749
749 747
747 754
754 747
747 757
757 747
747 759
759 747
748 749
749 748
748 750
750 748
748 753
753 748
748 754
754 748
749 750
750 749
749 772
772 749
749 773
773 749
750 751
751 750
750 753
753 750
750 773
773 750
751 752
752 751
751 753
753 751
751 755
755 751
751 773
773 751
751 774
774 751
751 826
826 751
752 753
753 752
752 755
755 752
753 754
754 753
753 755
755 753
753 756
756 753
754 755
755 754
754 756
756 754
754 757
757 754
754 827
827 754
755 756
756 755
755 826
826 755
756 826
826 756
756 827
827 756
757 758
758 757
757 759
759 757
757 827
827 757
758 759
759 758
758 827
827 758
760 761
761 760
760 762
762 760
760 763
763 760
760 764
764 760
760 769
769 760
761 762
762 761
761 769
769 761
761 770
770 761
761 778
778 761
761 779
779 761
762 763
763 762
762 779
779 762
762 781
781 762
763 764
764 763
763 765
765 763
763 779
779 763
763 780
780 763
763 781
781 763
764 765
765 764
764 786
786 764
765 780
780 765
765 782
782 765
765 785
785 765
765 786
786 765
766 767
767 766
766 788
788 766
766 811
811 766
766 816
816 766
766 817
817 766
767 768
768 767
767 772
772 767
767 807
807 767
767 810
810 767
767 811
811 767
767 817
817 767
768 769
769 768
768 770
770 768
768 771
771 768
768 772
772 768
768 807
807 768
768 810
810 768
769 770
770 769
769 778
778 769
769 810
810 769
770 771
771 770
770 773
773 770
770 777
777 770
770 778
778 770
771 772
772 771
771 773
773 771
771 777
777 771
772 773
773 772
773 774
774 773
773 775
775 773
773 776
776 773
773 777
777 773
773 780
780 773
773 826
826 773
774 775
775 774
774 826
826 774
775 780
780 775
776 777
777 776
776 779
779 776
776 780
780 776
776 781
781 776
777 778
778 777
777 779
779 777
777 781
781 777
778 779
779 778
779 781
781 779
780 781
781 780
780 782
782 780
780 783
783 780
782 783
783 782
782 785
785 782
783 784
784 783
783 785
785 783
784 785
785 784
785 786
786 785
787 788
788 787
787 789
789 787
787 792
792 787
787 793
793 787
788 789
789 788
788 815
815 788
788 816
816 788
789 792
792 789
789 793
793 789
789 794
794 789
789 814
814 789
789 815
815 789
790 791
791 790
790 818
818 790
791 792
792 791
791 818
818 791
791 819
819 791
792 793
793 792
792 819
819 792
793 794
794 793
793 819
819 793
794 796
796 794
794 797
797 794
794 814
814 794
794 819
819 794
795 796
796 795
795 801
801 795
795 802
802 795
795 813
813 795
795 814
814 795
796 797
797 796
796 798
798 796
796 801
801 796
796 814
814 796
796 819
819 796
797 798
798 797
797 819
819 797
797 820
820 797
797 822
822 797
798 799
799 798
798 801
801 798
798 822
822 798
798 825
825 798
799 800
800 799
799 801
801 799
799 802
802 799
799 822
822 799
799 825
825 799
799 1299
1299 799
800 801
801 800
800 802
802 800
800 803
803 800
800 805
805 800
800 807
807 800
800 808
808 800
800 809
809 800
801 802
802 801
802 803
803 802
802 813
813 802
802 814
814 802
803 804
804 803
803 805
805 803
803 812
812 803
803 813
813 803
804 805
805 804
804 806
806 804
804 811
811 804
804 812
812 804
804 813
813 804
805 806
806 805
805 807
807 805
805 808
808 805
806 807
807 806
806 811
811 806
806 812
812 806
807 808
808 807
807 810
810 807
807 811
811 807
808 809
809 808
808 810
810 808
809 810
810 809
811 812
812 811
811 817
817 811
812 813
813 812
812 817
817 812
813 814
814 813
813 817
817 813
814 815
815 814
814 816
816 814
814 817
817 814
815 816
816 815
815 817
817 815
816 817
817 816
818 819
819 818
818 820
820 818
818 821
821 818
818 822
822 818
819 820
820 819
819 822
822 819
820 821
821 820
820 822
822 820
821 822
822 821
822 823
823 822
822 824
824 822
822 825
825 822
823 824
824 823
823 825
825 823
824 825
825 824
825 1299
1299 825
826 827
827 826
828 829
829 828
828 832
832 828
828 838
838 828
829 835
835 829
829 838
838 829
829 854
854 829
829 858
858 829
829 980
980 829
830 831
831 830
830 834
834 830
830 838
838 830
830 839
839 830
830 845
845 830
831 832
832 831
831 838
838 831
832 838
838 832
833 835
835 833
833 837
837 833
833 840
840 833
833 841
841 833
833 843
843 833
833 854
854 833
834 836
836 834
834 837
837 834
834 838
838 834
834 839
839 834
834 843
843 834
835 837
837 835
835 838
838 835
835 854
854 835
836 837
837 836
836 839
839 836
836 842
842 836
836 843
843 836
836 845
845 836
836 847
847 836
836 850
850 836
836 852
852 836
837 838
838 837
837 840
840 837
837 843
843 837
839 845
845 839
840 841
841 840
840 843
843 840
841 842
842 841
841 843
843 841
841 852
852 841
841 854
854 841
842 843
843 842
842 852
852 842
844 845
845 844
844 846
846 844
844 849
849 844
844 956
956 844
844 957
957 844
844 1190
1190 844
844 1192
1192 844
845 846
846 845
845 847
847 845
845 848
848 845
845 849
849 845
846 1191
1191 846
846 1192
1192 846
847 848
848 847
847 850
850 847
848 849
849 848
848 850
850 848
848 957
957 848
849 957
957 849
850 851
851 850
850 852
852 850
850 957
957 850
850 960
960 850
851 852
852 851
851 853
853 851
851 960
960 851
852 853
853 852
852 854
854 852
853 854
854 853
854 855
855 854
854 856
856 854
854 857
857 854
854 858
858 854
855 856
856 855
855 857
857 855
856 857
857 856
856 858
858 856
857 858
858 857
858 901
901 858
858 980
980 858
858 984
984 858
858 985
985 858
859 863
863 859
859 867
867 859
860 862
862 860
860 864
864 860
860 866
866 860
860 867
867 860
860 868
868 860
860 869
869 860
861 862
862 861
861 864
864 861
862 863
863 862
862 864
864 862
862 867
867 862
863 864
864 863
863 865
865 863
863 867
867 863
863 921
921 863
863 922
922 863
864 865
865 864
864 866
866 864
865 866
866 865
865 922
922 865
865 923
923 865
866 869
869 866
866 890
890 866
868 869
869 868
868 870
870 868
868 877
877 868
868 886
886 868
868 887
887 868
869 887
887 869
869 889
889 869
869 890
890 869
870 871
871 870
870 875
875 870
870 876
876 870
870 877
877 870
870 878
878 870
871 872
872 871
871 873
873 871
871 874
874 871
871 875
875 871
871 879
879 871
871 880
880 871
871 882
882 871
871 883
883 871
872 873
873 872
873 883
883 873
874 875
875 874
874 879
879 874
875 876
876 875
875 879
879 875
876 878
878 876
876 879
879 876
877 878
878 877
877 880
880 877
877 881
881 877
877 886
886 877
878 879
879 878
878 880
880 878
879 880
880 879
880 881
881 880
880 882
882 880
880 886
886 880
881 882
882 881
881 884
884 881
881 886
886 881
881 893
893 881
882 883
883 882
882 884
884 882
882 885
885 882
882 888
888 882
882 892
892 882
883 892
892 883
884 885
885 884
884 893
893 884
885 888
888 885
885 893
893 885
886 887
887 886
886 893
893 886
887 888
888 887
887 889
889 887
887 893
893 887
888 889
889 888
888 892
892 888
888 893
893 888
889 890
890 889
889 891
891 889
889 892
892 889
890 891
891 890
891 892
892 891
894 895
895 894
894 910
910 894
895 896
896 895
895 910
910 895
896 897
897 896
896 909
909 896
896 910
910 896
897 898
898 897
897 907
907 897
897 908
908 897
897 909
909 897
898 899
899 898
898 900
900 898
898 903
903 898
898 907
907 898
898 985
985 898
899 900
900 899
899 902
902 899
899 903
903 899
900 901
901 900
900 902
902 900
900 903
903 900
900 985
985 900
901 902
902 901
901 985
985 901
902 903
903 902
902 904
904 902
902 905
905 902
903 905
905 903
903 907
907 903
904 905
905 904
904 906
906 904
904 907
907 904
905 907
907 905
906 907
907 906
908 909
909 908
911 913
913 911
911 914
914 911
911 916
916 911
911 917
917 911
911 919
919 911
911 920
920 911
912 913
913 912
912 914
914 912
912 915
915 912
912 917
917 912
912 918
918 912
912 940
940 912
913 914
914 913
913 915
915 913
913 918
918 913
913 919
919 913
913 1025
1025 913
914 915
915 914
914 917
917 914
916 917
917 916
916 920
920 916
916 1009
1009 916
917 940
940 917
917 1009
1009 917
917 1011
1011 917
918 940
940 918
918 1025
1025 918
919 920
920 919
919 1025
1025 919
920 988
988 920
920 1009
1009 920
921 922
922 921
921 924
924 921
921 925
925 921
921 926
926 921
921 927
927 921
922 923
923 922
922 924
924 922
923 924
924 923
923 934
934 923
924 927
927 924
924 928
928 924
924 929
929 924
924 930
930 924
924 931
931 924
924 933
933 924
924 934
934 924
925 926
926 925
925 927
927 925
927 931
931 927
927 937
937 927
927 938
938 927
928 929
929 928
928 930
930 928
928 933
933 928
929 930
930 929
929 932
932 929
929 933
933 929
930 931
931 930
930 932
932 930
930 933
933 930
931 932
932 931
931 933
933 931
931 937
937 931
932 933
933 932
933 934
934 933
933 937
937 933
934 936
936 934
934 937
937 934
934 1019
1019 934
934 1020
1020 934
935 936
936 935
935 937
937 935
935 938
938 935
935 939
939 935
935 976
976 935
935 1019
1019 935
935 1023
1023 935
936 937
937 936
936 1019
1019 936
936 1023
1023 936
937 938
938 937
938 939
939 938
939 976
976 939
940 947
947 940
940 948
948 940
940 951
951 940
940 962
962 940
940 1011
1011 940
940 1013
1013 940
940 1025
1025 940
940 1168
1168 940
940 1175
1175 940
941 942
942 941
941 944
944 941
941 950
950 941
941 1172
1172 941
941 1173
1173 941
942 943
943 942
942 944
944 942
942 1173
1173 942
943 944
944 943
943 946
946 943
943 954
954 943
943 955
955 943
943 1173
1173 943
943 1181
1181 943
944 946
946 944
944 950
950 944
945 946
946 945
945 949
949 945
945 951
951 945
945 952
952 945
945 953
953 945
945 958
958 945
946 949
949 946
946 950
950 946
946 955
955 946
946 958
958 946
946 959
959 946
947 948
948 947
947 949
949 947
947 950
950 947
947 1168
1168 947
947 1175
1175 947
948 949
949 948
948 951
951 948
949 950
950 949
949 951
951 949
950 1167
1167 950
950 1172
1172 950
950 1173
1173 950
950 1175
1175 950
951 953
953 951
951 962
962 951
951 963
963 951
951 964
964 951
951 967
967 951
952 953
953 952
952 958
958 952
952 960
960 952
952 961
961 952
952 965
965 952
953 964
964 953
953 965
965 953
954 955
955 954
954 956
956 954
954 959
959 954
954 1181
1181 954
954 1182
1182 954
954 1184
1184 954
955 958
958 955
955 959
959 955
956 957
957 956
956 959
959 956
956 1184
1184 956
956 1187
1187 956
956 1190
1190 956
957 959
959 957
957 960
960 957
958 959
959 958
958 960
960 958
959 960
960 959
960 961
961 960
961 962
962 961
961 964
964 961
961 965
965 961
961 966
966 961
962 966
966 962
962 967
967 962
962 1025
1025 962
963 964
964 963
963 967
967 963
964 965
965 964
964 966
966 964
964 967
967 964
966 967
967 966
968 971
971 968
968 972
972 968
968 1022
1022 968
969 972
972 969
969 977
977 969
969 980
980 969
970 971
971 970
970 972
972 970
970 976
976 970
971 972
972 971
971 976
976 971
971 1022
1022 971
971 1024
1024 971
972 976
976 972
972 977
977 972
972 980
980 972
973 974
974 973
973 975
975 973
973 976
976 973
974 975
975 974
974 976
976 974
975 976
976 975
975 977
977 975
975 979
979 975
976 977
977 976
976 979
979 976
976 1023
1023 976
976 1024
1024 976
977 979
979 977
977 980
980 977
977 981
981 977
977 982
982 977
978 979
979 978
978 981
981 978
978 982
982 978
978 983
983 978
979 981
981 979
980 982
982 980
980 984
984 980
981 982
982 981
982 983
983 982
982 984
984 982
983 984
984 983
983 985
985 983
984 985
985 984
986 987
987 986
986 988
988 986
986 989
989 986
986 1007
1007 986
987 988
988 987
988 989
989 988
988 1008
1008 988
988 1009
1009 988
989 990
990 989
989 991
991 989
989 992
992 989
989 993
993 989
989 994
994 989
989 1007
1007 989
989 1008
1008 989
990 991
991 990
990 993
993 990
990 994
994 990
991 992
992 991
991 993
993 991
991 994
994 991
991 1007
1007 991
991 1008
1008 991
992 993
993 992
992 1007
1007 992
992 1008
1008 992
993 994
994 993
995 996
996 995
995 997
997 995
995 1001
1001 995
995 1010
1010 995
995 1012
1012 995
996 997
997 996
996 998
998 996
996 1001
1001 996
996 1005
1005 996
996 1006
1006 996
996 1007
1007 996
997 998
998 997
997 1008
1008 997
997 1009
1009 997
997 1010
1010 997
998 1007
1007 998
998 1008
1008 998
998 1009
1009 998
999 1000
1000 999
999 1003
1003 999
999 1004
1004 999
999 1005
1005 999
999 1391
1391 999
1000 1002
1002 1000
1000 1003
1003 1000
1000 1343
1343 1000
1000 1344
1344 1000
1000 1345
1345 1000
1000 1391
1391 1000
1001 1002
1002 1001
1001 1003
1003 1001
1001 1005
1005 1001
1001 1012
1012 1001
1001 1013
1013 1001
1001 1156
1156 1001
1001 1345
1345 1001
1001 1346
1346 1001
1001 1347
1347 1001
1002 1003
1003 1002
1002 1344
1344 1002
1002 1345
1345 1002
1002 1346
1346 1002
1003 1005
1005 1003
1004 1005
1005 1004
1004 1006
1006 1004
1004 1388
1388 1004
1004 1391
1391 1004
1005 1006
1006 1005
1006 1007
1007 1006
1006 1388
1388 1006
1007 1008
1008 1007
1008 1009
1009 1008
1009 1010
1010 1009
1009 1011
1011 1009
1010 1011
1011 1010
1010 1012
1012 1010
1010 1013
1013 1010
1011 1013
1013 1011
1012 1013
1013 1012
1013 1156
1156 1013
1013 1157
1157 1013
1013 1158
1158 1013
1013 1168
1168 1013
1013 1347
1347 1013
1014 1015
1015 1014
1014 1016
1016 1014
1014 1017
1017 1014
1014 1018
1018 1014
1015 1016
1016 1015
1015 1017
1017 1015
1016 1018
1018 1016
1016 1020
1020 1016
1017 1018
1018 1017
1017 1022
1022 1017
1018 1019
1019 1018
1018 1020
1020 1018
1018 1021
1021 1018
1018 1022
1022 1018
1018 1023
1023 1018
1019 1020
1020 1019
1019 1023
1023 1019
1021 1022
1022 1021
1021 1023
1023 1021
1021 1024
1024 1021
1022 1024
1024 1022
1023 1024
1024 1023
1025 1026
1026 1025
1027 1028
1028 1027
1027 1040
1040 1027
1027 1041
1041 1027
1027 1087
1087 1027
1027 1089
1089 1027
1027 1147
1147 1027
1028 1030
1030 1028
1028 1041
1041 1028
1028 1087
1087 1028
1028 1089
1089 1028
1028 1377
1377 1028
1029 1030
1030 1029
1029 1088
1088 1029
1029 1089
1089 1029
1030 1031
1031 1030
1030 1039
1039 1030
1030 1088
1088 1030
1030 1089
1089 1030
1030 1377
1377 1030
1031 1032
1032 1031
1031 1033
1033 1031
1031 1039
1039 1031
1031 1088
1088 1031
1031 1339
1339 1031
1032 1033
1033 1032
1032 1034
1034 1032
1032 1037
1037 1032
1032 1038
1038 1032
1032 1039
1039 1032
1033 1034
1034 1033
1033 1148
1148 1033
1033 1149
1149 1033
1033 1338
1338 1033
1033 1339
1339 1033
1034 1037
1037 1034
1034 1149
1149 1034
1034 1150
1150 1034
1035 1036
1036 1035
1035 1139
1139 1035
1035 1140
1140 1035
1035 1148
1148 1035
1035 1152
1152 1035
1035 1340
1340 1035
1035 1345
1345 1035
1035 1346
1346 1035
1035 1347
1347 1035
1036 1037
1037 1036
1036 1139
1139 1036
1036 1149
1149 1036
1036 1150
1150 1036
1036 1151
1151 1036
1036 1152
1152 1036
1037 1038
1038 1037
1037 1049
1049 1037
1037 1050
1050 1037
1037 1051
1051 1037
1037 1150
1150 1037
1037 1151
1151 1037
1038 1039
1039 1038
1038 1049
1049 1038
1038 1050
1050 1038
1038 1377
1377 1038
1039 1377
1377 1039
1040 1041
1041 1040
1040 1044
1044 1040
1040 1047
1047 1040
1040 1128
1128 1040
1040 1130
1130 1040
1040 1131
1131 1040
1040 1135
1135 1040
1040 1146
1146 1040
1040 1147
1147 1040
1040 1262
1262 1040
1040 1265
1265 1040
1041 1047
1047 1041
1041 1048
1048 1041
1041 1147
1147 1041
1041 1376
1376 1041
1041 1377
1377 1041
1042 1043
1043 1042
1042 1044
1044 1042
1042 1046
1046 1042
1042 1126
1126 1042
1042 1127
1127 1042
1042 1132
1132 1042
1042 1133
1133 1042
1043 1046
1046 1043
1043 1064
1064 1043
1043 1124
1124 1043
1043 1125
1125 1043
1043 1133
1133 1043
1043 1351
1351 1043
1043 1353
1353 1043
1044 1045
1045 1044
1044 1046
1046 1044
1044 1047
1047 1044
1044 1126
1126 1044
1044 1128
1128 1044
1044 1136
1136 1044
1045 1046
1046 1045
1045 1047
1047 1045
1045 1062
1062 1045
1045 1063
1063 1045
1045 1066
1066 1045
1046 1063
1063 1046
1046 1064
1064 1046
1047 1062
1062 1047
1047 1128
1128 1047
1047 1376
1376 1047
1048 1376
1376 1048
1048 1377
1377 1048
1048 1378
1378 1048
1048 1381
1381 1048
1049 1050
1050 1049
1049 1059
1059 1049
1049 1060
1060 1049
1049 1377
1377 1049
1049 1378
1378 1049
1050 1051
1051 1050
1050 1060
1060 1050
1051 1052
1052 1051
1051 1060
1060 1051
1051 1151
1151 1051
1051 1375
1375 1051
1052 1055
1055 1052
1052 1058
1058 1052
1052 1059
1059 1052
1052 1060
1060 1052
1052 1375
1375 1052
1053 1054
1054 1053
1053 1055
1055 1053
1053 1056
1056 1053
1053 1092
1092 1053
1053 1154
1154 1053
1053 1160
1160 1053
1053 1375
1375 1053
1054 1056
1056 1054
1054 1099
1099 1054
1054 1160
1160 1054
1054 1162
1162 1054
1055 1056
1056 1055
1055 1057
1057 1055
1055 1058
1058 1055
1055 1098
1098 1055
1055 1099
1099 1055
1055 1375
1375 1055
1056 1099
1099 1056
1057 1058
1058 1057
1057 1098
1098 1057
1058 1059
1059 1058
1058 1098
1098 1058
1058 1375
1375 1058
1059 1060
1060 1059
1059 1061
1061 1059
1059 1096
1096 1059
1059 1098
1098 1059
1059 1378
1378 1059
1061 1068
1068 1061
1061 1069
1069 1061
1061 1071
1071 1061
1061 1096
1096 1061
1061 1378
1378 1061
1061 1379
1379 1061
1062 1065
1065 1062
1062 1066
1066 1062
1062 1067
1067 1062
1062 1080
1080 1062
1062 1376
1376 1062
1063 1064
1064 1063
1063 1066
1066 1063
1063 1122
1122 1063
1063 1123
1123 1063
1063 1124
1124 1063
1064 1124
1124 1064
1065 1066
1066 1065
1065 1077
1077 1065
1065 1080
1080 1065
1066 1077
1077 1066
1066 1122
1122 1066
1067 1076
1076 1067
1067 1080
1080 1067
1067 1081
1081 1067
1067 1376
1376 1067
1067 1380
1380 1067
1068 1071
1071 1068
1068 1072
1072 1068
1068 1379
1379 1068
1068 1381
1381 1068
1069 1070
1070 1069
1069 1071
1071 1069
1069 1096
1096 1069
1070 1071
1071 1070
1070 1086
1086 1070
1070 1096
1096 1070
1070 1097
1097 1070
1070 1110
1110 1070
1071 1072
1072 1071
1071 1085
1085 1071
1071 1086
1086 1071
1072 1073
1073 1072
1072 1082
1082 1072
1072 1085
1085 1072
1072 1381
1381 1072
1073 1074
1074 1073
1073 1075
1075 1073
1073 1076
1076 1073
1073 1082
1082 1073
1073 1380
1380 1073
1073 1381
1381 1073
1074 1075
1075 1074
1074 1082
1082 1074
1074 1083
1083 1074
1074 1115
1115 1074
1075 1076
1076 1075
1075 1081
1081 1075
1075 1115
1115 1075
1075 1116
1116 1075
1076 1080
1080 1076
1076 1081
1081 1076
1076 1380
1380 1076
1077 1078
1078 1077
1077 1080
1080 1077
1077 1120
1120 1077
1077 1122
1122 1077
1078 1079
1079 1078
1078 1080
1080 1078
1078 1081
1081 1078
1078 1120
1120 1078
1078 1122
1122 1078
1079 1081
1081 1079
1079 1120
1120 1079
1079 1121
1121 1079
1079 1177
1177 1079
1079 1178
1178 1079
1080 1081
1081 1080
1081 1116
1116 1081
1081 1178
1178 1081
1082 1083
1083 1082
1082 1084
1084 1082
1082 1085
1085 1082
1083 1084
1084 1083
1083 1085
1085 1083
1083 1114
1114 1083
1083 1115
1115 1083
1083 1117
1117 1083
1083 1118
1118 1083
1083 1165
1165 1083
1084 1085
1085 1084
1084 1086
1086 1084
1084 1110
1110 1084
1084 1111
1111 1084
1084 1114
1114 1084
1085 1086
1086 1085
1086 1097
1097 1086
1086 1110
1110 1086
1087 1089
1089 1087
1087 1143
1143 1087
1087 1145
1145 1087
1087 1147
1147 1087
1088 1089
1089 1088
1088 1335
1335 1088
1088 1339
1339 1088
1089 1090
1090 1089
1089 1091
1091 1089
1089 1144
1144 1089
1089 1145
1145 1089
1089 1335
1335 1089
1090 1091
1091 1090
1090 1144
1144 1090
1090 1145
1145 1090
1090 1321
1321 1090
1090 1323
1323 1090
1090 1328
1328 1090
1090 1331
1331 1090
1091 1328
1328 1091
1091 1331
1331 1091
1091 1335
1335 1091
1092 1093
1093 1092
1092 1095
1095 1092
1092 1153
1153 1092
1092 1154
1154 1092
1092 1160
1160 1092
1093 1094
1094 1093
1093 1095
1095 1093
1093 1157
1157 1093
1093 1160
1160 1093
1094 1095
1095 1094
1094 1153
1153 1094
1094 1155
1155 1094
1094 1157
1157 1094
1095 1153
1153 1095
1095 1154
1154 1095
1096 1097
1097 1096
1096 1098
1098 1096
1096 1378
1378 1096
1097 1098
1098 1097
1097 1100
1100 1097
1097 1102
1102 1097
1097 1109
1109 1097
1097 1110
1110 1097
1098 1099
1099 1098
1098 1102
1102 1098
1098 1109
1109 1098
1098 1161
1161 1098
1099 1161
1161 1099
1099 1162
1162 1099
1100 1101
1101 1100
1100 1102
1102 1100
1100 1107
1107 1100
1100 1110
1110 1100
1100 1111
1111 1100
1100 1112
1112 1100
1101 1102
1102 1101
1101 1104
1104 1101
1101 1105
1105 1101
1101 1107
1107 1101
1101 1168
1168 1101
1102 1104
1104 1102
1102 1109
1109 1102
1102 1110
1110 1102
1103 1104
1104 1103
1103 1108
1108 1103
1103 1109
1109 1103
1103 1161
1161 1103
1103 1162
1162 1103
1103 1163
1163 1103
1103 1168
1168 1103
1104 1105
1105 1104
1104 1108
1108 1104
1104 1109
1109 1104
1104 1168
1168 1104
1105 1106
1106 1105
1105 1107
1107 1105
1105 1168
1168 1105
1105 1174
1174 1105
1106 1107
1107 1106
1106 1113
1113 1106
1106 1169
1169 1106
1106 1170
1170 1106
1106 1174
1174 1106
1107 1112
1112 1107
1107 1113
1113 1107
1108 1109
1109 1108
1109 1161
1161 1109
1110 1111
1111 1110
1111 1112
1112 1111
1111 1114
1114 1111
1111 1165
1165 1111
1112 1113
1113 1112
1112 1165
1165 1112
1113 1117
1117 1113
1113 1165
1165 1113
1113 1166
1166 1113
1113 1170
1170 1113
1114 1165
1165 1114
1115 1116
1116 1115
1115 1117
1117 1115
1115 1118
1118 1115
1116 1118
1118 1116
1116 1176
1176 1116
1116 1178
1178 1116
1117 1118
1118 1117
1117 1165
1165 1117
1117 1166
1166 1117
1118 1119
1119 1118
1118 1166
1166 1118
1118 1176
1176 1118
1118 1178
1178 1118
1118 1179
1179 1118
1119 1166
1166 1119
1119 1171
1171 1119
1119 1176
1176 1119
1119 1179
1179 1119
1119 1180
1180 1119
1119 1182
1182 1119
1119 1195
1195 1119
1120 1121
1121 1120
1120 1122
1122 1120
1120 1123
1123 1120
1120 1125
1125 1120
1121 1125
1125 1121
1121 1177
1177 1121
1122 1123
1123 1122
1123 1124
1124 1123
1123 1125
1125 1123
1124 1125
1125 1124
1125 1176
1176 1125
1125 1177
1177 1125
1125 1195
1195 1125
1125 1353
1353 1125
1126 1127
1127 1126
1126 1128
1128 1126
1126 1131
1131 1126
1126 1136
1136 1126
1127 1131
1131 1127
1127 1132
1132 1127
1127 1133
1133 1127
1127 1136
1136 1127
1128 1135
1135 1128
1128 1136
1136 1128
1129 1130
1130 1129
1129 1131
1131 1129
1129 1134
1134 1129
1129 1137
1137 1129
1129 1237
1237 1129
1129 1240
1240 1129
1129 1265
1265 1129
1129 1266
1266 1129
1129 1267
1267 1129
1129 1270
1270 1129
1129 1285
1285 1129
1129 1349
1349 1129
1130 1131
1131 1130
1130 1135
1135 1130
1130 1265
1265 1130
1130 1267
1267 1130
1131 1132
1132 1131
1131 1134
1134 1131
1131 1135
1135 1131
1131 1136
1136 1131
1132 1133
1133 1132
1132 1134
1134 1132
1133 1134
1134 1133
1133 1351
1351 1133
1134 1240
1240 1134
1134 1348
1348 1134
1134 1349
1349 1134
1134 1351
1351 1134
1135 1136
1136 1135
1137 1138
1138 1137
1137 1237
1237 1137
1137 1246
1246 1137
1137 1269
1269 1137
1137 1270
1270 1137
1137 1272
1272 1137
1137 1273
1273 1137
1137 1285
1285 1137
1138 1235
1235 1138
1138 1245
1245 1138
1138 1246
1246 1138
1138 1269
1269 1138
1138 1382
1382 1138
1139 1148
1148 1139
1139 1149
1149 1139
1140 1148
1148 1140
1140 1338
1338 1140
1140 1340
1340 1140
1141 1142
1142 1141
1141 1144
1144 1141
1141 1145
1145 1141
1141 1249
1249 1141
1141 1252
1252 1141
1141 1308
1308 1141
1142 1143
1143 1142
1142 1145
1145 1142
1142 1146
1146 1142
1142 1147
1147 1142
1142 1249
1249 1142
1142 1261
1261 1142
1143 1145
1145 1143
1143 1146
1146 1143
1143 1147
1147 1143
1144 1145
1145 1144
1144 1307
1307 1144
1144 1308
1308 1144
1144 1321
1321 1144
1144 1322
1322 1144
1144 1323
1323 1144
1145 1308
1308 1145
1146 1147
1147 1146
1146 1261
1261 1146
1146 1262
1262 1146
1148 1149
1149 1148
1148 1338
1338 1148
1149 1150
1150 1149
1151 1152
1152 1151
1151 1154
1154 1151
1151 1375
1375 1151
1152 1153
1153 1152
1152 1154
1154 1152
1152 1155
1155 1152
1152 1347
1347 1152
1153 1154
1154 1153
1153 1155
1155 1153
1153 1157
1157 1153
1154 1375
1375 1154
1155 1156
1156 1155
1155 1157
1157 1155
1155 1347
1347 1155
1156 1157
1157 1156
1156 1347
1347 1156
1157 1158
1158 1157
1157 1160
1160 1157
1158 1159
1159 1158
1158 1160
1160 1158
1158 1163
1163 1158
1158 1164
1164 1158
1158 1168
1168 1158
1159 1163
1163 1159
1159 1164
1164 1159
1160 1162
1162 1160
1160 1163
1163 1160
1160 1164
1164 1160
1161 1162
1162 1161
1162 1163
1163 1162
1162 1164
1164 1162
1162 1168
1168 1162
1163 1164
1164 1163
1163 1168
1168 1163
1166 1167
1167 1166
1166 1169
1169 1166
1166 1170
1170 1166
1166 1171
1171 1166
1167 1169
1169 1167
1167 1171
1171 1167
1167 1172
1172 1167
1167 1174
1174 1167
1167 1175
1175 1167
1168 1174
1174 1168
1168 1175
1175 1168
1169 1170
1170 1169
1169 1171
1171 1169
1169 1174
1174 1169
1171 1172
1172 1171
1171 1173
1173 1171
1171 1180
1180 1171
1171 1181
1181 1171
1172 1173
1173 1172
1173 1180
1180 1173
1173 1181
1181 1173
1174 1175
1175 1174
1176 1177
1177 1176
1176 1178
1178 1176
1176 1195
1195 1176
1177 1178
1178 1177
1177 1195
1195 1177
1180 1181
1181 1180
1180 1182
1182 1180
1181 1182
1182 1181
1182 1184
1184 1182
1182 1195
1195 1182
1182 1196
1196 1182
1182 1198
1198 1182
1183 1185
1185 1183
1183 1186
1186 1183
1183 1189
1189 1183
1183 1190
1190 1183
1183 1232
1232 1183
1184 1185
1185 1184
1184 1186
1186 1184
1184 1187
1187 1184
1184 1196
1196 1184
1185 1186
1186 1185
1185 1190
1190 1185
1185 1196
1196 1185
1185 1232
1232 1185
1186 1187
1187 1186
1186 1190
1190 1186
1187 1190
1190 1187
1188 1189
1189 1188
1188 1191
1191 1188
1188 1228
1228 1188
1188 1229
1229 1188
1188 1230
1230 1188
1188 1231
1231 1188
1189 1190
1190 1189
1189 1191
1191 1189
1189 1231
1231 1189
1189 1232
1232 1189
1190 1191
1191 1190
1190 1192
1192 1190
1191 1192
1192 1191
1191 1229
1229 1191
1191 1230
1230 1191
1193 1198
1198 1193
1193 1199
1199 1193
1193 1214
1214 1193
1193 1215
1215 1193
1193 1216
1216 1193
1194 1195
1195 1194
1194 1198
1198 1194
1194 1214
1214 1194
1194 1227
1227 1194
1194 1353
1353 1194
1194 1355
1355 1194
1195 1198
1198 1195
1195 1353
1353 1195
1195 1355
1355 1195
1196 1197
1197 1196
1196 1198
1198 1196
1196 1231
1231 1196
1196 1232
1232 1196
1197 1198
1198 1197
1197 1199
1199 1197
1197 1215
1215 1197
1197 1224
1224 1197
1197 1225
1225 1197
1197 1231
1231 1197
1198 1199
1199 1198
1198 1214
1214 1198
1198 1216
1216 1198
1199 1215
1215 1199
1199 1216
1216 1199
1200 1201
1201 1200
1200 1348
1348 1200
1200 1349
1349 1200
1200 1351
1351 1200
1200 1369
1369 1200
1200 1370
1370 1200
1201 1210
1210 1201
1201 1211
1211 1201
1201 1226
1226 1201
1201 1351
1351 1201
1201 1369
1369 1201
1201 1370
1370 1201
1202 1203
1203 1202
1202 1207
1207 1202
1202 1218
1218 1202
1202 1219
1219 1202
1202 1220
1220 1202
1202 1228
1228 1202
1202 1229
1229 1202
1203 1207
1207 1203
1203 1209
1209 1203
1203 1221
1221 1203
1203 1228
1228 1203
1204 1209
1209 1204
1204 1212
1212 1204
1204 1215
1215 1204
1204 1221
1221 1204
1204 1222
1222 1204
1204 1224
1224 1204
1204 1234
1234 1204
1205 1206
1206 1205
1205 1207
1207 1205
1205 1217
1217 1205
1205 1218
1218 1205
1205 1360
1360 1205
1205 1361
1361 1205
1205 1374
1374 1205
1206 1207
1207 1206
1206 1208
1208 1206
1206 1209
1209 1206
1206 1361
1361 1206
1206 1373
1373 1206
1206 1374
1374 1206
1207 1208
1208 1207
1207 1209
1209 1207
1207 1217
1217 1207
1207 1218
1218 1207
1207 1219
1219 1207
1207 1221
1221 1207
1208 1209
1209 1208
1208 1210
1210 1208
1208 1233
1233 1208
1208 1234
1234 1208
1208 1371
1371 1208
1208 1372
1372 1208
1208 1373
1373 1208
1208 1374
1374 1208
1209 1212
1212 1209
1209 1221
1221 1209
1209 1233
1233 1209
1209 1234
1234 1209
1210 1226
1226 1210
1210 1233
1233 1210
1210 1370
1370 1210
1210 1371
1371 1210
1210 1372
1372 1210
1211 1226
1226 1211
1211 1227
1227 1211
1211 1351
1351 1211
1211 1352
1352 1211
1211 1354
1354 1211
1212 1213
1213 1212
1212 1215
1215 1212
1212 1216
1216 1212
1212 1227
1227 1212
1212 1234
1234 1212
1213 1214
1214 1213
1213 1215
1215 1213
1213 1216
1216 1213
1213 1227
1227 1213
1214 1216
1216 1214
1214 1227
1227 1214
1214 1355
1355 1214
1215 1216
1216 1215
1215 1224
1224 1215
1217 1218
1218 1217
1217 1236
1236 1217
1217 1359
1359 1217
1217 1360
1360 1217
1217 1361
1361 1217
1218 1219
1219 1218
1219 1220
1220 1219
1220 1228
1228 1220
1220 1229
1229 1220
1221 1222
1222 1221
1221 1228
1228 1221
1222 1223
1223 1222
1222 1224
1224 1222
1222 1225
1225 1222
1222 1228
1228 1222
1223 1224
1224 1223
1223 1225
1225 1223
1223 1228
1228 1223
1223 1231
1231 1223
1224 1225
1225 1224
1225 1231
1231 1225
1226 1227
1227 1226
1226 1233
1233 1226
1226 1234
1234 1226
1226 1351
1351 1226
1227 1234
1234 1227
1227 1354
1354 1227
1227 1355
1355 1227
1228 1229
1229 1228
1228 1231
1231 1228
1229 1230
1230 1229
1231 1232
1232 1231
1233 1234
1234 1233
1235 1236
1236 1235
1235 1241
1241 1235
1235 1245
1245 1235
1235 1246
1246 1235
1235 1247
1247 1235
1235 1248
1248 1235
1236 1241
1241 1236
1236 1356
1356 1236
1236 1359
1359 1236
1236 1360
1360 1236
1236 1364
1364 1236
1236 1365
1365 1236
1237 1238
1238 1237
1237 1239
1239 1237
1237 1240
1240 1237
1237 1242
1242 1237
1237 1243
1243 1237
1237 1244
1244 1237
1237 1246
1246 1237
1238 1241
1241 1238
1238 1242
1242 1238
1238 1243
1243 1238
1238 1246
1246 1238
1238 1247
1247 1238
1239 1240
1240 1239
1239 1243
1243 1239
1239 1244
1244 1239
1239 1350
1350 1239
1239 1357
1357 1239
1239 1358
1358 1239
1240 1349
1349 1240
1240 1350
1350 1240
1240 1357
1357 1240
1241 1242
1242 1241
1241 1247
1247 1241
1241 1356
1356 1241
1242 1243
1243 1242
1242 1356
1356 1242
1242 1358
1358 1242
1243 1244
1244 1243
1243 1356
1356 1243
1243 1357
1357 1243
1243 1358
1358 1243
1245 1246
1246 1245
1245 1248
1248 1245
1246 1247
1247 1246
1246 1248
1248 1246
1247 1248
1248 1247
1249 1252
1252 1249
1249 1261
1261 1249
1250 1251
1251 1250
1250 1254
1254 1250
1250 1255
1255 1250
1250 1305
1305 1250
1250 1306
1306 1250
1250 1309
1309 1250
1250 1310
1310 1250
1251 1255
1255 1251
1251 1258
1258 1251
1251 1280
1280 1251
1251 1281
1281 1251
1251 1310
1310 1251
1251 1311
1311 1251
1252 1253
1253 1252
1252 1257
1257 1252
1252 1261
1261 1252
1252 1308
1308 1252
1253 1257
1257 1253
1253 1259
1259 1253
1253 1261
1261 1253
1253 1263
1263 1253
1253 1265
1265 1253
1253 1308
1308 1253
1254 1255
1255 1254
1254 1256
1256 1254
1254 1305
1305 1254
1254 1306
1306 1254
1254 1307
1307 1254
1255 1256
1256 1255
1255 1258
1258 1255
1256 1257
1257 1256
1256 1258
1258 1256
1256 1260
1260 1256
1256 1307
1307 1256
1256 1308
1308 1256
1257 1259
1259 1257
1257 1260
1260 1257
1257 1308
1308 1257
1258 1260
1260 1258
1258 1281
1281 1258
1258 1282
1282 1258
1258 1283
1283 1258
1259 1260
1260 1259
1259 1263
1263 1259
1259 1283
1283 1259
1260 1282
1282 1260
1260 1283
1283 1260
1261 1262
1262 1261
1261 1265
1265 1261
1262 1265
1265 1262
1263 1264
1264 1263
1263 1265
1265 1263
1263 1267
1267 1263
1263 1283
1283 1263
1264 1265
1265 1264
1264 1266
1266 1264
1264 1267
1267 1264
1264 1279
1279 1264
1264 1283
1283 1264
1265 1267
1267 1265
1266 1267
1267 1266
1266 1279
1279 1266
1266 1284
1284 1266
1266 1285
1285 1266
1268 1269
1269 1268
1268 1270
1270 1268
1268 1272
1272 1268
1268 1273
1273 1268
1268 1274
1274 1268
1268 1275
1275 1268
1268 1288
1288 1268
1268 1291
1291 1268
1268 1292
1292 1268
1269 1272
1272 1269
1269 1273
1273 1269
1269 1274
1274 1269
1269 1275
1275 1269
1269 1276
1276 1269
1269 1382
1382 1269
1270 1271
1271 1270
1270 1273
1273 1270
1270 1284
1284 1270
1270 1285
1285 1270
1270 1292
1292 1270
1271 1284
1284 1271
1271 1292
1292 1271
1271 1293
1293 1271
1272 1273
1273 1272
1273 1292
1292 1273
1274 1275
1275 1274
1274 1277
1277 1274
1274 1286
1286 1274
1274 1287
1287 1274
1274 1288
1288 1274
1274 1291
1291 1274
1275 1276
1276 1275
1275 1277
1277 1275
1275 1278
1278 1275
1276 1277
1277 1276
1276 1278
1278 1276
1276 1382
1382 1276
1277 1278
1278 1277
1277 1286
1286 1277
1277 1297
1297 1277
1277 1302
1302 1277
1278 1302
1302 1278
1278 1382
1382 1278
1279 1283
1283 1279
1279 1284
1284 1279
1279 1293
1293 1279
1280 1281
1281 1280
1280 1286
1286 1280
1280 1298
1298 1280
1280 1311
1311 1280
1280 1312
1312 1280
1280 1316
1316 1280
1280 1317
1317 1280
1280 1320
1320 1280
1281 1282
1282 1281
1281 1286
1286 1281
1281 1311
1311 1281
1282 1283
1283 1282
1282 1286
1286 1282
1282 1289
1289 1282
1282 1290
1290 1282
1282 1293
1293 1282
1283 1290
1290 1283
1283 1293
1293 1283
1284 1285
1285 1284
1284 1292
1292 1284
1284 1293
1293 1284
1286 1287
1287 1286
1286 1289
1289 1286
1286 1297
1297 1286
1286 1298
1298 1286
1286 1302
1302 1286
1287 1288
1288 1287
1287 1289
1289 1287
1287 1290
1290 1287
1288 1289
1289 1288
1288 1290
1290 1288
1288 1291
1291 1288
1288 1294
1294 1288
1289 1290
1290 1289
1290 1291
1291 1290
1290 1293
1293 1290
1290 1294
1294 1290
1291 1292
1292 1291
1291 1293
1293 1291
1291 1294
1294 1291
1292 1293
1293 1292
1292 1294
1294 1292
1293 1294
1294 1293
1295 1296
1296 1295
1295 1300
1300 1295
1295 1302
1302 1295
1295 1382
1382 1295
1296 1297
1297 1296
1296 1298
1298 1296
1296 1300
1300 1296
1296 1302
1302 1296
1296 1317
1317 1296
1297 1298
1298 1297
1297 1302
1302 1297
1298 1300
1300 1298
1298 1317
1317 1298
1299 1300
1300 1299
1299 1301
1301 1299
1299 1303
1303 1299
1299 1304
1304 1299
1299 1315
1315 1299
1299 1382
1382 1299
1300 1301
1301 1300
1300 1304
1304 1300
1300 1315
1315 1300
1300 1317
1317 1300
1300 1382
1382 1300
1301 1303
1303 1301
1301 1304
1304 1301
1301 1315
1315 1301
1302 1382
1382 1302
1303 1304
1304 1303
1305 1306
1306 1305
1305 1309
1309 1305
1305 1310
1310 1305
1305 1325
1325 1305
1306 1307
1307 1306
1306 1325
1325 1306
1307 1322
1322 1307
1307 1325
1325 1307
1309 1310
1310 1309
1309 1313
1313 1309
1309 1325
1325 1309
1309 1326
1326 1309
1310 1311
1311 1310
1310 1312
1312 1310
1310 1313
1313 1310
1311 1312
1312 1311
1312 1313
1313 1312
1312 1316
1316 1312
1312 1319
1319 1312
1312 1320
1320 1312
1313 1319
1319 1313
1313 1320
1320 1313
1313 1326
1326 1313
1314 1315
1315 1314
1314 1316
1316 1314
1314 1317
1317 1314
1314 1318
1318 1314
1314 1320
1320 1314
1315 1316
1316 1315
1315 1317
1317 1315
1316 1317
1317 1316
1316 1320
1320 1316
1318 1319
1319 1318
1318 1320
1320 1318
1318 1326
1326 1318
1318 1332
1332 1318
1318 1333
1333 1318
1318 1334
1334 1318
1319 1320
1320 1319
1319 1326
1326 1319
1319 1334
1334 1319
1321 1323
1323 1321
1321 1328
1328 1321
1321 1330
1330 1321
1322 1323
1323 1322
1322 1324
1324 1322
1322 1325
1325 1322
1323 1324
1324 1323
1323 1330
1330 1323
1324 1325
1325 1324
1324 1326
1326 1324
1324 1327
1327 1324
1324 1329
1329 1324
1324 1330
1330 1324
1325 1326
1326 1325
1326 1327
1327 1326
1326 1332
1332 1326
1326 1334
1334 1326
1327 1328
1328 1327
1327 1329
1329 1327
1327 1331
1331 1327
1327 1332
1332 1327
1327 1334
1334 1327
1328 1329
1329 1328
1328 1330
1330 1328
1328 1331
1331 1328
1329 1330
1330 1329
1331 1332
1332 1331
1331 1335
1335 1331
1331 1341
1341 1331
1332 1333
1333 1332
1332 1334
1334 1332
1333 1334
1334 1333
1335 1336
1336 1335
1335 1337
1337 1335
1335 1339
1339 1335
1335 1341
1341 1335
1335 1342
1342 1335
1336 1337
1337 1336
1336 1339
1339 1336
1336 1341
1341 1336
1336 1342
1342 1336
1337 1339
1339 1337
1338 1339
1339 1338
1338 1340
1340 1338
1339 1340
1340 1339
1339 1342
1342 1339
1340 1342
1342 1340
1340 1343
1343 1340
1340 1344
1344 1340
1340 1345
1345 1340
1341 1342
1342 1341
1341 1393
1393 1341
1342 1343
1343 1342
1342 1391
1391 1342
1342 1393
1393 1342
1343 1344
1344 1343
1343 1391
1391 1343
1344 1345
1345 1344
1345 1346
1346 1345
1346 1347
1347 1346
1348 1349
1349 1348
1348 1351
1351 1348
1349 1350
1350 1349
1349 1369
1369 1349
1350 1357
1357 1350
1350 1366
1366 1350
1350 1367
1367 1350
1350 1368
1368 1350
1350 1369
1369 1350
1351 1352
1352 1351
1351 1353
1353 1351
1352 1353
1353 1352
1352 1354
1354 1352
1353 1354
1354 1353
1353 1355
1355 1353
1354 1355
1355 1354
1356 1358
1358 1356
1356 1365
1365 1356
1356 1366
1366 1356
1356 1367
1367 1356
1357 1358
1358 1357
1357 1366
1366 1357
1358 1366
1366 1358
1359 1360
1360 1359
1360 1361
1361 1360
1360 1362
1362 1360
1360 1363
1363 1360
1360 1364
1364 1360
1360 1365
1365 1360
1361 1362
1362 1361
1361 1374
1374 1361
1362 1363
1363 1362
1362 1365
1365 1362
1362 1374
1374 1362
1363 1364
1364 1363
1363 1365
1365 1363
1363 1374
1374 1363
1364 1365
1365 1364
1365 1366
1366 1365
1365 1367
1367 1365
1365 1368
1368 1365
1365 1373
1373 1365
1365 1374
1374 1365
1366 1367
1367 1366
1367 1368
1368 1367
1368 1369
1369 1368
1368 1370
1370 1368
1368 1371
1371 1368
1368 1372
1372 1368
1368 1373
1373 1368
1368 1374
1374 1368
1369 1370
1370 1369
1369 1371
1371 1369
1370 1371
1371 1370
1371 1372
1372 1371
1372 1373
1373 1372
1373 1374
1374 1373
1376 1378
1378 1376
1376 1380
1380 1376
1376 1381
1381 1376
1377 1378
1378 1377
1378 1379
1379 1378
1378 1381
1381 1378
1379 1381
1381 1379
1380 1381
1381 1380
1383 1384
1384 1383
1383 1385
1385 1383
1383 1386
1386 1383
1383 1387
1387 1383
1383 1390
1390 1383
1384 1385
1385 1384
1384 1387
1387 1384
1384 1389
1389 1384
1384 1390
1390 1384
1384 1391
1391 1384
1384 1392
1392 1384
1386 1387
1387 1386
1387 1388
1388 1387
1387 1390
1390 1387
1388 1389
1389 1388
1388 1390
1390 1388
1388 1391
1391 1388
1389 1390
1390 1389
1389 1391
1391 1389
1391 1392
1392 1391
1391 1393
1393 1391
1392 1393
1393 1392
