0 2
2 0
0 6
6 0
0 12
12 0
0 15
15 0
0 19
19 0
1 7
7 1
1 11
11 1
1 13
13 1
1 18
18 1
2 3
3 2
2 6
6 2
2 14
14 2
2 15
15 2
2 40
40 2
3 5
5 3
3 14
14 3
3 15
15 3
3 19
19 3
4 10
10 4
4 17
17 4
4 18
18 4
4 20
20 4
5 8
8 5
5 13
13 5
5 14
14 5
5 16
16 5
5 19
19 5
5 22
22 5
5 23
23 5
6 12
12 6
6 15
15 6
6 40
40 6
6 96
96 6
6 104
104 6
7 9
9 7
7 10
10 7
7 11
11 7
7 13
13 7
7 16
16 7
8 13
13 8
8 23
23 8
8 64
64 8
9 10
10 9
9 11
11 9
9 16
16 9
10 11
11 10
10 12
12 10
10 16
16 10
10 17
17 10
10 19
19 10
10 20
20 10
11 13
13 11
11 17
17 11
11 18
18 11
12 19
19 12
13 16
16 13
14 22
22 14
14 40
40 14
15 19
19 15
16 19
19 16
17 18
18 17
17 20
20 17
21 25
25 21
21 29
29 21
21 31
31 21
21 41
41 21
21 51
51 21
21 53
53 21
21 86
86 21
22 23
23 22
22 24
24 22
22 35
35 22
22 40
40 22
22 44
44 22
23 24
24 23
23 42
42 23
23 64
64 23
24 42
42 24
24 44
44 24
24 64
64 24
24 70
70 24
25 27
27 25
25 31
31 25
25 41
41 25
25 103
103 25
25 109
109 25
26 28
28 26
26 31
31 26
26 34
34 26
26 36
36 26
26 37
37 26
26 98
98 26
27 29
29 27
27 33
33 27
27 41
41 27
28 34
34 28
28 37
37 28
28 38
38 28
28 57
57 28
28 71
71 28
29 33
33 29
29 41
41 29
29 86
86 29
30 31
31 30
30 36
36 30
30 39
39 30
30 98
98 30
31 36
36 31
31 37
37 31
31 51
51 31
31 71
71 31
31 98
98 31
31 109
109 31
32 34
34 32
32 35
35 32
32 38
38 32
32 44
44 32
32 46
46 32
32 57
57 32
33 86
86 33
34 35
35 34
34 36
36 34
34 38
38 34
35 36
36 35
35 40
40 35
35 44
44 35
36 39
39 36
36 40
40 36
37 71
71 37
38 57
57 38
39 40
40 39
39 98
98 39
39 104
104 39
40 104
104 40
42 47
47 42
42 50
50 42
42 64
64 42
42 70
70 42
43 48
48 43
43 49
49 43
43 52
52 43
43 56
56 43
43 66
66 43
44 46
46 44
44 70
70 44
45 52
52 45
45 55
55 45
45 56
56 45
45 61
61 45
45 62
62 45
45 63
63 45
45 112
112 45
46 47
47 46
46 57
57 46
46 60
60 46
46 68
68 46
46 70
70 46
47 50
50 47
47 54
54 47
47 58
58 47
47 68
68 47
47 70
70 47
48 49
49 48
48 59
59 48
48 66
66 48
48 67
67 48
48 69
69 48
49 56
56 49
49 67
67 49
49 77
77 49
50 58
58 50
50 64
64 50
50 113
113 50
50 116
116 50
51 53
53 51
51 59
59 51
51 69
69 51
51 71
71 51
52 55
55 52
52 56
56 52
52 66
66 52
53 59
59 53
53 67
67 53
53 86
86 53
54 58
58 54
54 61
61 54
54 62
62 54
54 65
65 54
54 68
68 54
55 60
60 55
55 61
61 55
55 66
66 55
55 68
68 55
56 77
77 56
56 82
82 56
56 112
112 56
56 121
121 56
56 123
123 56
56 128
128 56
57 60
60 57
57 66
66 57
57 69
69 57
57 71
71 57
58 65
65 58
58 113
113 58
59 67
67 59
59 69
69 59
60 66
66 60
60 68
68 60
61 62
62 61
61 68
68 61
62 63
63 62
62 65
65 62
63 65
65 63
63 112
112 63
63 113
113 63
63 127
127 63
64 116
116 64
65 113
113 65
66 69
69 66
67 77
77 67
67 86
86 67
67 87
87 67
69 71
71 69
72 73
73 72
72 78
78 72
72 90
90 72
73 78
78 73
73 81
81 73
74 76
76 74
74 84
84 74
74 93
93 74
75 78
78 75
75 85
85 75
75 88
88 75
76 82
82 76
76 83
83 76
76 93
93 76
77 82
82 77
77 83
83 77
77 87
87 77
78 81
81 78
78 88
88 78
79 83
83 79
79 84
84 79
79 87
87 79
79 91
91 79
79 93
93 79
80 90
90 80
81 88
88 81
82 83
83 82
82 123
123 82
83 87
87 83
83 93
93 83
84 89
89 84
84 90
90 84
84 91
91 84
84 93
93 84
85 88
88 85
86 87
87 86
86 89
89 86
86 92
92 86
87 89
89 87
87 91
91 87
89 91
91 89
89 92
92 89
94 95
95 94
94 99
99 94
94 100
100 94
94 103
103 94
95 99
99 95
95 100
100 95
95 102
102 95
95 107
107 95
96 98
98 96
96 102
102 96
96 104
104 96
96 105
105 96
96 106
106 96
96 107
107 96
97 99
99 97
97 101
101 97
98 104
104 98
98 106
106 98
98 108
108 98
98 109
109 98
99 100
100 99
99 101
101 99
99 102
102 99
100 103
103 100
100 107
107 100
100 109
109 100
102 105
105 102
102 107
107 102
103 109
109 103
105 107
107 105
106 107
107 106
106 108
108 106
107 108
108 107
107 109
109 107
108 109
109 108
110 113
113 110
110 114
114 110
110 125
125 110
110 126
126 110
110 127
127 110
111 112
112 111
111 115
115 111
111 120
120 111
111 121
121 111
111 128
128 111
111 129
129 111
111 130
130 111
112 115
115 112
112 124
124 112
112 126
126 112
112 127
127 112
112 128
128 112
113 114
114 113
113 116
116 113
113 127
127 113
114 116
116 114
114 118
118 114
114 125
125 114
115 124
124 115
115 129
129 115
117 119
119 117
117 122
122 117
117 125
125 117
117 129
129 117
117 131
131 117
118 125
125 118
118 131
131 118
119 122
122 119
119 131
131 119
120 122
122 120
120 129
129 120
120 130
130 120
121 123
123 121
121 128
128 121
121 130
130 121
122 129
129 122
123 130
130 123
124 126
126 124
124 129
129 124
125 126
126 125
125 129
129 125
125 131
131 125
126 127
127 126
126 129
129 126
