0 1
1 0
0 2
2 0
0 108
108 0
0 109
109 0
0 138
138 0
1 2
2 1
1 5
5 1
1 108
108 1
1 1091
1091 1
2 3
3 2
2 5
5 2
3 4
4 3
3 5
5 3
4 5
5 4
4 1094
1094 4
5 1091
1091 5
5 1094
1094 5
6 7
7 6
6 8
8 6
6 9
9 6
6 139
139 6
6 553
553 6
7 8
8 7
7 17
17 7
7 18
18 7
7 19
19 7
7 139
139 7
7 142
142 7
8 9
9 8
8 10
10 8
8 15
15 8
8 16
16 8
8 17
17 8
9 10
10 9
9 15
15 9
9 505
505 9
9 553
553 9
10 11
11 10
10 13
13 10
10 15
15 10
10 475
475 10
10 505
505 10
10 553
553 10
11 12
12 11
11 13
13 11
11 475
475 11
12 13
13 12
12 14
14 12
12 28
28 12
12 29
29 12
12 72
72 12
12 73
73 12
12 123
123 12
12 475
475 12
13 14
14 13
13 15
15 13
13 16
16 13
14 15
15 14
14 16
16 14
14 17
17 14
14 18
18 14
14 23
23 14
14 28
28 14
14 29
29 14
15 16
16 15
16 17
17 16
17 18
18 17
18 19
19 18
18 20
20 18
18 21
21 18
18 23
23 18
19 20
20 19
19 21
21 19
19 25
25 19
19 142
142 19
19 147
147 19
19 175
175 19
19 177
177 19
20 21
21 20
20 22
22 20
20 24
24 20
20 25
25 20
20 26
26 20
21 22
22 21
21 23
23 21
22 23
23 22
22 24
24 22
23 24
24 23
23 28
28 23
24 26
26 24
24 27
27 24
24 28
28 24
25 26
26 25
25 27
27 25
25 175
175 25
25 177
177 25
26 27
27 26
26 28
28 26
27 28
28 27
27 32
32 27
27 34
34 27
27 51
51 27
27 52
52 27
27 177
177 27
27 178
178 27
28 29
29 28
28 32
32 28
28 34
34 28
29 30
30 29
29 31
31 29
29 32
32 29
29 73
73 29
29 123
123 29
29 136
136 29
30 31
31 30
30 35
35 30
30 36
36 30
30 37
37 30
30 137
137 30
31 32
32 31
31 33
33 31
31 34
34 31
31 35
35 31
31 36
36 31
32 33
33 32
32 34
34 32
33 34
34 33
33 35
35 33
34 35
35 34
34 41
41 34
34 51
51 34
35 36
36 35
35 39
39 35
35 40
40 35
35 41
41 35
36 37
37 36
36 38
38 36
36 39
39 36
37 38
38 37
37 39
39 37
37 1007
1007 37
37 1008
1008 37
38 39
39 38
38 40
40 38
38 55
55 38
38 1008
1008 38
38 1013
1013 38
39 40
40 39
39 55
55 39
40 41
41 40
40 44
44 40
40 55
55 40
41 42
42 41
41 44
44 41
41 46
46 41
41 47
47 41
41 50
50 41
41 51
51 41
41 55
55 41
42 43
43 42
42 44
44 42
42 46
46 42
43 44
44 43
43 45
45 43
43 46
46 43
44 45
45 44
44 52
52 44
44 55
55 44
45 46
46 45
45 48
48 45
45 49
49 45
45 52
52 45
46 47
47 46
46 48
48 46
47 48
48 47
47 50
50 47
47 51
51 47
48 49
49 48
48 50
50 48
49 50
50 49
49 52
52 49
50 51
51 50
50 52
52 50
51 52
52 51
52 53
53 52
52 54
54 52
52 55
55 52
52 56
56 52
52 178
178 52
52 203
203 52
52 205
205 52
53 54
54 53
53 55
55 53
54 55
55 54
54 56
56 54
55 56
56 55
55 1008
1008 55
55 1013
1013 55
55 1016
1016 55
56 205
205 56
56 1016
1016 56
57 58
58 57
57 59
59 57
57 362
362 57
57 365
365 57
57 366
366 57
57 1001
1001 57
57 1002
1002 57
57 1003
1003 57
58 59
59 58
58 61
61 58
58 62
62 58
58 365
365 58
58 366
366 58
58 373
373 58
58 374
374 58
58 381
381 58
59 60
60 59
59 61
61 59
59 1002
1002 59
59 1003
1003 59
59 1005
1005 59
60 61
61 60
60 63
63 60
60 181
181 60
60 205
205 60
60 1005
1005 60
61 62
62 61
61 181
181 61
62 158
158 62
62 159
159 62
62 160
160 62
62 181
181 62
62 381
381 62
62 533
533 62
62 534
534 62
62 551
551 62
63 205
205 63
64 65
65 64
64 66
66 64
64 72
72 64
64 469
469 64
64 474
474 64
64 475
475 64
65 66
66 65
65 72
72 65
66 67
67 66
66 72
72 66
66 469
469 66
66 474
474 66
67 68
68 67
67 71
71 67
67 72
72 67
67 469
469 67
68 69
69 68
68 70
70 68
68 71
71 68
68 469
469 68
68 470
470 68
69 70
70 69
69 78
78 69
69 79
79 69
69 80
80 69
69 87
87 69
69 470
470 69
70 71
71 70
70 72
72 70
70 77
77 70
70 78
78 70
70 79
79 70
71 72
72 71
72 73
73 72
72 74
74 72
72 75
75 72
72 77
77 72
72 474
474 72
72 475
475 72
73 74
74 73
73 75
75 73
73 122
122 73
73 123
123 73
74 75
75 74
74 76
76 74
74 77
77 74
74 120
120 74
74 122
122 74
76 77
77 76
76 78
78 76
76 82
82 76
76 83
83 76
76 120
120 76
77 78
78 77
78 79
79 78
78 80
80 78
78 81
81 78
78 82
82 78
78 83
83 78
79 80
80 79
80 81
81 80
80 82
82 80
80 87
87 80
81 82
82 81
81 86
86 81
81 87
87 81
82 83
83 82
82 85
85 82
82 86
86 82
83 85
85 83
83 120
120 83
84 85
85 84
84 86
86 84
84 91
91 84
84 116
116 84
84 117
117 84
84 118
118 84
85 86
86 85
85 118
118 85
85 120
120 85
86 87
87 86
86 89
89 86
86 91
91 86
87 88
88 87
87 89
89 87
87 90
90 87
87 91
91 87
87 470
470 87
87 696
696 87
87 738
738 87
88 89
89 88
88 90
90 88
88 696
696 88
88 738
738 88
88 741
741 88
88 742
742 88
88 746
746 88
89 90
90 89
89 91
91 89
89 92
92 89
89 93
93 89
89 94
94 89
89 95
95 89
89 742
742 89
89 746
746 89
91 92
92 91
91 101
101 91
91 116
116 91
91 117
117 91
92 94
94 92
92 100
100 92
92 101
101 92
92 116
116 92
93 94
94 93
93 95
95 93
93 99
99 93
93 100
100 93
94 99
99 94
94 100
100 94
94 101
101 94
95 96
96 95
95 99
99 95
95 746
746 95
95 747
747 95
95 748
748 95
96 97
97 96
96 98
98 96
96 99
99 96
96 747
747 96
96 748
748 96
96 750
750 96
97 98
98 97
97 102
102 97
97 104
104 97
97 748
748 97
97 750
750 97
97 752
752 97
98 99
99 98
98 102
102 98
99 100
100 99
99 102
102 99
100 101
101 100
100 102
102 100
101 102
102 101
101 115
115 101
101 116
116 101
102 104
104 102
102 105
105 102
102 107
107 102
102 110
110 102
102 111
111 102
102 113
113 102
102 114
114 102
102 115
115 102
103 104
104 103
103 105
105 103
103 106
106 103
103 107
107 103
103 759
759 103
103 760
760 103
103 762
762 103
103 764
764 103
104 105
105 104
104 750
750 104
104 752
752 104
104 753
753 104
104 755
755 104
104 759
759 104
105 107
107 105
105 110
110 105
106 107
107 106
106 108
108 106
106 109
109 106
106 110
110 106
106 762
762 106
106 764
764 106
106 895
895 106
106 1090
1090 106
107 110
110 107
108 109
109 108
108 110
110 108
108 1090
1090 108
108 1091
1091 108
109 110
110 109
109 131
131 109
109 134
134 109
109 135
135 109
109 138
138 109
110 111
111 110
110 112
112 110
110 114
114 110
110 128
128 110
110 130
130 110
110 131
131 110
110 134
134 110
111 112
112 111
111 113
113 111
112 113
113 112
112 114
114 112
113 114
114 113
113 115
115 113
114 115
115 114
114 128
128 114
114 130
130 114
115 116
116 115
115 121
121 115
115 125
125 115
115 128
128 115
116 117
117 116
116 119
119 116
116 121
121 116
117 118
118 117
117 119
119 117
118 119
119 118
118 120
120 118
119 120
120 119
119 121
121 119
120 121
121 120
120 122
122 120
121 122
122 121
121 123
123 121
121 125
125 121
121 128
128 121
122 123
123 122
123 125
125 123
123 136
136 123
124 125
125 124
124 126
126 124
124 127
127 124
124 128
128 124
125 126
126 125
125 128
128 125
125 136
136 125
126 127
127 126
126 136
136 126
127 128
128 127
127 132
132 127
127 136
136 127
128 129
129 128
128 130
130 128
128 132
132 128
128 136
136 128
129 130
130 129
129 131
131 129
129 132
132 129
130 131
131 130
131 132
132 131
131 133
133 131
131 134
134 131
132 133
133 132
132 136
136 132
133 134
134 133
133 135
135 133
133 136
136 133
134 135
135 134
134 136
136 134
135 136
136 135
135 137
137 135
135 138
138 135
136 137
137 136
137 138
138 137
139 140
140 139
139 141
141 139
139 142
142 139
139 553
553 139
139 558
558 139
139 560
560 139
140 141
141 140
140 143
143 140
140 144
144 140
140 146
146 140
140 558
558 140
140 560
560 140
140 561
561 140
140 562
562 140
141 142
142 141
141 143
143 141
142 143
143 142
142 147
147 142
143 144
144 143
143 146
146 143
143 147
147 143
144 145
145 144
144 146
146 144
144 148
148 144
144 526
526 144
144 562
562 144
145 146
146 145
145 147
147 145
145 148
148 145
146 147
147 146
147 148
148 147
147 149
149 147
147 150
150 147
147 174
174 147
147 175
175 147
148 149
149 148
148 152
152 148
148 153
153 148
148 154
154 148
148 155
155 148
148 526
526 148
148 562
562 148
149 150
150 149
149 152
152 149
149 154
154 149
150 151
151 150
150 152
152 150
150 161
161 150
150 174
174 150
151 152
152 151
151 159
159 151
151 160
160 151
151 161
161 151
152 154
154 152
152 159
159 152
152 160
160 152
153 154
154 153
153 155
155 153
153 156
156 153
153 158
158 153
154 158
158 154
154 159
159 154
155 156
156 155
155 157
157 155
155 526
526 155
155 527
527 155
156 157
157 156
156 158
158 156
157 158
158 157
157 527
527 157
157 530
530 157
157 532
532 157
157 533
533 157
158 159
159 158
158 533
533 158
159 160
160 159
160 161
161 160
160 181
181 160
161 162
162 161
161 163
163 161
161 166
166 161
161 167
167 161
161 168
168 161
161 172
172 161
161 173
173 161
161 174
174 161
161 181
181 161
161 204
204 161
162 163
163 162
162 164
164 162
162 181
181 162
162 204
204 162
163 164
164 163
163 166
166 163
164 165
165 164
164 166
166 164
164 204
204 164
165 166
166 165
165 204
204 165
166 204
204 166
167 168
168 167
167 169
169 167
167 204
204 167
168 169
169 168
168 171
171 168
168 172
172 168
168 204
204 168
169 170
170 169
169 171
171 169
169 180
180 169
169 204
204 169
170 171
171 170
170 173
173 170
170 180
180 170
171 172
172 171
171 173
173 171
172 173
173 172
172 174
174 172
173 174
174 173
173 178
178 173
173 179
179 173
173 180
180 173
174 175
175 174
174 176
176 174
174 177
177 174
174 178
178 174
175 177
177 175
176 177
177 176
176 178
178 176
177 178
178 177
178 179
179 178
178 180
180 178
178 202
202 178
178 203
203 178
179 180
180 179
180 181
181 180
180 202
202 180
180 204
204 180
181 182
182 181
181 183
183 181
181 202
202 181
181 204
204 181
181 205
205 181
182 183
183 182
182 184
184 182
182 185
185 182
182 187
187 182
182 188
188 182
182 194
194 182
182 195
195 182
182 200
200 182
182 202
202 182
183 184
184 183
183 185
185 183
183 186
186 183
183 190
190 183
183 191
191 183
183 192
192 183
183 197
197 183
183 205
205 183
184 185
185 184
185 186
186 185
185 187
187 185
186 187
187 186
186 189
189 186
186 190
190 186
187 188
188 187
187 189
189 187
188 189
189 188
188 193
193 188
188 194
194 188
189 190
190 189
189 191
191 189
189 193
193 189
190 191
191 190
191 192
192 191
191 193
193 191
192 193
193 192
192 196
196 192
192 197
197 192
193 194
194 193
193 195
195 193
193 196
196 193
194 195
195 194
195 196
196 195
195 200
200 195
196 197
197 196
196 198
198 196
196 200
200 196
197 198
198 197
197 205
205 197
198 199
199 198
198 200
200 198
198 201
201 198
198 205
205 198
199 200
200 199
199 201
201 199
200 201
201 200
200 202
202 200
201 202
202 201
201 205
205 201
202 203
203 202
202 204
204 202
202 205
205 202
203 205
205 203
206 207
207 206
206 218
218 206
206 223
223 206
206 382
382 206
206 383
383 206
206 404
404 206
206 406
406 206
206 563
563 206
206 569
569 206
206 765
765 206
207 217
217 207
207 218
218 207
207 223
223 207
207 382
382 207
208 209
209 208
208 212
212 208
208 223
223 208
208 767
767 208
208 782
782 208
209 210
210 209
209 211
211 209
209 212
212 209
209 782
782 209
210 211
211 210
210 227
227 210
210 782
782 210
210 812
812 210
211 212
212 211
211 226
226 211
211 227
227 211
212 213
213 212
212 214
214 212
212 215
215 212
212 223
223 212
212 226
226 212
212 261
261 212
213 214
214 213
213 216
216 213
213 226
226 213
213 261
261 213
213 262
262 213
214 215
215 214
214 216
216 214
215 216
216 215
215 217
217 215
215 221
221 215
215 223
223 215
215 224
224 215
216 221
221 216
216 261
261 216
216 262
262 216
217 218
218 217
217 219
219 217
217 220
220 217
217 221
221 217
217 223
223 217
217 224
224 217
218 219
219 218
218 220
220 218
218 223
223 218
218 225
225 218
218 382
382 218
218 385
385 218
218 386
386 218
219 220
220 219
219 224
224 219
219 225
225 219
220 222
222 220
220 224
224 220
221 224
224 221
221 262
262 221
221 269
269 221
221 288
288 221
222 224
224 222
223 765
765 223
223 767
767 223
224 225
225 224
224 269
269 224
224 288
288 224
224 289
289 224
224 302
302 224
225 289
289 225
225 302
302 225
225 304
304 225
225 305
305 225
225 385
385 225
225 386
386 225
225 391
391 225
225 392
392 225
225 395
395 225
225 465
465 225
226 227
227 226
226 228
228 226
226 232
232 226
226 233
233 226
226 261
261 226
226 264
264 226
227 228
228 227
227 230
230 227
227 232
232 227
227 782
782 227
227 812
812 227
227 813
813 227
228 229
229 228
228 230
230 228
228 232
232 228
229 230
230 229
229 231
231 229
229 232
232 229
230 231
231 230
230 238
238 230
230 239
239 230
230 812
812 230
230 813
813 230
230 814
814 230
230 816
816 230
231 232
232 231
231 236
236 231
231 238
238 231
232 233
233 232
232 234
234 232
232 235
235 232
232 236
236 232
232 238
238 232
233 234
234 233
233 261
261 233
233 264
264 233
233 265
265 233
234 235
235 234
234 245
245 234
234 265
265 234
234 277
277 234
235 236
236 235
235 243
243 235
235 244
244 235
235 245
245 235
236 237
237 236
236 238
238 236
236 242
242 236
236 243
243 236
236 244
244 236
237 238
238 237
237 239
239 237
237 240
240 237
237 241
241 237
237 242
242 237
237 243
243 237
238 239
239 238
238 240
240 238
239 240
240 239
239 814
814 239
239 816
816 239
240 241
241 240
240 242
242 240
240 816
816 240
240 844
844 240
241 242
242 241
241 249
249 241
241 816
816 241
241 844
844 241
241 846
846 241
241 847
847 241
242 243
243 242
242 248
248 242
242 249
249 242
243 244
244 243
243 248
248 243
243 249
249 243
244 245
245 244
244 246
246 244
244 248
248 244
245 246
246 245
245 265
265 245
245 277
277 245
246 247
247 246
246 248
248 246
246 277
277 246
247 248
248 247
247 258
258 247
247 259
259 247
247 277
277 247
247 281
281 247
248 249
249 248
248 250
250 248
248 256
256 248
248 257
257 248
248 259
259 248
249 250
250 249
249 253
253 249
249 256
256 249
249 846
846 249
249 847
847 249
249 848
848 249
250 252
252 250
250 253
253 250
250 256
256 250
251 252
252 251
251 253
253 251
251 254
254 251
251 848
848 251
252 253
253 252
252 254
254 252
252 255
255 252
252 256
256 252
253 847
847 253
253 848
848 253
254 255
255 254
254 256
256 254
254 308
308 254
254 326
326 254
254 848
848 254
254 903
903 254
255 256
256 255
255 257
257 255
255 260
260 255
255 282
282 255
255 308
308 255
255 326
326 255
255 327
327 255
256 257
257 256
257 258
258 257
257 259
259 257
257 260
260 257
258 259
259 258
258 260
260 258
258 281
281 258
258 282
282 258
260 281
281 260
260 282
282 260
261 262
262 261
261 264
264 261
262 263
263 262
262 264
264 262
262 266
266 262
262 268
268 262
262 269
269 262
263 264
264 263
263 266
266 263
263 268
268 263
264 265
265 264
264 266
266 264
265 266
266 265
265 267
267 265
265 276
276 265
265 277
277 265
266 267
267 266
266 268
268 266
267 268
268 267
267 273
273 267
267 274
274 267
267 275
275 267
267 276
276 267
267 277
277 267
268 269
269 268
268 270
270 268
268 273
273 268
268 274
274 268
269 270
270 269
269 271
271 269
269 288
288 269
270 271
271 270
270 272
272 270
270 273
273 270
271 272
272 271
271 273
273 271
271 283
283 271
271 285
285 271
271 288
288 271
272 273
273 272
272 279
279 272
272 280
280 272
272 282
282 272
272 283
283 272
273 274
274 273
273 279
279 273
274 275
275 274
274 276
276 274
274 278
278 274
274 279
279 274
275 276
276 275
275 278
278 275
276 277
277 276
276 278
278 276
277 278
278 277
277 280
280 277
277 281
281 277
278 279
279 278
278 280
280 278
278 281
281 278
279 280
280 279
280 281
281 280
280 282
282 280
280 283
283 280
281 282
282 281
282 283
283 282
282 326
326 282
282 327
327 282
282 328
328 282
282 329
329 282
282 332
332 282
283 284
284 283
283 285
285 283
283 288
288 283
283 332
332 283
283 353
353 283
284 285
285 284
284 353
353 284
284 355
355 284
285 286
286 285
285 287
287 285
285 288
288 285
285 293
293 285
285 294
294 285
285 295
295 285
285 353
353 285
285 355
355 285
285 356
356 285
286 287
287 286
286 293
293 286
287 288
288 287
287 291
291 287
287 293
293 287
288 289
289 288
288 290
290 288
288 291
291 288
288 293
293 288
289 290
290 289
289 291
291 289
289 301
301 289
289 302
302 289
290 291
291 290
291 292
292 291
291 293
293 291
291 300
300 291
291 301
301 291
291 302
302 291
291 359
359 291
292 293
293 292
292 294
294 292
292 297
297 292
292 300
300 292
293 294
294 293
293 297
297 293
294 295
295 294
294 296
296 294
294 297
297 294
295 296
296 295
295 355
355 295
295 356
356 295
296 297
297 296
296 298
298 296
296 356
356 296
296 358
358 296
297 298
298 297
297 299
299 297
297 300
300 297
298 299
299 298
298 356
356 298
298 358
358 298
298 359
359 298
299 300
300 299
299 359
359 299
300 301
301 300
300 359
359 300
301 302
302 301
301 303
303 301
301 307
307 301
301 359
359 301
301 464
464 301
302 303
303 302
302 304
304 302
303 304
304 303
303 305
305 303
303 306
306 303
303 307
307 303
304 305
305 304
305 306
306 305
305 307
307 305
305 465
465 305
306 307
307 306
307 464
464 307
307 465
465 307
308 309
309 308
308 311
311 308
308 312
312 308
308 326
326 308
308 848
848 308
308 903
903 308
308 904
904 308
309 310
310 309
309 311
311 309
309 313
313 309
309 314
314 309
309 315
315 309
309 316
316 309
309 326
326 309
309 991
991 309
310 311
311 310
310 312
312 310
310 314
314 310
311 312
312 311
312 314
314 312
312 903
903 312
312 904
904 312
312 905
905 312
313 314
314 313
313 315
315 313
313 905
905 313
313 906
906 313
313 947
947 313
314 904
904 314
314 905
905 314
314 906
906 314
315 316
316 315
315 323
323 315
315 324
324 315
315 906
906 315
315 946
946 315
315 947
947 315
315 948
948 315
316 317
317 316
316 319
319 316
316 322
322 316
316 323
323 316
316 324
324 316
316 991
991 316
317 318
318 317
317 319
319 317
317 326
326 317
317 991
991 317
317 1042
1042 317
318 326
326 318
318 334
334 318
318 335
335 318
318 340
340 318
318 991
991 318
318 1042
1042 318
319 320
320 319
319 321
321 319
319 322
322 319
319 325
325 319
319 1042
1042 319
320 321
321 320
320 322
322 320
320 323
323 320
320 325
325 320
321 322
322 321
322 323
323 322
323 324
324 323
323 325
325 323
324 325
325 324
324 946
946 324
324 948
948 324
324 950
950 324
324 977
977 324
324 978
978 324
325 978
978 325
325 1034
1034 325
325 1040
1040 325
325 1041
1041 325
325 1042
1042 325
326 327
327 326
326 334
334 326
326 335
335 326
326 991
991 326
327 328
328 327
327 329
329 327
327 330
330 327
327 334
334 327
328 329
329 328
329 330
330 329
329 332
332 329
330 331
331 330
330 332
332 330
330 333
333 330
330 334
334 330
331 332
332 331
331 333
333 331
331 336
336 331
331 337
337 331
332 336
336 332
332 337
337 332
332 349
349 332
332 351
351 332
332 353
353 332
333 334
334 333
333 335
335 333
333 336
336 333
334 335
335 334
335 336
336 335
335 337
337 335
335 339
339 335
335 340
340 335
336 337
337 336
337 338
338 337
337 339
339 337
337 349
349 337
338 339
339 338
338 342
342 338
338 345
345 338
338 346
346 338
338 348
348 338
338 349
349 338
339 340
340 339
339 341
341 339
339 342
342 339
339 346
346 339
340 341
341 340
340 342
342 340
340 1042
1042 340
340 1045
1045 340
340 1046
1046 340
341 342
342 341
341 344
344 341
341 1046
1046 341
342 344
344 342
342 346
346 342
342 347
347 342
343 344
344 343
343 345
345 343
343 347
347 343
343 1046
1046 343
344 346
346 344
344 347
347 344
344 1046
1046 344
345 346
346 345
345 347
347 345
345 348
348 345
345 1046
1046 345
345 1047
1047 345
346 347
347 346
348 349
349 348
348 994
994 348
348 1000
1000 348
348 1047
1047 348
348 1052
1052 348
349 350
350 349
349 351
351 349
349 994
994 349
349 1000
1000 349
349 1001
1001 349
350 351
351 350
350 352
352 350
350 361
361 350
350 1001
1001 350
351 352
352 351
351 353
353 351
352 353
353 352
352 354
354 352
352 360
360 352
352 361
361 352
353 354
354 353
353 355
355 353
354 355
355 354
354 360
360 354
354 361
361 354
355 356
356 355
355 357
357 355
355 360
360 355
356 357
357 356
356 358
358 356
357 358
358 357
357 360
360 357
358 359
359 358
358 360
360 358
359 360
360 359
359 363
363 359
359 367
367 359
359 464
464 359
359 551
551 359
360 361
361 360
360 362
362 360
360 363
363 360
360 367
367 360
361 362
362 361
361 1001
1001 361
362 363
363 362
362 364
364 362
362 365
365 362
362 1001
1001 362
363 364
364 363
363 366
366 363
363 367
367 363
364 365
365 364
364 366
366 364
365 366
366 365
366 367
367 366
366 369
369 366
366 371
371 366
366 372
372 366
366 373
373 366
367 368
368 367
367 369
369 367
367 379
379 367
367 551
551 367
368 369
369 368
368 370
370 368
368 379
379 368
369 370
370 369
369 371
371 369
370 371
371 370
370 377
377 370
370 379
379 370
371 372
372 371
371 375
375 371
371 377
377 371
372 373
373 372
372 375
375 372
373 374
374 373
373 375
375 373
374 375
375 374
374 376
376 374
374 381
381 374
375 376
376 375
375 377
377 375
375 381
381 375
376 377
377 376
376 378
378 376
376 381
381 376
377 378
378 377
377 379
379 377
378 379
379 378
378 380
380 378
378 381
381 378
379 380
380 379
379 551
551 379
380 381
381 380
380 551
551 380
381 551
551 381
382 383
383 382
382 384
384 382
382 385
385 382
383 384
384 383
383 403
403 383
383 404
404 383
383 406
406 383
384 385
385 384
384 386
386 384
384 387
387 384
384 400
400 384
384 401
401 384
384 403
403 384
385 386
386 385
386 387
387 386
386 389
389 386
386 390
390 386
386 391
391 386
387 388
388 387
387 389
389 387
387 390
390 387
387 400
400 387
388 389
389 388
388 393
393 388
388 399
399 388
388 400
400 388
389 390
390 389
389 393
393 389
390 391
391 390
390 392
392 390
390 393
393 390
391 392
392 391
392 393
393 392
392 395
395 392
393 394
394 393
393 395
395 393
393 398
398 393
393 399
399 393
393 400
400 393
394 395
395 394
394 396
396 394
394 398
398 394
394 399
399 394
395 396
396 395
395 426
426 395
395 465
465 395
396 397
397 396
396 398
398 396
396 425
425 396
396 426
426 396
396 465
465 396
397 398
398 397
397 425
425 397
397 496
496 397
398 399
399 398
398 414
414 398
398 415
415 398
398 425
425 398
398 489
489 398
398 494
494 398
398 495
495 398
398 496
496 398
399 400
400 399
399 401
401 399
399 414
414 399
400 401
401 400
400 414
414 400
401 402
402 401
401 403
403 401
401 409
409 401
401 410
410 401
401 413
413 401
401 414
414 401
402 403
403 402
402 405
405 402
402 409
409 402
403 404
404 403
403 405
405 403
404 405
405 404
404 406
406 404
405 406
406 405
405 407
407 405
405 408
408 405
405 409
409 405
406 407
407 406
406 569
569 406
406 571
571 406
407 408
408 407
407 411
411 407
407 412
412 407
407 413
413 407
407 571
571 407
407 584
584 407
408 409
409 408
408 410
410 408
408 411
411 408
409 410
410 409
409 411
411 409
410 411
411 410
410 413
413 410
411 412
412 411
411 413
413 411
412 413
413 412
412 420
420 412
412 421
421 412
412 424
424 412
412 584
584 412
412 586
586 412
412 587
587 412
413 414
414 413
413 415
415 413
413 417
417 413
413 418
418 413
413 420
420 413
414 415
415 414
415 416
416 415
415 417
417 415
415 488
488 415
415 489
489 415
415 494
494 415
416 417
417 416
416 477
477 416
416 488
488 416
416 489
489 416
417 418
418 417
417 419
419 417
417 477
477 417
417 488
488 417
418 419
419 418
418 420
420 418
419 420
420 419
419 477
477 419
419 511
511 419
420 421
421 420
420 422
422 420
420 477
477 420
420 511
511 420
421 422
422 421
421 424
424 421
422 424
424 422
422 511
511 422
423 424
424 423
423 511
511 423
423 599
599 423
423 600
600 423
424 511
511 424
424 587
587 424
424 599
599 424
425 426
426 425
425 496
496 425
425 497
497 425
426 427
427 426
426 428
428 426
426 465
465 426
426 496
496 426
426 497
497 426
426 498
498 426
427 428
428 427
427 429
429 427
427 442
442 427
427 443
443 427
427 464
464 427
427 465
465 427
428 429
429 428
428 497
497 428
428 498
498 428
428 499
499 428
429 430
430 429
429 442
442 429
429 498
498 429
429 499
499 429
429 500
500 429
430 431
431 430
430 432
432 430
430 437
437 430
430 441
441 430
430 442
442 430
430 500
500 430
430 501
501 430
431 432
432 431
431 436
436 431
431 437
437 431
431 438
438 431
432 433
433 432
432 436
436 432
432 438
438 432
432 500
500 432
432 501
501 432
433 434
434 433
433 435
435 433
433 436
436 433
433 501
501 433
433 507
507 433
434 435
435 434
434 436
436 434
434 463
463 434
434 501
501 434
434 507
507 434
434 508
508 434
434 509
509 434
434 512
512 434
434 513
513 434
434 556
556 434
435 436
436 435
435 438
438 435
435 439
439 435
435 456
456 435
435 457
457 435
435 463
463 435
436 438
438 436
437 438
438 437
437 439
439 437
437 440
440 437
437 441
441 437
438 439
439 438
438 456
456 438
439 440
440 439
439 456
456 439
440 441
441 440
440 442
442 440
440 443
443 440
440 444
444 440
440 445
445 440
440 456
456 440
441 442
442 441
441 443
443 441
442 443
443 442
443 444
444 443
443 464
464 443
443 465
465 443
444 445
445 444
444 446
446 444
444 464
464 444
445 446
446 445
445 450
450 445
445 451
451 445
445 454
454 445
445 455
455 445
445 456
456 445
445 464
464 445
446 464
464 446
447 448
448 447
447 452
452 447
447 464
464 447
447 541
541 447
447 551
551 447
448 449
449 448
448 452
452 448
448 464
464 448
449 450
450 449
449 452
452 449
449 464
464 449
450 451
451 450
450 452
452 450
450 464
464 450
451 452
452 451
451 453
453 451
451 454
454 451
451 464
464 451
452 453
453 452
452 461
461 452
452 462
462 452
452 539
539 452
452 541
541 452
453 454
454 453
453 455
455 453
453 460
460 453
453 461
461 453
453 462
462 453
454 455
455 454
454 460
460 454
455 456
456 455
455 457
457 455
455 460
460 455
456 457
457 456
457 458
458 457
457 459
459 457
457 460
460 457
457 461
461 457
457 463
463 457
458 459
459 458
458 460
460 458
458 461
461 458
458 462
462 458
458 463
463 458
459 463
463 459
460 461
461 460
461 462
462 461
461 463
463 461
462 463
463 462
462 538
538 462
462 539
539 462
462 541
541 462
463 512
512 463
463 513
513 463
463 537
537 463
463 538
538 463
463 539
539 463
464 465
465 464
464 541
541 464
464 551
551 464
466 472
472 466
466 511
511 466
467 468
468 467
467 469
469 467
467 471
471 467
467 472
472 467
467 511
511 467
467 601
601 467
467 603
603 467
467 604
604 467
468 469
469 468
468 470
470 468
468 471
471 468
468 604
604 468
468 624
624 468
469 470
470 469
469 471
471 469
469 474
474 469
470 604
604 470
470 624
624 470
470 625
625 470
470 645
645 470
470 696
696 470
471 472
472 471
471 473
473 471
471 474
474 471
471 511
511 471
472 473
473 472
472 476
476 472
472 511
511 472
473 474
474 473
473 476
476 473
473 511
511 473
474 475
475 474
474 476
476 474
475 476
476 475
475 481
481 475
475 482
482 475
475 483
483 475
475 504
504 475
475 505
505 475
476 479
479 476
476 481
481 476
476 511
511 476
477 478
478 477
477 486
486 477
477 487
487 477
477 488
488 477
477 511
511 477
478 479
479 478
478 480
480 478
478 485
485 478
478 486
486 478
478 487
487 478
478 511
511 478
479 480
480 479
479 481
481 479
479 511
511 479
480 481
481 480
480 484
484 480
480 485
485 480
480 486
486 480
481 482
482 481
481 484
484 481
481 485
485 481
481 511
511 481
482 483
483 482
482 484
484 482
483 484
484 483
483 504
504 483
483 505
505 483
484 485
485 484
484 491
491 484
484 492
492 484
484 503
503 484
484 504
504 484
485 486
486 485
485 491
491 485
486 487
487 486
486 491
491 486
487 488
488 487
487 489
489 487
487 491
491 487
488 489
489 488
489 490
490 489
489 491
491 489
489 493
493 489
489 494
494 489
490 491
491 490
490 492
492 490
490 493
493 490
491 492
492 491
491 503
503 491
492 493
493 492
492 503
503 492
493 494
494 493
493 497
497 493
493 498
498 493
493 502
502 493
493 503
503 493
494 495
495 494
494 496
496 494
494 497
497 494
495 496
496 495
495 497
497 495
496 497
497 496
497 498
498 497
498 499
499 498
498 502
502 498
498 503
503 498
499 500
500 499
499 502
502 499
500 501
501 500
500 502
502 500
500 990
990 500
501 504
504 501
501 505
505 501
501 506
506 501
501 507
507 501
501 990
990 501
502 503
503 502
502 504
504 502
502 990
990 502
503 504
504 503
503 990
990 503
504 505
505 504
504 506
506 504
504 990
990 504
505 506
506 505
505 553
553 505
506 507
507 506
506 510
510 506
506 553
553 506
506 554
554 506
507 508
508 507
507 510
510 507
508 509
509 508
508 510
510 508
509 510
510 509
509 512
512 509
509 554
554 509
509 556
556 509
510 553
553 510
510 554
554 510
510 556
556 510
511 599
599 511
511 600
600 511
511 601
601 511
512 513
513 512
512 522
522 512
512 523
523 512
512 556
556 512
512 557
557 512
512 558
558 512
513 514
514 513
513 516
516 513
513 522
522 513
513 523
523 513
513 536
536 513
513 537
537 513
514 515
515 514
514 516
516 514
514 517
517 514
514 522
522 514
514 536
536 514
514 537
537 514
515 517
517 515
515 518
518 515
515 528
528 515
515 530
530 515
515 536
536 515
515 552
552 515
516 517
517 516
516 518
518 516
516 519
519 516
516 520
520 516
516 522
522 516
517 518
518 517
517 528
528 517
518 519
519 518
518 520
520 518
518 528
528 518
519 520
520 519
519 521
521 519
519 525
525 519
519 528
528 519
519 529
529 519
520 521
521 520
520 522
522 520
521 522
522 521
521 523
523 521
521 524
524 521
521 525
525 521
521 529
529 521
522 523
523 522
523 524
524 523
523 558
558 523
524 525
525 524
524 558
558 524
524 562
562 524
525 526
526 525
525 527
527 525
525 529
529 525
525 558
558 525
525 562
562 525
526 527
527 526
526 529
529 526
526 562
562 526
527 528
528 527
527 529
529 527
527 530
530 527
528 529
529 528
528 530
530 528
530 531
531 530
530 532
532 530
530 533
533 530
530 552
552 530
531 532
532 531
531 533
533 531
532 533
533 532
533 534
534 533
533 535
535 533
533 552
552 533
534 535
535 534
534 551
551 534
534 552
552 534
535 551
551 535
535 552
552 535
536 537
537 536
536 538
538 536
536 546
546 536
536 552
552 536
537 538
538 537
538 539
539 538
538 540
540 538
538 546
546 538
538 552
552 538
539 540
540 539
539 541
541 539
539 546
546 539
540 541
541 540
540 542
542 540
540 543
543 540
540 545
545 540
540 546
546 540
541 542
542 541
541 551
551 541
542 543
543 542
542 545
545 542
542 551
551 542
543 544
544 543
543 545
545 543
543 551
551 543
544 545
545 544
544 549
549 544
544 551
551 544
545 546
546 545
545 547
547 545
545 549
549 545
545 550
550 545
546 547
547 546
546 550
550 546
546 552
552 546
547 548
548 547
547 550
550 547
547 552
552 547
548 549
549 548
548 550
550 548
548 552
552 548
549 550
550 549
549 551
551 549
549 552
552 549
551 552
552 551
553 554
554 553
553 555
555 553
553 556
556 553
553 557
557 553
553 558
558 553
554 555
555 554
554 556
556 554
555 556
556 555
555 557
557 555
556 557
557 556
557 558
558 557
558 559
559 558
558 560
560 558
558 562
562 558
559 560
560 559
559 561
561 559
559 562
562 559
560 561
561 560
561 562
562 561
563 564
564 563
563 568
568 563
563 569
569 563
563 765
765 563
563 766
766 563
564 565
565 564
564 567
567 564
564 568
568 564
564 766
766 564
564 771
771 564
565 566
566 565
565 567
567 565
565 575
575 565
565 576
576 565
565 766
766 565
565 771
771 565
565 772
772 565
566 567
567 566
566 572
572 566
566 574
574 566
566 575
575 566
567 568
568 567
567 570
570 567
567 572
572 567
568 569
569 568
568 570
570 568
569 570
570 569
569 571
571 569
570 571
571 570
570 572
572 570
571 572
572 571
571 573
573 571
571 584
584 571
572 573
573 572
572 574
574 572
572 575
575 572
573 574
574 573
573 583
583 573
573 584
584 573
574 575
575 574
574 578
578 574
574 580
580 574
574 583
583 574
574 584
584 574
575 576
576 575
575 578
578 575
576 577
577 576
576 578
578 576
576 771
771 576
576 772
772 576
577 578
578 577
577 579
579 577
577 581
581 577
577 646
646 577
577 667
667 577
577 669
669 577
577 670
670 577
577 772
772 577
578 579
579 578
578 580
580 578
578 581
581 578
579 580
580 579
579 581
581 579
579 582
582 579
579 583
583 579
580 583
583 580
581 582
582 581
581 583
583 581
581 610
610 581
581 669
669 581
581 670
670 581
582 583
583 582
582 591
591 582
582 592
592 582
582 609
609 582
582 610
610 582
582 670
670 582
583 584
584 583
583 585
585 583
583 588
588 583
583 589
589 583
583 591
591 583
584 585
585 584
584 586
586 584
585 586
586 585
585 587
587 585
585 588
588 585
586 587
587 586
587 588
588 587
587 598
598 587
587 599
599 587
588 589
589 588
588 596
596 588
588 597
597 588
588 598
598 588
589 590
590 589
589 591
591 589
589 596
596 589
590 591
591 590
590 595
595 590
590 596
596 590
591 592
592 591
591 593
593 591
591 595
595 591
592 593
593 592
592 595
595 592
592 608
608 592
592 609
609 592
593 594
594 593
593 595
595 593
593 607
607 593
593 608
608 593
593 609
609 593
594 595
595 594
594 596
596 594
594 599
599 594
594 600
600 594
594 601
601 594
594 602
602 594
594 606
606 594
594 607
607 594
594 608
608 594
595 596
596 595
595 599
599 595
596 597
597 596
596 599
599 596
597 598
598 597
597 599
599 597
598 599
599 598
599 600
600 599
599 601
601 599
600 601
601 600
601 602
602 601
601 603
603 601
602 603
603 602
602 605
605 602
602 606
606 602
602 607
607 602
603 604
604 603
603 605
605 603
604 605
605 604
604 624
624 604
605 606
606 605
605 623
623 605
605 624
624 605
606 607
607 606
606 621
621 606
606 622
622 606
606 623
623 606
606 624
624 606
607 608
608 607
607 621
621 607
607 622
622 607
608 609
609 608
608 618
618 608
608 619
619 608
608 620
620 608
608 621
621 608
609 610
610 609
609 618
618 609
609 619
619 609
610 611
611 610
610 618
618 610
610 670
670 610
610 680
680 610
611 612
612 611
611 613
613 611
611 616
616 611
611 618
618 611
611 679
679 611
611 680
680 611
612 613
613 612
612 679
679 612
612 680
680 612
612 681
681 612
613 614
614 613
613 615
615 613
613 616
616 613
613 618
618 613
613 681
681 613
614 615
615 614
614 617
617 614
614 619
619 614
614 632
632 614
614 633
633 614
614 681
681 614
614 682
682 614
615 616
616 615
615 617
617 615
616 617
617 616
616 618
618 616
617 618
618 617
617 619
619 617
617 632
632 617
618 619
619 618
619 620
620 619
619 631
631 619
619 632
632 619
620 621
621 620
620 622
622 620
620 630
630 620
620 631
631 620
620 632
632 620
621 622
622 621
622 623
623 622
622 629
629 622
622 630
630 622
622 631
631 622
623 624
624 623
623 629
629 623
623 630
630 623
624 625
625 624
624 627
627 624
624 629
629 624
625 626
626 625
625 627
627 625
625 642
642 625
625 645
645 625
626 627
627 626
626 628
628 626
626 629
629 626
626 641
641 626
626 642
642 626
626 645
645 626
627 629
629 627
628 629
629 628
628 630
630 628
628 640
640 628
628 641
641 628
628 642
642 628
629 630
630 629
630 631
631 630
630 636
636 630
630 640
640 630
631 632
632 631
631 634
634 631
631 636
636 631
631 640
640 631
632 633
633 632
632 634
634 632
632 636
636 632
633 634
634 633
633 682
682 633
633 691
691 633
634 635
635 634
634 636
636 634
634 682
682 634
634 691
691 634
635 636
636 635
635 637
637 635
635 691
691 635
635 692
692 635
635 693
693 635
635 695
695 635
636 637
637 636
636 639
639 636
636 640
640 636
637 638
638 637
637 639
639 637
637 693
693 637
637 695
695 637
637 696
696 637
637 737
737 637
638 639
639 638
638 643
643 638
638 644
644 638
638 696
696 638
639 640
640 639
639 641
641 639
639 642
642 639
639 643
643 639
639 644
644 639
640 641
641 640
641 642
642 641
641 643
643 641
642 643
643 642
642 645
645 642
643 644
644 643
643 645
645 643
644 645
645 644
644 696
696 644
645 696
696 645
646 647
647 646
646 666
666 646
646 667
667 646
646 772
772 646
646 773
773 646
646 783
783 646
646 784
784 646
646 809
809 646
647 648
648 647
647 666
666 647
647 809
809 647
648 649
649 648
648 650
650 648
648 659
659 648
648 665
665 648
648 666
666 648
648 809
809 648
649 650
650 649
649 651
651 649
649 654
654 649
649 657
657 649
649 658
658 649
649 659
659 649
650 651
651 650
650 652
652 650
650 791
791 650
650 805
805 650
650 809
809 650
651 652
652 651
651 653
653 651
651 654
654 651
652 653
653 652
652 805
805 652
652 806
806 652
652 807
807 652
653 654
654 653
653 697
697 653
653 703
703 653
653 806
806 653
653 807
807 653
653 808
808 653
653 902
902 653
654 655
655 654
654 656
656 654
654 657
657 654
654 697
697 654
654 703
703 654
654 704
704 654
655 656
656 655
655 674
674 655
655 675
675 655
655 703
703 655
655 704
704 655
655 705
705 655
655 706
706 655
655 724
724 655
656 657
657 656
656 674
674 656
656 675
675 656
657 658
658 657
657 673
673 657
657 674
674 657
658 659
659 658
658 673
673 658
658 674
674 658
659 660
660 659
659 665
665 659
659 672
672 659
659 673
673 659
660 661
661 660
660 665
665 660
660 672
672 660
660 673
673 660
661 662
662 661
661 664
664 661
661 665
665 661
661 671
671 661
661 672
672 661
662 663
663 662
662 664
664 662
662 665
665 662
662 671
671 662
663 664
664 663
663 667
667 663
663 668
668 663
663 671
671 663
664 665
665 664
664 666
666 664
664 667
667 664
664 668
668 664
665 666
666 665
666 667
667 666
667 668
668 667
667 669
669 667
667 772
772 667
668 669
669 668
668 670
670 668
668 671
671 668
669 670
670 669
670 671
671 670
670 680
680 670
671 672
672 671
671 679
679 671
671 680
680 671
672 673
673 672
672 678
678 672
672 679
679 672
672 680
680 672
673 674
674 673
673 677
677 673
673 678
678 673
673 679
679 673
674 675
675 674
674 676
676 674
674 677
677 674
674 678
678 674
675 676
676 675
675 677
677 675
675 706
706 675
675 724
724 675
675 725
725 675
676 677
677 676
676 683
683 676
676 685
685 676
676 724
724 676
676 725
725 676
676 726
726 676
677 678
678 677
677 681
681 677
677 683
683 677
677 685
685 677
678 679
679 678
678 681
681 678
678 683
683 678
679 680
680 679
679 681
681 679
681 682
682 681
681 683
683 681
682 683
683 682
682 684
684 682
682 691
691 682
683 684
684 683
683 685
685 683
684 685
685 684
684 686
686 684
684 690
690 684
684 691
691 684
685 686
686 685
685 687
687 685
685 725
725 685
685 726
726 685
686 687
687 686
686 689
689 686
686 690
690 686
686 691
691 686
687 688
688 687
687 689
689 687
687 726
726 687
687 735
735 687
688 689
689 688
688 692
692 688
688 693
693 688
688 726
726 688
688 735
735 688
688 736
736 688
689 690
690 689
689 692
692 689
690 691
691 690
690 692
692 690
691 692
692 691
692 693
693 692
693 694
694 693
693 695
695 693
693 735
735 693
693 736
736 693
694 695
695 694
694 736
736 694
694 737
737 694
695 696
696 695
695 736
736 695
695 737
737 695
696 737
737 696
696 738
738 696
697 698
698 697
697 703
703 697
697 902
902 697
698 699
699 698
698 703
703 698
698 902
902 698
699 700
700 699
699 702
702 699
699 703
703 699
699 902
902 699
700 701
701 700
700 702
702 700
700 703
703 700
700 902
902 700
701 702
702 701
701 716
716 701
701 753
753 701
701 883
883 701
701 902
902 701
702 703
703 702
702 710
710 702
702 715
715 702
702 716
716 702
703 704
704 703
703 709
709 703
703 710
710 703
703 715
715 703
704 705
705 704
704 709
709 704
705 706
706 705
705 707
707 705
705 709
709 705
706 707
707 706
706 709
709 706
706 723
723 706
706 724
724 706
707 708
708 707
707 709
709 707
707 723
723 707
707 724
724 707
708 709
709 708
708 710
710 708
708 711
711 708
708 723
723 708
709 710
710 709
709 711
711 709
710 711
711 710
710 712
712 710
710 715
715 710
711 712
712 711
711 713
713 711
711 715
715 711
711 722
722 711
711 723
723 711
712 713
713 712
712 714
714 712
712 715
715 712
713 714
714 713
713 722
722 713
714 715
715 714
714 716
716 714
714 717
717 714
714 718
718 714
714 722
722 714
715 716
716 715
715 717
717 715
716 717
717 716
716 753
753 716
717 718
718 717
717 751
751 717
717 753
753 717
718 719
719 718
718 720
720 718
718 722
722 718
718 751
751 718
718 753
753 718
719 720
720 719
719 722
722 719
719 728
728 719
719 729
729 719
719 749
749 719
719 751
751 719
720 721
721 720
720 722
722 720
720 728
728 720
720 729
729 720
721 722
722 721
721 723
723 721
721 728
728 721
722 723
723 722
723 724
724 723
723 725
725 723
723 726
726 723
723 727
727 723
723 728
728 723
724 725
725 724
725 726
726 725
725 727
727 725
726 727
727 726
726 734
734 726
726 735
735 726
727 728
728 727
727 733
733 727
727 734
734 727
727 735
735 727
728 729
729 728
728 730
730 728
728 731
731 728
728 732
732 728
728 733
733 728
728 734
734 728
729 730
730 729
729 731
731 729
729 748
748 729
729 749
749 729
729 751
751 729
730 731
731 730
730 745
745 730
730 747
747 730
730 748
748 730
730 749
749 730
731 732
732 731
731 745
745 731
731 747
747 731
732 733
733 732
732 743
743 732
732 745
745 732
733 734
734 733
733 743
743 733
733 744
744 733
733 745
745 733
734 735
735 734
734 736
736 734
734 743
743 734
734 744
744 734
735 736
736 735
735 744
744 735
736 737
737 736
736 739
739 736
736 744
744 736
737 738
738 737
737 739
739 737
737 744
744 737
738 739
739 738
738 741
741 738
739 740
740 739
739 741
741 739
739 744
744 739
740 741
741 740
740 743
743 740
740 744
744 740
741 742
742 741
741 743
743 741
741 744
744 741
742 743
743 742
742 745
745 742
742 746
746 742
743 744
744 743
743 745
745 743
745 746
746 745
745 747
747 745
746 747
747 746
747 748
748 747
748 749
749 748
748 750
750 748
749 750
750 749
749 751
751 749
749 752
752 749
750 751
751 750
750 752
752 750
751 752
752 751
751 753
753 751
752 753
753 752
753 754
754 753
753 755
755 753
753 883
883 753
753 884
884 753
753 902
902 753
754 755
755 754
754 756
756 754
754 757
757 754
754 884
884 754
754 892
892 754
755 757
757 755
755 759
759 755
756 757
757 756
756 758
758 756
756 761
761 756
756 763
763 756
756 884
884 756
756 892
892 756
756 893
893 756
757 758
758 757
757 759
759 757
758 759
759 758
758 760
760 758
758 761
761 758
758 763
763 758
759 760
760 759
759 761
761 759
760 761
761 760
760 762
762 760
761 762
762 761
761 763
763 761
762 763
763 762
762 764
764 762
763 764
764 763
763 892
892 763
763 893
893 763
763 894
894 763
764 893
893 764
764 894
894 764
764 895
895 764
765 766
766 765
765 767
767 765
766 767
767 766
766 768
768 766
766 769
769 766
766 770
770 766
766 771
771 766
767 768
768 767
767 779
779 767
767 780
780 767
767 782
782 767
768 769
769 768
768 770
770 768
768 779
779 768
768 780
780 768
769 770
770 769
769 773
773 769
769 778
778 769
769 779
779 769
770 771
771 770
770 772
772 770
770 773
773 770
771 772
772 771
772 773
773 772
772 783
783 772
773 774
774 773
773 775
775 773
773 777
777 773
773 778
778 773
773 783
783 773
773 787
787 773
774 775
775 774
774 776
776 774
774 787
787 774
774 810
810 774
774 811
811 774
775 776
776 775
775 777
777 775
776 777
777 776
776 781
781 776
776 810
810 776
776 811
811 776
777 778
778 777
777 781
781 777
778 779
779 778
778 781
781 778
779 780
780 779
779 781
781 779
780 781
781 780
780 782
782 780
781 782
782 781
781 811
811 781
781 812
812 781
782 812
812 782
783 784
784 783
783 785
785 783
783 786
786 783
783 787
787 783
784 785
785 784
784 790
790 784
784 809
809 784
785 786
786 785
785 789
789 785
785 790
790 785
785 809
809 785
786 787
787 786
786 788
788 786
786 789
789 786
786 790
790 786
787 788
788 787
787 795
795 787
787 797
797 787
787 798
798 787
787 810
810 787
787 822
822 787
787 823
823 787
787 824
824 787
787 833
833 787
788 789
789 788
788 793
793 788
788 794
794 788
788 795
795 788
789 790
790 789
789 793
793 789
789 794
794 789
790 791
791 790
790 792
792 790
790 793
793 790
790 809
809 790
791 792
792 791
791 793
793 791
791 803
803 791
791 805
805 791
791 809
809 791
792 793
793 792
792 803
803 792
792 805
805 792
793 794
794 793
793 802
802 793
793 803
803 793
794 795
795 794
794 796
796 794
794 801
801 794
794 802
802 794
794 803
803 794
795 796
796 795
795 797
797 795
796 797
797 796
796 801
801 796
796 802
802 796
797 798
798 797
797 799
799 797
797 800
800 797
797 801
801 797
798 799
799 798
798 824
824 798
798 833
833 798
798 860
860 798
798 861
861 798
798 926
926 798
799 800
800 799
799 801
801 799
799 861
861 799
799 862
862 799
800 801
801 800
800 802
802 800
800 803
803 800
800 807
807 800
800 808
808 800
800 861
861 800
800 862
862 800
800 902
902 800
801 802
802 801
802 803
803 802
802 807
807 802
803 804
804 803
803 805
805 803
803 807
807 803
804 805
805 804
804 806
806 804
804 807
807 804
805 806
806 805
806 807
807 806
807 808
808 807
808 862
862 808
808 902
902 808
810 811
811 810
810 822
822 810
811 812
812 811
811 815
815 811
811 819
819 811
811 820
820 811
811 821
821 811
811 822
822 811
812 813
813 812
812 815
815 812
813 814
814 813
813 815
815 813
814 815
815 814
814 816
816 814
815 816
816 815
815 817
817 815
815 818
818 815
815 819
819 815
816 817
817 816
816 844
844 816
817 818
818 817
817 826
826 817
817 827
827 817
817 843
843 817
817 844
844 817
818 819
819 818
818 826
826 818
819 820
820 819
819 826
826 819
820 821
821 820
820 825
825 820
820 826
826 820
821 822
822 821
821 823
823 821
821 824
824 821
821 825
825 821
821 826
826 821
822 823
823 822
823 824
824 823
823 825
825 823
824 825
825 824
824 831
831 824
824 833
833 824
825 826
826 825
825 827
827 825
825 828
828 825
825 830
830 825
825 831
831 825
826 827
827 826
826 828
828 826
827 828
828 827
827 843
843 827
828 829
829 828
828 830
830 828
828 839
839 828
828 843
843 828
829 830
830 829
829 831
831 829
829 832
832 829
829 834
834 829
829 838
838 829
829 839
839 829
829 843
843 829
830 831
831 830
830 832
832 830
831 832
832 831
831 833
833 831
832 833
833 832
832 834
834 832
832 838
838 832
833 834
834 833
833 860
860 833
834 835
835 834
834 836
836 834
834 837
837 834
834 838
838 834
834 859
859 834
834 860
860 834
835 836
836 835
835 857
857 835
835 859
859 835
835 860
860 835
836 837
837 836
836 854
854 836
836 855
855 836
836 857
857 836
837 838
838 837
837 839
839 837
837 840
840 837
837 854
854 837
837 855
855 837
838 839
839 838
838 840
840 838
839 840
840 839
839 841
841 839
839 842
842 839
839 843
843 839
840 841
841 840
840 842
842 840
840 854
854 840
841 842
842 841
841 845
845 841
841 854
854 841
842 843
843 842
842 845
845 842
843 844
844 843
843 845
845 843
844 845
845 844
844 846
846 844
845 846
846 845
845 850
850 845
845 854
854 845
846 847
847 846
846 850
850 846
847 848
848 847
847 849
849 847
847 850
850 847
848 849
849 848
848 850
850 848
848 851
851 848
848 903
903 848
848 909
909 848
848 911
911 848
848 913
913 848
849 850
850 849
849 851
851 849
850 851
851 850
850 852
852 850
850 854
854 850
851 852
852 851
851 911
911 851
851 913
913 851
852 853
853 852
852 854
854 852
852 855
855 852
852 913
913 852
853 854
854 853
853 855
855 853
853 856
856 853
853 913
913 853
853 921
921 853
854 855
855 854
855 856
856 855
855 857
857 855
856 857
857 856
856 913
913 856
856 921
921 856
857 858
858 857
857 859
859 857
857 921
921 857
857 922
922 857
858 859
859 858
858 921
921 858
858 922
922 858
858 924
924 858
858 925
925 858
859 860
860 859
859 924
924 859
859 926
926 859
860 861
861 860
860 926
926 860
861 862
862 861
861 867
867 861
861 868
868 861
861 902
902 861
861 926
926 861
862 902
902 862
863 864
864 863
863 865
865 863
863 879
879 863
863 882
882 863
863 883
883 863
863 902
902 863
864 865
865 864
864 867
867 864
864 902
902 864
865 866
866 865
865 867
867 865
865 878
878 865
865 879
879 865
866 867
867 866
866 869
869 866
866 870
870 866
866 877
877 866
866 878
878 866
866 879
879 866
867 868
868 867
867 869
869 867
867 870
870 867
867 902
902 867
868 869
869 868
868 870
870 868
868 871
871 868
868 926
926 868
868 927
927 868
868 928
928 868
868 929
929 868
868 930
930 868
869 870
870 869
870 871
871 870
870 874
874 870
870 877
877 870
870 878
878 870
871 872
872 871
871 874
874 871
871 929
929 871
871 930
930 871
871 933
933 871
872 873
873 872
872 874
874 872
872 875
875 872
872 899
899 872
872 933
933 872
873 874
874 873
873 875
875 873
873 899
899 873
874 875
875 874
874 876
876 874
874 877
877 874
875 876
876 875
875 878
878 875
875 888
888 875
875 899
899 875
875 900
900 875
876 877
877 876
876 878
878 876
877 878
878 877
878 879
879 878
878 880
880 878
878 887
887 878
878 888
888 878
878 900
900 878
879 880
880 879
879 882
882 879
880 881
881 880
880 882
882 880
880 887
887 880
880 888
888 880
881 882
882 881
881 883
883 881
881 885
885 881
881 887
887 881
882 883
883 882
882 902
902 882
883 884
884 883
883 885
885 883
883 902
902 883
884 885
885 884
884 886
886 884
884 891
891 884
884 892
892 884
885 886
886 885
885 887
887 885
886 887
887 886
886 889
889 886
886 890
890 886
886 891
891 886
886 892
892 886
887 888
888 887
887 889
889 887
887 890
890 887
888 889
889 888
888 898
898 888
888 900
900 888
889 890
890 889
889 891
891 889
889 897
897 889
889 898
898 889
889 900
900 889
890 891
891 890
890 897
897 890
891 892
892 891
891 893
893 891
891 897
897 891
892 893
893 892
892 897
897 892
893 894
894 893
893 897
897 893
894 895
895 894
894 897
897 894
895 896
896 895
895 897
897 895
895 1090
1090 895
896 897
897 896
896 1090
1090 896
897 898
898 897
897 901
901 897
897 1090
1090 897
897 1091
1091 897
898 899
899 898
898 900
900 898
898 901
901 898
898 987
987 898
898 988
988 898
898 989
989 898
899 900
900 899
899 933
933 899
899 964
964 899
899 965
965 899
899 966
966 899
899 987
987 899
901 989
989 901
901 1090
1090 901
901 1091
1091 901
901 1092
1092 901
903 904
904 903
903 909
909 903
904 905
905 904
904 908
908 904
904 909
909 904
905 906
906 905
905 907
907 905
905 908
908 905
906 907
907 906
906 908
908 906
906 944
944 906
906 945
945 906
906 946
946 906
906 947
947 906
907 908
908 907
907 917
917 907
907 943
943 907
907 944
944 907
907 945
945 907
908 909
909 908
908 910
910 908
908 912
912 908
908 917
917 908
909 910
910 909
909 911
911 909
910 911
911 910
910 912
912 910
911 912
912 911
911 913
913 911
911 914
914 911
912 914
914 912
912 915
915 912
912 917
917 912
913 914
914 913
913 915
915 913
913 919
919 913
913 920
920 913
913 921
921 913
914 915
915 914
915 916
916 915
915 917
917 915
915 918
918 915
915 919
919 915
916 917
917 916
916 918
918 916
917 918
918 917
917 942
942 917
917 943
943 917
918 919
919 918
918 920
920 918
918 941
941 918
918 942
942 918
919 920
920 919
920 921
921 920
920 938
938 920
920 940
940 920
920 941
941 920
920 942
942 920
921 922
922 921
921 937
937 921
921 938
938 921
921 940
940 921
922 923
923 922
922 925
925 922
922 928
928 922
922 936
936 922
922 937
937 922
923 924
924 923
923 925
925 923
923 926
926 923
923 927
927 923
923 928
928 923
924 925
925 924
924 926
926 924
926 927
927 926
927 928
928 927
928 929
929 928
928 930
930 928
928 936
936 928
928 937
937 928
929 930
930 929
929 936
936 929
930 931
931 930
930 932
932 930
930 933
933 930
930 936
936 930
931 932
932 931
931 934
934 931
931 935
935 931
931 936
936 931
932 933
933 932
932 934
934 932
933 934
934 933
933 964
964 933
934 935
935 934
934 936
936 934
934 963
963 934
934 964
964 934
935 936
936 935
935 937
937 935
935 938
938 935
935 939
939 935
935 963
963 935
936 937
937 936
937 938
938 937
938 939
939 938
938 940
940 938
939 940
940 939
939 961
961 939
939 962
962 939
939 963
963 939
940 941
941 940
940 958
958 940
940 961
961 940
940 962
962 940
941 942
942 941
941 957
957 941
941 958
958 941
941 961
961 941
942 943
943 942
942 953
953 942
942 957
957 942
942 958
958 942
943 944
944 943
943 952
952 943
943 953
953 943
943 957
957 943
944 945
945 944
944 951
951 944
944 952
952 944
945 946
946 945
945 948
948 945
945 951
951 945
945 952
952 945
946 947
947 946
946 948
948 946
946 951
951 946
948 949
949 948
948 950
950 948
948 951
951 948
949 950
950 949
949 951
951 949
950 951
951 950
950 952
952 950
950 954
954 950
950 975
975 950
950 976
976 950
950 977
977 950
951 952
952 951
951 954
954 951
952 953
953 952
952 954
954 952
952 955
955 952
953 954
954 953
953 955
955 953
953 956
956 953
953 957
957 953
954 955
955 954
954 975
975 954
954 976
976 954
955 956
956 955
955 957
957 955
955 972
972 955
955 975
975 955
956 957
957 956
956 958
958 956
956 959
959 956
956 972
972 956
956 975
975 956
957 958
958 957
957 959
959 957
958 959
959 958
958 960
960 958
958 961
961 958
959 960
960 959
959 972
972 959
960 961
961 960
960 971
971 960
960 972
972 960
961 962
962 961
961 970
970 961
961 971
971 961
961 972
972 961
961 985
985 961
962 963
963 962
962 968
968 962
962 969
969 962
962 970
970 962
963 964
964 963
963 968
968 963
963 969
969 963
964 965
965 964
964 967
967 964
964 968
968 964
965 966
966 965
965 967
967 965
965 968
968 965
965 986
986 965
966 967
967 966
966 986
986 966
966 987
987 966
967 968
968 967
967 969
969 967
967 985
985 967
967 986
986 967
968 969
969 968
968 985
985 968
969 970
970 969
969 985
985 969
970 971
971 970
970 985
985 970
971 972
972 971
971 982
982 971
971 983
983 971
971 984
984 971
971 985
985 971
972 973
973 972
972 974
974 972
972 975
975 972
972 981
981 972
972 982
982 972
972 983
983 972
973 974
974 973
973 975
975 973
974 975
975 974
974 976
976 974
974 977
977 974
974 978
978 974
974 979
979 974
974 981
981 974
975 976
976 975
975 977
977 975
976 977
977 976
977 978
978 977
978 979
979 978
978 1034
1034 978
978 1040
1040 978
979 980
980 979
979 981
981 979
979 1032
1032 979
979 1033
1033 979
979 1034
1034 979
980 981
981 980
980 1025
1025 980
980 1032
1032 980
980 1033
1033 980
981 982
982 981
981 1022
1022 981
981 1025
1025 981
981 1032
1032 981
982 983
983 982
982 1022
1022 982
983 984
984 983
983 1019
1019 983
983 1022
1022 983
984 985
985 984
984 986
986 984
984 1017
1017 984
984 1019
1019 984
984 1022
1022 984
985 986
986 985
986 987
987 986
986 989
989 986
986 1017
1017 986
986 1019
1019 986
987 988
988 987
987 989
989 987
988 989
989 988
989 1017
1017 989
989 1092
1092 989
989 1095
1095 989
992 993
993 992
992 994
994 992
992 1051
1051 992
992 1053
1053 992
992 1076
1076 992
992 1077
1077 992
993 994
994 993
993 995
995 993
993 996
996 993
993 1076
1076 993
994 995
995 994
994 1000
1000 994
994 1051
1051 994
994 1052
1052 994
995 996
996 995
995 997
997 995
995 998
998 995
995 999
999 995
995 1000
1000 995
996 997
997 996
996 998
998 996
996 1076
1076 996
997 998
998 997
997 1004
1004 997
997 1076
1076 997
998 999
999 998
998 1003
1003 998
998 1004
1004 998
999 1000
1000 999
999 1001
1001 999
999 1002
1002 999
999 1003
1003 999
1000 1001
1001 1000
1001 1002
1002 1001
1002 1003
1003 1002
1003 1004
1004 1003
1003 1005
1005 1003
1004 1005
1005 1004
1006 1007
1007 1006
1006 1009
1009 1006
1006 1012
1012 1006
1006 1015
1015 1006
1007 1008
1008 1007
1007 1009
1009 1007
1007 1012
1012 1007
1008 1009
1009 1008
1008 1011
1011 1008
1008 1013
1013 1008
1009 1010
1010 1009
1009 1011
1011 1009
1009 1012
1012 1009
1010 1011
1011 1010
1010 1012
1012 1010
1011 1012
1012 1011
1011 1013
1013 1011
1012 1013
1013 1012
1012 1015
1015 1012
1013 1014
1014 1013
1013 1015
1015 1013
1013 1016
1016 1013
1014 1015
1015 1014
1017 1018
1018 1017
1017 1019
1019 1017
1017 1095
1095 1017
1018 1019
1019 1018
1018 1020
1020 1018
1018 1095
1095 1018
1019 1020
1020 1019
1019 1022
1022 1019
1020 1021
1021 1020
1020 1022
1022 1020
1020 1074
1074 1020
1020 1095
1095 1020
1021 1022
1022 1021
1021 1023
1023 1021
1021 1024
1024 1021
1021 1073
1073 1021
1021 1074
1074 1021
1022 1024
1024 1022
1022 1025
1025 1022
1022 1074
1074 1022
1023 1024
1024 1023
1023 1026
1026 1023
1023 1043
1043 1023
1023 1057
1057 1023
1023 1058
1058 1023
1023 1073
1073 1023
1024 1025
1025 1024
1024 1026
1026 1024
1024 1027
1027 1024
1024 1028
1028 1024
1024 1029
1029 1024
1025 1028
1028 1025
1025 1029
1029 1025
1025 1030
1030 1025
1025 1032
1032 1025
1026 1027
1027 1026
1026 1031
1031 1026
1026 1038
1038 1026
1026 1039
1039 1026
1026 1043
1043 1026
1027 1028
1028 1027
1027 1029
1029 1027
1027 1031
1031 1027
1028 1029
1029 1028
1029 1030
1030 1029
1029 1031
1031 1029
1030 1031
1031 1030
1030 1032
1032 1030
1030 1033
1033 1030
1031 1032
1032 1031
1031 1033
1033 1031
1031 1035
1035 1031
1031 1038
1038 1031
1032 1033
1033 1032
1033 1034
1034 1033
1033 1035
1035 1033
1033 1038
1038 1033
1034 1035
1035 1034
1034 1037
1037 1034
1034 1039
1039 1034
1034 1040
1040 1034
1035 1036
1036 1035
1035 1037
1037 1035
1035 1038
1038 1035
1036 1037
1037 1036
1036 1038
1038 1036
1036 1039
1039 1036
1037 1039
1039 1037
1037 1040
1040 1037
1038 1039
1039 1038
1038 1043
1043 1038
1039 1040
1040 1039
1039 1041
1041 1039
1039 1043
1043 1039
1040 1041
1041 1040
1041 1042
1042 1041
1041 1043
1043 1041
1041 1044
1044 1041
1041 1045
1045 1041
1042 1045
1045 1042
1043 1044
1044 1043
1043 1057
1057 1043
1043 1058
1058 1043
1044 1045
1045 1044
1044 1048
1048 1044
1044 1049
1049 1044
1044 1050
1050 1044
1044 1054
1054 1044
1044 1056
1056 1044
1044 1057
1057 1044
1045 1046
1046 1045
1045 1047
1047 1045
1045 1049
1049 1045
1046 1047
1047 1046
1046 1049
1049 1046
1047 1049
1049 1047
1047 1050
1050 1047
1047 1052
1052 1047
1048 1049
1049 1048
1048 1050
1050 1048
1049 1050
1050 1049
1049 1052
1052 1049
1050 1051
1051 1050
1050 1052
1052 1050
1050 1053
1053 1050
1050 1054
1054 1050
1051 1052
1052 1051
1051 1053
1053 1051
1053 1054
1054 1053
1053 1077
1077 1053
1054 1056
1056 1054
1054 1064
1064 1054
1054 1065
1065 1054
1054 1077
1077 1054
1055 1056
1056 1055
1055 1059
1059 1055
1055 1060
1060 1055
1055 1064
1064 1055
1056 1057
1057 1056
1056 1059
1059 1056
1056 1064
1064 1056
1057 1058
1058 1057
1057 1059
1059 1057
1058 1059
1059 1058
1058 1060
1060 1058
1058 1061
1061 1058
1058 1062
1062 1058
1058 1072
1072 1058
1058 1073
1073 1058
1059 1060
1060 1059
1059 1061
1061 1059
1059 1064
1064 1059
1060 1061
1061 1060
1060 1062
1062 1060
1060 1063
1063 1060
1060 1064
1064 1060
1061 1062
1062 1061
1061 1063
1063 1061
1062 1063
1063 1062
1062 1069
1069 1062
1062 1071
1071 1062
1062 1072
1072 1062
1062 1073
1073 1062
1063 1064
1064 1063
1063 1066
1066 1063
1063 1069
1069 1063
1064 1065
1065 1064
1064 1066
1066 1064
1064 1067
1067 1064
1065 1066
1066 1065
1065 1067
1067 1065
1065 1077
1077 1065
1066 1067
1067 1066
1066 1068
1068 1066
1066 1069
1069 1066
1066 1077
1077 1066
1066 1083
1083 1066
1066 1084
1084 1066
1068 1069
1069 1068
1068 1070
1070 1068
1068 1075
1075 1068
1068 1083
1083 1068
1068 1084
1084 1068
1069 1070
1070 1069
1069 1071
1071 1069
1069 1075
1075 1069
1070 1071
1071 1070
1070 1072
1072 1070
1070 1073
1073 1070
1070 1074
1074 1070
1070 1075
1075 1070
1071 1072
1072 1071
1072 1073
1073 1072
1073 1074
1074 1073
1074 1075
1075 1074
1074 1095
1095 1074
1075 1084
1084 1075
1076 1077
1077 1076
1076 1078
1078 1076
1077 1078
1078 1077
1077 1079
1079 1077
1077 1083
1083 1077
1078 1079
1079 1078
1079 1082
1082 1079
1079 1083
1083 1079
1080 1081
1081 1080
1080 1082
1082 1080
1080 1085
1085 1080
1081 1082
1082 1081
1081 1085
1085 1081
1081 1086
1086 1081
1081 1087
1087 1081
1082 1083
1083 1082
1082 1087
1087 1082
1082 1088
1088 1082
1083 1084
1084 1083
1083 1087
1087 1083
1083 1088
1088 1083
1084 1085
1085 1084
1084 1086
1086 1084
1084 1088
1088 1084
1084 1089
1089 1084
1085 1086
1086 1085
1085 1087
1087 1085
1086 1087
1087 1086
1086 1089
1089 1086
1087 1088
1088 1087
1087 1089
1089 1087
1088 1089
1089 1088
1090 1091
1091 1090
1091 1092
1092 1091
1091 1094
1094 1091
1092 1093
1093 1092
1092 1094
1094 1092
1092 1095
1095 1092
1094 1095
1095 1094
