0 9
9 0
0 10
10 0
0 12
12 0
0 18
18 0
0 20
20 0
1 2
2 1
1 10
10 1
1 11
11 1
1 16
16 1
2 5
5 2
2 6
6 2
2 10
10 2
2 11
11 2
2 18
18 2
2 19
19 2
2 48
48 2
2 60
60 2
3 4
4 3
3 16
16 3
3 17
17 3
4 7
7 4
4 12
12 4
4 13
13 4
4 17
17 4
5 6
6 5
5 11
11 5
5 36
36 5
6 36
36 6
6 60
60 6
7 9
9 7
7 12
12 7
7 13
13 7
8 15
15 8
8 18
18 8
8 19
19 8
8 20
20 8
8 48
48 8
9 12
12 9
9 13
13 9
9 20
20 9
10 12
12 10
10 16
16 10
10 17
17 10
10 18
18 10
11 16
16 11
11 36
36 11
12 17
17 12
13 14
14 13
13 15
15 13
13 20
20 13
13 48
48 13
13 73
73 13
13 87
87 13
13 89
89 13
14 87
87 14
15 20
20 15
15 48
48 15
16 17
17 16
18 19
19 18
18 20
20 18
19 48
48 19
21 23
23 21
21 25
25 21
21 32
32 21
21 36
36 21
22 26
26 22
22 29
29 22
22 31
31 22
22 38
38 22
22 40
40 22
22 41
41 22
23 25
25 23
23 36
36 23
23 37
37 23
24 27
27 24
24 30
30 24
24 36
36 24
24 39
39 24
25 29
29 25
25 32
32 25
25 36
36 25
25 37
37 25
25 41
41 25
26 27
27 26
26 31
31 26
26 39
39 26
26 40
40 26
27 36
36 27
27 39
39 27
27 40
40 27
27 41
41 27
28 30
30 28
28 34
34 28
28 36
36 28
28 39
39 28
28 55
55 28
28 57
57 28
29 33
33 29
29 37
37 29
29 38
38 29
29 41
41 29
30 36
36 30
30 39
39 30
31 35
35 31
31 38
38 31
31 39
39 31
32 36
36 32
33 37
37 33
33 38
38 33
34 36
36 34
34 57
57 34
34 60
60 34
35 39
39 35
36 39
39 36
36 41
41 36
36 60
60 36
37 38
38 37
39 46
46 39
39 50
50 39
39 55
55 39
40 41
41 40
42 45
45 42
42 52
52 42
42 59
59 42
43 44
44 43
43 51
51 43
43 53
53 43
43 54
54 43
43 56
56 43
43 58
58 43
43 62
62 43
44 52
52 44
44 54
54 44
44 56
56 44
44 71
71 44
45 46
46 45
45 50
50 45
45 52
52 45
46 50
50 46
46 52
52 46
46 55
55 46
46 56
56 46
46 58
58 46
46 61
61 46
47 52
52 47
47 56
56 47
47 59
59 47
48 49
49 48
48 51
51 48
48 60
60 48
48 62
62 48
48 73
73 48
49 54
54 49
49 62
62 49
49 73
73 49
49 84
84 49
51 53
53 51
51 55
55 51
51 58
58 51
51 60
60 51
51 62
62 51
52 56
56 52
52 59
59 52
52 65
65 52
52 71
71 52
52 90
90 52
53 58
58 53
54 62
62 54
54 71
71 54
54 84
84 54
55 57
57 55
55 58
58 55
55 60
60 55
55 61
61 55
56 58
58 56
57 60
60 57
58 61
61 58
59 65
65 59
63 69
69 63
63 77
77 63
63 80
80 63
63 83
83 63
64 72
72 64
64 74
74 64
64 78
78 64
65 66
66 65
65 81
81 65
65 90
90 65
66 77
77 66
66 78
78 66
66 83
83 66
66 90
90 66
67 69
69 67
67 70
70 67
67 74
74 67
67 76
76 67
67 82
82 67
67 88
88 67
68 69
69 68
68 71
71 68
68 75
75 68
68 79
79 68
68 84
84 68
68 85
85 68
68 88
88 68
69 71
71 69
69 77
77 69
69 80
80 69
69 82
82 69
69 88
88 69
70 76
76 70
70 86
86 70
70 88
88 70
71 80
80 71
71 83
83 71
71 84
84 71
71 90
90 71
72 74
74 72
72 76
76 72
73 75
75 73
73 84
84 73
73 85
85 73
73 89
89 73
74 76
76 74
74 78
78 74
74 82
82 74
75 84
84 75
75 85
85 75
76 86
86 76
77 78
78 77
77 82
82 77
77 83
83 77
78 82
82 78
79 85
85 79
79 86
86 79
79 87
87 79
79 88
88 79
80 83
83 80
80 90
90 80
83 90
90 83
85 87
87 85
85 89
89 85
86 87
87 86
86 88
88 86
87 89
89 87
