0 1
1 0
0 2
2 0
0 985
985 0
0 994
994 0
1 2
2 1
1 3
3 1
1 6
6 1
1 994
994 1
1 995
995 1
2 3
3 2
2 4
4 2
3 4
4 3
3 5
5 3
3 6
6 3
4 5
5 4
4 6
6 4
4 7
7 4
4 8
8 4
5 6
6 5
5 7
7 5
5 995
995 5
6 995
995 6
7 8
8 7
9 11
11 9
9 21
21 9
9 807
807 9
9 808
808 9
9 858
858 9
10 12
12 10
10 13
13 10
10 14
14 10
10 806
806 10
11 12
12 11
11 13
13 11
11 21
21 11
11 808
808 11
12 13
13 12
12 805
805 12
12 806
806 12
12 808
808 12
13 14
14 13
13 17
17 13
13 21
21 13
14 17
17 14
14 24
24 14
14 806
806 14
15 16
16 15
15 18
18 15
15 19
19 15
15 20
20 15
16 17
17 16
16 18
18 16
16 19
19 16
16 24
24 16
16 25
25 16
16 26
26 16
17 18
18 17
17 21
21 17
17 24
24 17
18 20
20 18
18 21
21 18
19 20
20 19
19 22
22 19
19 25
25 19
20 21
21 20
20 22
22 20
22 23
23 22
22 25
25 22
24 26
26 24
24 806
806 24
24 1004
1004 24
25 26
26 25
25 1004
1004 25
26 1004
1004 26
27 28
28 27
27 29
29 27
27 63
63 27
27 942
942 27
28 29
29 28
28 30
30 28
28 32
32 28
28 35
35 28
28 63
63 28
28 64
64 28
29 30
30 29
30 31
31 30
30 32
32 30
30 33
33 30
30 40
40 30
30 41
41 30
31 32
32 31
31 33
33 31
31 35
35 31
32 35
35 32
33 34
34 33
33 35
35 33
33 40
40 33
34 35
35 34
34 38
38 34
34 39
39 34
34 40
40 34
35 36
36 35
35 38
38 35
35 63
63 35
35 64
64 35
35 87
87 35
36 37
37 36
36 38
38 36
36 64
64 36
36 87
87 36
36 140
140 36
37 38
38 37
37 138
138 37
37 140
140 37
38 39
39 38
38 138
138 38
38 920
920 38
38 923
923 38
39 40
40 39
39 41
41 39
39 920
920 39
39 923
923 39
40 41
41 40
41 923
923 41
41 949
949 41
42 43
43 42
42 44
44 42
42 892
892 42
42 899
899 42
42 916
916 42
43 44
44 43
44 892
892 44
44 893
893 44
44 894
894 44
44 900
900 44
44 972
972 44
44 980
980 44
45 46
46 45
45 47
47 45
45 434
434 45
45 435
435 45
46 47
47 46
46 48
48 46
46 53
53 46
46 55
55 46
46 56
56 46
46 433
433 46
46 434
434 46
47 48
48 47
47 435
435 47
47 930
930 47
48 49
49 48
48 53
53 48
48 866
866 48
48 868
868 48
48 930
930 48
49 50
50 49
49 51
51 49
49 53
53 49
49 868
868 49
50 51
51 50
50 60
60 50
50 61
61 50
50 868
868 50
51 52
52 51
51 53
53 51
51 60
60 51
51 61
61 51
52 53
53 52
52 60
60 52
53 54
54 53
53 56
56 53
53 60
60 53
54 55
55 54
54 56
56 54
54 57
57 54
54 59
59 54
54 60
60 54
55 56
56 55
55 57
57 55
55 433
433 55
57 58
58 57
57 59
59 57
57 258
258 57
57 433
433 57
57 650
650 57
58 59
59 58
58 60
60 58
58 61
61 58
58 258
258 58
58 869
869 58
58 870
870 58
59 60
60 59
60 61
61 60
61 870
870 61
62 63
63 62
62 65
65 62
62 66
66 62
62 280
280 62
62 471
471 62
62 943
943 62
62 944
944 62
63 64
64 63
63 65
65 63
63 942
942 63
63 943
943 63
64 65
65 64
64 68
68 64
64 70
70 64
64 85
85 64
64 87
87 64
65 66
66 65
65 68
68 65
65 69
69 65
66 67
67 66
66 69
69 66
66 471
471 66
66 478
478 66
66 480
480 66
67 69
69 67
67 72
72 67
67 477
477 67
67 478
478 67
67 480
480 67
67 690
690 67
68 69
69 68
68 70
70 68
68 71
71 68
68 73
73 68
69 72
72 69
69 73
73 69
70 71
71 70
70 74
74 70
70 77
77 70
70 79
79 70
70 83
83 70
70 84
84 70
70 85
85 70
71 73
73 71
71 74
74 71
72 73
73 72
72 74
74 72
72 75
75 72
72 689
689 72
72 690
690 72
73 74
74 73
74 75
75 74
74 77
77 74
74 79
79 74
75 76
76 75
75 77
77 75
75 689
689 75
76 77
77 76
76 78
78 76
76 174
174 76
76 175
175 76
76 189
189 76
76 689
689 76
76 692
692 76
77 78
78 77
77 79
79 77
78 79
79 78
78 165
165 78
78 174
174 78
78 189
189 78
79 80
80 79
79 81
81 79
79 84
84 79
79 165
165 79
80 81
81 80
80 86
86 80
80 142
142 80
80 149
149 80
80 150
150 80
80 165
165 80
81 82
82 81
81 84
84 81
81 86
86 81
82 83
83 82
82 84
84 82
82 85
85 82
82 86
86 82
83 84
84 83
83 85
85 83
85 86
86 85
85 87
87 85
86 87
87 86
86 142
142 86
86 150
150 86
87 140
140 87
87 142
142 87
88 90
90 88
88 93
93 88
88 95
95 88
88 103
103 88
88 104
104 88
88 108
108 88
88 116
116 88
88 118
118 88
88 137
137 88
89 90
90 89
89 107
107 89
89 137
137 89
89 651
651 89
89 652
652 89
89 662
662 89
90 107
107 90
90 108
108 90
90 116
116 90
90 137
137 90
91 92
92 91
91 95
95 91
91 573
573 91
92 95
95 92
92 96
96 92
92 99
99 92
92 407
407 92
92 573
573 92
93 94
94 93
93 95
95 93
93 103
103 93
93 104
104 93
94 95
95 94
94 96
96 94
94 97
97 94
94 103
103 94
94 105
105 94
95 96
96 95
95 137
137 95
95 573
573 95
96 97
97 96
96 98
98 96
96 99
99 96
97 98
98 97
97 101
101 97
97 105
105 97
98 99
99 98
98 100
100 98
98 101
101 98
98 102
102 98
99 100
100 99
99 406
406 99
99 407
407 99
99 875
875 99
100 102
102 100
100 873
873 100
100 875
875 100
100 876
876 100
101 102
102 101
101 105
105 101
101 106
106 101
101 125
125 101
101 126
126 101
101 131
131 101
102 131
131 102
102 132
132 102
102 873
873 102
103 104
104 103
103 105
105 103
103 106
106 103
104 106
106 104
104 117
117 104
104 118
118 104
104 120
120 104
104 126
126 104
105 106
106 105
106 125
125 106
106 126
126 106
107 108
108 107
107 109
109 107
107 110
110 107
107 652
652 107
107 659
659 107
108 109
109 108
108 115
115 108
108 116
116 108
108 118
118 108
109 110
110 109
109 118
118 109
109 119
119 109
110 111
111 110
110 112
112 110
110 119
119 110
110 446
446 110
110 658
658 110
110 659
659 110
111 112
112 111
111 119
119 111
111 122
122 111
111 446
446 111
111 447
447 111
112 113
113 112
112 114
114 112
112 119
119 112
112 120
120 112
112 121
121 112
112 122
122 112
113 114
114 113
113 119
119 113
113 120
120 113
113 126
126 113
113 127
127 113
113 133
133 113
114 121
121 114
114 127
127 114
114 133
133 114
115 116
116 115
115 118
118 115
116 118
118 116
117 118
118 117
117 119
119 117
117 120
120 117
117 126
126 117
118 119
119 118
119 120
120 119
120 126
126 120
120 127
127 120
121 122
122 121
121 133
133 121
121 134
134 121
122 133
133 122
122 134
134 122
122 446
446 122
122 447
447 122
122 461
461 122
123 124
124 123
123 128
128 123
123 134
134 123
123 135
135 123
123 136
136 123
123 872
872 123
123 886
886 123
123 895
895 123
123 896
896 123
124 134
134 124
124 135
135 124
124 461
461 124
124 462
462 124
124 463
463 124
124 464
464 124
124 895
895 124
124 971
971 124
125 126
126 125
125 127
127 125
125 128
128 125
125 129
129 125
125 130
130 125
125 131
131 125
126 127
127 126
127 128
128 127
127 133
133 127
127 134
134 127
128 129
129 128
128 134
134 128
128 872
872 128
129 130
130 129
129 872
872 129
130 131
131 130
130 872
872 130
131 132
132 131
131 872
872 131
132 872
872 132
132 873
873 132
132 878
878 132
133 134
134 133
134 135
135 134
134 136
136 134
134 461
461 134
134 462
462 134
135 136
136 135
137 573
573 137
137 661
661 137
137 662
662 137
137 663
663 137
137 713
713 137
137 714
714 137
138 139
139 138
138 140
140 138
138 144
144 138
138 147
147 138
138 920
920 138
139 140
140 139
139 141
141 139
139 144
144 139
139 151
151 139
139 152
152 139
140 141
141 140
140 142
142 140
141 142
142 141
141 152
152 141
142 150
150 142
142 152
152 142
143 157
157 143
143 158
158 143
143 159
159 143
143 161
161 143
143 164
164 143
143 209
209 143
143 212
212 143
144 145
145 144
144 146
146 144
144 147
147 144
144 151
151 144
145 146
146 145
145 151
151 145
145 153
153 145
145 156
156 145
145 157
157 145
146 147
147 146
146 156
156 146
146 157
157 146
146 164
164 146
147 162
162 147
147 164
164 147
147 920
920 147
148 149
149 148
148 154
154 148
148 165
165 148
148 168
168 148
149 150
150 149
149 154
154 149
149 165
165 149
150 152
152 150
150 154
154 150
151 152
152 151
151 153
153 151
152 153
153 152
152 154
154 152
152 155
155 152
153 155
155 153
153 156
156 153
154 155
155 154
154 168
168 154
154 206
206 154
154 208
208 154
155 156
156 155
155 208
208 155
156 157
157 156
156 208
208 156
156 209
209 156
157 164
164 157
157 209
209 157
158 159
159 158
158 161
161 158
158 252
252 158
158 254
254 158
159 212
212 159
159 215
215 159
159 252
252 159
160 161
161 160
160 163
163 160
160 164
164 160
160 254
254 160
160 256
256 160
160 924
924 160
161 163
163 161
161 164
164 161
161 254
254 161
161 256
256 161
162 163
163 162
162 164
164 162
162 920
920 162
162 925
925 162
163 164
164 163
163 920
920 163
163 924
924 163
163 925
925 163
165 166
166 165
165 167
167 165
165 168
168 165
165 174
174 165
166 167
167 166
166 169
169 166
166 174
174 166
166 189
189 166
167 168
168 167
167 169
169 167
167 178
178 167
167 203
203 167
167 207
207 167
168 206
206 168
168 207
207 168
168 208
208 168
169 173
173 169
169 176
176 169
169 178
178 169
169 179
179 169
169 188
188 169
169 189
189 169
170 171
171 170
170 172
172 170
170 182
182 170
170 183
183 170
170 186
186 170
170 195
195 170
170 196
196 170
170 639
639 170
171 183
183 171
171 185
185 171
171 186
186 171
171 639
639 171
171 642
642 171
171 643
643 171
171 644
644 171
171 683
683 171
172 187
187 172
172 192
192 172
172 193
193 172
172 196
196 172
172 201
201 172
172 639
639 172
173 175
175 173
173 176
176 173
173 188
188 173
173 190
190 173
174 189
189 174
175 188
188 175
175 189
189 175
175 190
190 175
175 679
679 175
175 692
692 175
176 177
177 176
176 178
178 176
176 179
179 176
176 180
180 176
176 188
188 176
176 190
190 176
177 180
180 177
177 184
184 177
177 190
190 177
177 191
191 177
177 679
679 177
177 684
684 177
178 179
179 178
178 203
203 178
178 204
204 178
178 207
207 178
179 180
180 179
179 181
181 179
179 182
182 179
179 197
197 179
179 198
198 179
179 204
204 179
180 181
181 180
180 184
184 180
180 185
185 180
181 182
182 181
181 183
183 181
181 185
185 181
182 183
183 182
182 195
195 182
182 197
197 182
183 185
185 183
183 186
186 183
184 185
185 184
184 683
683 184
184 684
684 184
185 186
186 185
185 683
683 185
187 193
193 187
187 234
234 187
187 235
235 187
187 238
238 187
187 619
619 187
187 621
621 187
187 639
639 187
187 641
641 187
188 189
189 188
190 191
191 190
190 679
679 190
190 692
692 190
191 679
679 191
191 684
684 191
192 193
193 192
192 196
196 192
192 201
201 192
192 202
202 192
192 226
226 192
192 227
227 192
193 226
226 193
193 227
227 193
193 234
234 193
193 235
235 193
194 195
195 194
194 196
196 194
194 198
198 194
194 199
199 194
194 201
201 194
194 202
202 194
194 205
205 194
195 196
196 195
195 197
197 195
195 198
198 195
196 201
201 196
197 198
198 197
198 204
204 198
198 205
205 198
199 200
200 199
199 201
201 199
199 202
202 199
199 205
205 199
199 210
210 199
199 211
211 199
200 202
202 200
200 211
211 200
200 216
216 200
201 202
202 201
202 216
216 202
202 226
226 202
203 204
204 203
203 206
206 203
203 207
207 203
203 209
209 203
203 210
210 203
204 205
205 204
204 210
210 204
205 210
210 205
205 211
211 205
206 207
207 206
206 208
208 206
206 209
209 206
208 209
209 208
209 210
210 209
209 211
211 209
209 212
212 209
209 213
213 209
210 211
211 210
210 213
213 210
211 213
213 211
211 216
216 211
212 213
213 212
212 214
214 212
212 215
215 212
213 214
214 213
213 216
216 213
213 217
217 213
214 215
215 214
214 217
217 214
215 217
217 215
215 219
219 215
215 248
248 215
215 252
252 215
216 217
217 216
216 218
218 216
216 220
220 216
216 222
222 216
216 226
226 216
216 229
229 216
217 218
218 217
217 219
219 217
218 219
219 218
218 220
220 218
218 221
221 218
218 228
228 218
218 229
229 218
219 221
221 219
219 248
248 219
220 222
222 220
220 223
223 220
220 224
224 220
220 229
229 220
221 228
228 221
221 230
230 221
221 240
240 221
221 247
247 221
221 248
248 221
221 249
249 221
222 223
223 222
222 224
224 222
222 226
226 222
222 227
227 222
223 224
224 223
223 225
225 223
223 228
228 223
223 229
229 223
223 231
231 223
224 225
225 224
224 227
227 224
224 235
235 224
225 231
231 225
225 233
233 225
225 235
235 225
225 236
236 225
226 227
227 226
227 235
235 227
228 229
229 228
228 230
230 228
228 231
231 228
230 231
231 230
230 240
240 230
231 233
233 231
231 240
240 231
232 233
233 232
232 236
236 232
232 237
237 232
232 238
238 232
232 246
246 232
232 601
601 232
232 602
602 232
232 604
604 232
232 605
605 232
232 619
619 232
233 236
236 233
233 237
237 233
233 240
240 233
233 246
246 233
234 235
235 234
234 236
236 234
234 237
237 234
234 238
238 234
235 236
236 235
235 237
237 235
236 237
237 236
237 238
238 237
238 619
619 238
238 621
621 238
239 240
240 239
239 241
241 239
239 242
242 239
239 245
245 239
239 247
247 239
239 250
250 239
240 241
241 240
240 245
245 240
240 246
246 240
240 247
247 240
241 242
242 241
241 244
244 241
241 245
245 241
242 243
243 242
242 244
244 242
242 247
247 242
242 250
250 242
242 426
426 242
242 427
427 242
243 244
244 243
243 426
426 243
243 427
427 243
243 585
585 243
243 648
648 243
244 245
245 244
244 585
585 244
244 594
594 244
245 246
246 245
245 585
585 245
245 594
594 245
245 600
600 245
246 594
594 246
246 600
600 246
246 601
601 246
246 602
602 246
247 249
249 247
247 250
250 247
247 251
251 247
248 249
249 248
248 251
251 248
248 252
252 248
248 255
255 248
249 251
251 249
250 251
251 250
250 253
253 250
250 254
254 250
250 257
257 250
250 427
427 250
250 428
428 250
251 253
253 251
251 254
254 251
251 255
255 251
252 254
254 252
252 255
255 252
253 254
254 253
253 256
256 253
253 257
257 253
254 255
255 254
254 256
256 254
256 257
257 256
256 924
924 256
256 936
936 256
257 428
428 257
257 934
934 257
257 936
936 257
258 259
259 258
258 260
260 258
258 261
261 258
258 275
275 258
258 276
276 258
258 650
650 258
258 869
869 258
258 870
870 258
259 260
260 259
259 261
261 259
259 262
262 259
259 275
275 259
260 261
261 260
260 265
265 260
260 650
650 260
261 262
262 261
261 265
265 261
262 263
263 262
262 265
265 262
262 266
266 262
262 272
272 262
262 273
273 262
262 275
275 262
263 265
265 263
263 266
266 263
263 267
267 263
263 273
273 263
264 265
265 264
264 267
267 264
264 268
268 264
264 269
269 264
264 448
448 264
264 452
452 264
264 453
453 264
264 650
650 264
265 266
266 265
265 268
268 265
265 650
650 265
266 267
267 266
266 268
268 266
267 268
268 267
267 269
269 267
267 273
273 267
267 274
274 267
268 269
269 268
269 270
270 269
269 271
271 269
269 274
274 269
269 277
277 269
269 452
452 269
269 453
453 269
270 271
271 270
270 277
277 270
270 905
905 270
271 453
453 271
271 456
456 271
271 457
457 271
271 465
465 271
271 905
905 271
271 976
976 271
272 273
273 272
272 274
274 272
272 275
275 272
272 276
276 272
273 274
274 273
274 276
276 274
274 277
277 274
275 276
276 275
276 277
277 276
276 869
869 276
276 905
905 276
276 983
983 276
277 905
905 277
278 280
280 278
278 939
939 278
278 944
944 278
279 280
280 279
279 466
466 279
279 468
468 279
279 474
474 279
279 835
835 279
279 836
836 279
280 471
471 280
280 473
473 280
280 474
474 280
280 939
939 280
280 944
944 280
281 321
321 281
281 323
323 281
281 360
360 281
281 511
511 281
282 283
283 282
282 284
284 282
282 360
360 282
282 362
362 282
282 511
511 282
282 524
524 282
282 525
525 282
283 284
284 283
283 286
286 283
283 287
287 283
283 288
288 283
283 362
362 283
284 285
285 284
284 286
286 284
284 524
524 284
284 525
525 284
284 536
536 284
284 537
537 284
285 286
286 285
285 287
287 285
285 290
290 285
285 536
536 285
285 537
537 285
285 552
552 285
286 287
287 286
287 288
288 287
287 290
290 287
287 421
421 287
288 289
289 288
288 362
362 288
288 363
363 288
288 365
365 288
288 421
421 288
289 365
365 289
289 366
366 289
289 367
367 289
289 369
369 289
289 418
418 289
289 421
421 289
289 425
425 289
290 421
421 290
290 422
422 290
290 424
424 290
290 537
537 290
290 552
552 290
290 569
569 290
291 292
292 291
291 293
293 291
291 296
296 291
291 624
624 291
291 631
631 291
292 296
296 292
292 311
311 292
292 314
314 292
292 613
613 292
292 617
617 292
292 624
624 292
293 295
295 293
293 296
296 293
293 301
301 293
293 302
302 293
293 303
303 293
293 304
304 293
293 305
305 293
293 308
308 293
293 628
628 293
293 631
631 293
294 295
295 294
294 305
305 294
294 309
309 294
294 310
310 294
294 313
313 294
294 315
315 294
295 296
296 295
295 305
305 295
295 315
315 295
296 314
314 296
296 315
315 296
297 298
298 297
297 299
299 297
297 300
300 297
297 301
301 297
297 302
302 297
297 303
303 297
297 304
304 297
298 300
300 298
298 303
303 298
298 304
304 298
298 307
307 298
298 627
627 298
298 735
735 298
298 743
743 298
299 300
300 299
299 301
301 299
299 628
628 299
299 637
637 299
300 301
301 300
300 625
625 300
300 626
626 300
300 627
627 300
300 637
637 300
301 302
302 301
301 628
628 301
301 631
631 301
301 637
637 301
302 304
304 302
303 304
304 303
303 305
305 303
303 307
307 303
303 308
308 303
305 306
306 305
305 308
308 305
305 309
309 305
306 308
308 306
306 309
309 306
306 330
330 306
306 337
337 306
306 338
338 306
306 735
735 306
306 736
736 306
307 308
308 307
307 735
735 307
308 309
309 308
308 735
735 308
309 310
310 309
309 330
330 309
310 312
312 310
310 313
313 310
310 315
315 310
310 327
327 310
310 330
330 310
310 331
331 310
311 314
314 311
311 315
315 311
311 316
316 311
311 318
318 311
311 319
319 311
311 613
613 311
311 617
617 311
312 313
313 312
312 327
327 312
312 331
331 312
313 315
315 313
313 316
316 313
313 317
317 313
313 325
325 313
313 327
327 313
314 315
315 314
315 316
316 315
315 317
317 315
316 317
317 316
316 319
319 316
316 320
320 316
317 319
319 317
317 320
320 317
317 325
325 317
317 327
327 317
318 319
319 318
318 320
320 318
318 321
321 318
318 325
325 318
318 611
611 318
318 613
613 318
319 320
320 319
320 321
321 320
320 325
325 320
321 322
322 321
321 323
323 321
321 325
325 321
321 511
511 321
321 609
609 321
321 611
611 321
322 323
323 322
322 325
325 322
323 324
324 323
323 325
325 323
323 358
358 323
323 359
359 323
323 360
360 323
323 361
361 323
324 325
325 324
324 326
326 324
324 329
329 324
324 359
359 324
325 326
326 325
325 327
327 325
326 327
327 326
326 328
328 326
326 329
329 326
327 328
328 327
327 331
331 327
328 329
329 328
328 331
331 328
328 336
336 328
329 332
332 329
329 336
336 329
329 348
348 329
329 357
357 329
329 359
359 329
330 331
331 330
330 334
334 330
330 335
335 330
330 337
337 330
331 334
334 331
331 335
335 331
331 336
336 331
332 333
333 332
332 335
335 332
332 336
336 332
332 344
344 332
332 348
348 332
332 353
353 332
333 335
335 333
333 344
344 333
333 345
345 333
333 346
346 333
333 347
347 333
333 761
761 333
333 766
766 333
334 335
335 334
334 337
337 334
335 336
336 335
335 337
337 335
335 339
339 335
335 766
766 335
335 768
768 335
336 348
348 336
337 338
338 337
337 339
339 337
338 339
339 338
338 736
736 338
338 753
753 338
338 754
754 338
339 754
754 339
339 768
768 339
340 341
341 340
340 342
342 340
340 380
380 340
340 381
381 340
340 392
392 340
341 342
342 341
341 346
346 341
341 347
347 341
341 381
381 341
341 391
391 341
341 392
392 341
341 396
396 341
341 751
751 341
341 752
752 341
342 343
343 342
342 344
344 342
342 345
345 342
342 347
347 342
342 349
349 342
342 378
378 342
342 380
380 342
343 349
349 343
343 350
350 343
343 376
376 343
343 378
378 343
343 380
380 343
344 345
345 344
344 349
349 344
344 353
353 344
345 347
347 345
346 347
347 346
346 751
751 346
346 761
761 346
346 765
765 346
346 766
766 346
348 351
351 348
348 353
353 348
348 355
355 348
348 357
357 348
348 359
359 348
349 350
350 349
349 352
352 349
349 353
353 349
349 354
354 349
350 352
352 350
350 355
355 350
350 375
375 350
350 376
376 350
350 378
378 350
351 352
352 351
351 353
353 351
351 354
354 351
351 355
355 351
352 353
353 352
352 354
354 352
352 355
355 352
353 354
354 353
355 356
356 355
355 357
357 355
355 368
368 355
355 375
375 355
356 357
357 356
356 358
358 356
356 364
364 356
356 367
367 356
356 368
368 356
357 358
358 357
357 359
359 357
358 359
359 358
358 361
361 358
358 362
362 358
358 363
363 358
358 364
364 358
359 361
361 359
360 361
361 360
360 362
362 360
360 511
511 360
361 362
362 361
362 363
363 362
362 365
365 362
363 364
364 363
363 365
365 363
363 366
366 363
364 365
365 364
364 366
366 364
364 367
367 364
365 366
366 365
366 367
367 366
367 368
368 367
367 369
369 367
367 370
370 367
367 371
371 367
368 370
370 368
368 375
375 368
369 371
371 369
369 413
413 369
369 416
416 369
369 418
418 369
370 371
371 370
370 374
374 370
370 375
375 370
371 372
372 371
371 374
374 371
371 413
413 371
371 416
416 371
372 373
373 372
372 374
374 372
372 379
379 372
372 416
416 372
372 417
417 372
373 374
374 373
373 376
376 373
373 377
377 373
373 378
378 373
373 379
379 373
374 375
375 374
374 376
376 374
374 377
377 374
375 376
376 375
375 377
377 375
376 377
377 376
376 378
378 376
378 379
379 378
378 380
380 378
378 382
382 378
379 380
380 379
379 382
382 379
379 383
383 379
379 385
385 379
379 417
417 379
380 381
381 380
380 382
382 380
381 382
382 381
381 388
388 381
381 392
392 381
381 394
394 381
382 383
383 382
382 384
384 382
382 394
394 382
383 384
384 383
383 385
385 383
383 386
386 383
384 386
386 384
384 389
389 384
384 390
390 384
384 394
394 384
385 386
386 385
385 401
401 385
385 402
402 385
385 417
417 385
386 389
389 386
386 390
390 386
386 401
401 386
386 402
402 386
386 412
412 386
387 388
388 387
387 389
389 387
387 390
390 387
387 393
393 387
387 395
395 387
387 403
403 387
387 956
956 387
387 958
958 387
388 391
391 388
388 392
392 388
388 393
393 388
388 394
394 388
388 395
395 388
389 390
390 389
389 393
393 389
389 394
394 389
390 402
402 390
390 403
403 390
390 412
412 390
391 392
392 391
391 395
395 391
391 396
396 391
393 394
394 393
395 396
396 395
395 809
809 395
395 956
956 395
396 751
751 396
396 752
752 396
396 809
809 396
397 398
398 397
397 399
399 397
397 400
400 397
397 405
405 397
397 407
407 397
397 414
414 397
397 419
419 397
397 420
420 397
398 407
407 398
398 419
419 398
398 420
420 398
398 421
421 398
398 424
424 398
399 400
400 399
399 401
401 399
399 405
405 399
399 414
414 399
399 415
415 399
399 416
416 399
399 417
417 399
399 420
420 399
400 401
401 400
400 405
405 400
400 409
409 400
401 402
402 401
401 409
409 401
401 410
410 401
401 417
417 401
402 403
403 402
402 410
410 402
402 411
411 402
402 412
412 402
403 404
404 403
403 410
410 403
403 411
411 403
403 412
412 403
403 874
874 403
403 958
958 403
403 959
959 403
403 966
966 403
404 405
405 404
404 406
406 404
404 409
409 404
404 410
410 404
404 874
874 404
404 875
875 404
405 406
406 405
405 407
407 405
405 408
408 405
405 409
409 405
406 407
407 406
406 408
408 406
406 875
875 406
407 408
408 407
407 423
423 407
407 424
424 407
407 572
572 407
407 573
573 407
409 410
410 409
411 412
412 411
413 414
414 413
413 415
415 413
413 416
416 413
413 418
418 413
413 419
419 413
414 415
415 414
414 418
418 414
414 419
419 414
414 420
420 414
415 416
416 415
416 417
417 416
418 419
419 418
418 421
421 418
418 425
425 418
419 420
420 419
419 421
421 419
419 424
424 419
421 424
424 421
422 423
423 422
422 424
424 422
422 569
569 422
423 424
424 423
423 569
569 423
423 572
572 423
423 573
573 423
426 427
427 426
426 429
429 426
426 443
443 426
426 648
648 426
427 428
428 427
427 429
429 427
428 429
429 428
428 430
430 428
428 431
431 428
428 444
444 428
428 934
934 428
429 431
431 429
429 443
443 429
429 444
444 429
429 445
445 429
430 431
431 430
430 432
432 430
430 434
434 430
430 435
435 430
430 934
934 430
430 937
937 430
431 432
432 431
431 444
444 431
432 434
434 432
432 435
435 432
432 436
436 432
432 439
439 432
432 444
444 432
433 434
434 433
433 437
437 433
433 438
438 433
433 650
650 433
434 435
435 434
434 436
436 434
434 437
437 434
435 930
930 435
435 935
935 435
435 937
937 435
435 938
938 435
436 437
437 436
436 439
439 436
437 438
438 437
437 439
439 437
437 441
441 437
437 442
442 437
438 441
441 438
438 442
442 438
438 650
650 438
439 440
440 439
439 441
441 439
439 444
444 439
440 441
441 440
440 444
444 440
440 445
445 440
441 442
442 441
441 444
444 441
441 445
445 441
442 445
445 442
442 647
647 442
442 650
650 442
443 445
445 443
443 647
647 443
443 648
648 443
444 445
445 444
445 647
647 445
445 648
648 445
446 447
447 446
446 449
449 446
446 653
653 446
446 658
658 446
447 449
449 447
447 458
458 447
447 461
461 447
448 449
449 448
448 450
450 448
448 452
452 448
448 650
650 448
448 653
653 448
449 450
450 449
449 455
455 449
449 458
458 449
449 459
459 449
449 653
653 449
450 451
451 450
450 452
452 450
450 453
453 450
450 454
454 450
450 455
455 450
451 452
452 451
451 453
453 451
451 454
454 451
452 453
453 452
453 454
454 453
453 456
456 453
454 455
455 454
454 456
456 454
454 457
457 454
455 457
457 455
455 459
459 455
455 460
460 455
455 464
464 455
456 457
457 456
457 460
460 457
457 464
464 457
457 465
465 457
458 459
459 458
458 461
461 458
459 460
460 459
459 461
461 459
459 462
462 459
460 462
462 460
460 463
463 460
460 464
464 460
461 462
462 461
462 463
463 462
463 464
464 463
464 465
465 464
464 971
971 464
464 976
976 464
465 971
971 465
465 976
976 465
466 467
467 466
466 468
468 466
466 470
470 466
466 474
474 466
466 475
475 466
467 468
468 467
467 469
469 467
467 470
470 467
467 490
490 467
468 469
469 468
468 833
833 468
468 835
835 468
469 490
490 469
469 833
833 469
469 844
844 469
470 475
475 470
470 490
490 470
470 492
492 470
470 493
493 470
471 473
473 471
471 476
476 471
471 478
478 471
472 473
473 472
472 474
474 472
472 475
475 472
472 483
483 472
473 474
474 473
473 476
476 473
473 483
483 473
474 475
475 474
475 483
483 475
475 493
493 475
476 478
478 476
476 480
480 476
476 482
482 476
476 483
483 476
476 485
485 476
477 479
479 477
477 480
480 477
477 481
481 477
477 482
482 477
477 690
690 477
478 480
480 478
478 482
482 478
479 481
481 479
479 498
498 479
479 690
690 479
480 482
482 480
481 482
482 481
481 484
484 481
481 486
486 481
481 498
498 481
482 483
483 482
482 484
484 482
482 485
485 482
483 485
485 483
483 487
487 483
483 488
488 483
483 493
493 483
484 485
485 484
484 486
486 484
484 487
487 484
484 489
489 484
485 487
487 485
486 489
489 486
486 496
496 486
486 497
497 486
486 498
498 486
486 510
510 486
487 488
488 487
487 489
489 487
488 489
489 488
488 493
493 488
488 496
496 488
489 496
496 489
489 497
497 489
490 492
492 490
490 844
844 490
490 853
853 490
490 856
856 490
490 857
857 490
491 492
492 491
491 493
493 491
491 494
494 491
491 496
496 491
491 857
857 491
492 493
493 492
492 857
857 492
493 496
496 493
494 495
495 494
494 496
496 494
494 718
718 494
494 857
857 494
495 496
496 495
495 497
497 495
495 718
718 495
495 719
719 495
496 497
497 496
497 498
498 497
497 502
502 497
497 504
504 497
497 506
506 497
497 508
508 497
497 510
510 497
497 718
718 497
497 719
719 497
498 499
499 498
498 500
500 498
498 510
510 498
498 690
690 498
498 697
697 498
498 698
698 498
499 500
500 499
499 697
697 499
499 698
698 499
499 704
704 499
500 501
501 500
500 509
509 500
500 510
510 500
500 704
704 500
501 503
503 501
501 509
509 501
501 510
510 501
501 703
703 501
501 704
704 501
501 707
707 501
502 504
504 502
502 509
509 502
502 510
510 502
503 505
505 503
503 509
509 503
503 703
703 503
503 705
705 503
503 707
707 503
503 709
709 503
504 506
506 504
504 509
509 504
505 507
507 505
505 509
509 505
505 705
705 505
505 709
709 505
506 507
507 506
506 508
508 506
506 509
509 506
507 508
508 507
507 509
509 507
507 705
705 507
507 719
719 507
507 726
726 507
508 719
719 508
509 510
510 509
511 512
512 511
511 524
524 511
511 609
609 511
512 513
513 512
512 514
514 512
512 522
522 512
512 523
523 512
512 524
524 512
512 609
609 512
513 514
514 513
513 517
517 513
513 519
519 513
513 520
520 513
513 522
522 513
514 515
515 514
514 517
517 514
514 519
519 514
514 603
603 514
514 607
607 514
514 608
608 514
514 609
609 514
515 516
516 515
515 517
517 515
515 518
518 515
515 603
603 515
515 710
710 515
516 518
518 516
516 530
530 516
516 598
598 516
516 601
601 516
516 602
602 516
516 603
603 516
516 710
710 516
517 518
518 517
517 519
519 517
517 521
521 517
517 528
528 517
518 528
528 518
518 529
529 518
518 710
710 518
519 520
520 519
519 521
521 519
520 521
521 520
520 522
522 520
520 527
527 520
520 528
528 520
521 528
528 521
522 523
523 522
522 525
525 522
522 526
526 522
522 527
527 522
523 524
524 523
523 525
525 523
523 526
526 523
524 525
525 524
525 526
526 525
525 535
535 525
525 536
536 525
526 527
527 526
526 534
534 526
526 535
535 526
526 536
536 526
527 528
528 527
527 534
534 527
527 535
535 527
528 529
529 528
528 534
534 528
528 711
711 528
529 533
533 529
529 539
539 529
529 710
710 529
529 711
711 529
530 531
531 530
530 532
532 530
530 597
597 530
530 598
598 530
530 710
710 530
531 532
532 531
531 542
542 531
531 543
543 531
531 544
544 531
531 597
597 531
532 533
533 532
532 542
542 532
532 543
543 532
532 710
710 532
533 539
539 533
533 540
540 533
533 542
542 533
533 710
710 533
534 535
535 534
534 711
711 534
535 536
536 535
535 711
711 535
536 537
537 536
536 538
538 536
536 711
711 536
537 538
538 537
537 551
551 537
537 552
552 537
538 539
539 538
538 550
550 538
538 551
551 538
538 552
552 538
538 711
711 538
539 540
540 539
539 547
547 539
539 548
548 539
539 549
549 539
539 550
550 539
539 710
710 539
539 711
711 539
539 712
712 539
540 542
542 540
540 547
547 540
541 542
542 541
541 547
547 541
542 543
543 542
542 547
547 542
543 544
544 543
543 545
545 543
543 546
546 543
543 547
547 543
544 545
545 544
544 558
558 544
544 592
592 544
544 596
596 544
544 597
597 544
545 546
546 545
545 558
558 545
545 560
560 545
546 547
547 546
546 557
557 546
546 560
560 546
547 548
548 547
547 557
557 547
548 556
556 548
548 557
557 548
548 712
712 548
549 550
550 549
549 712
712 549
550 551
551 550
550 553
553 550
550 554
554 550
550 712
712 550
551 552
552 551
551 553
553 551
552 553
553 552
552 569
569 552
553 554
554 553
553 555
555 553
553 562
562 553
553 569
569 553
554 555
555 554
554 561
561 554
554 562
562 554
554 712
712 554
555 561
561 555
555 562
562 555
555 566
566 555
555 712
712 555
556 557
557 556
556 561
561 556
556 712
712 556
557 560
560 557
557 561
561 557
557 563
563 557
557 564
564 557
558 559
559 558
558 560
560 558
558 590
590 558
558 591
591 558
558 592
592 558
559 560
560 559
559 565
565 559
559 590
590 559
560 564
564 560
560 565
565 560
561 563
563 561
561 566
566 561
561 712
712 561
562 566
566 562
562 567
567 562
562 569
569 562
562 571
571 562
563 564
564 563
563 566
566 563
563 570
570 563
563 576
576 563
564 565
565 564
564 576
576 564
564 578
578 564
564 666
666 564
565 578
578 565
565 590
590 565
566 567
567 566
566 570
570 566
566 571
571 566
567 568
568 567
567 569
569 567
567 571
571 567
568 569
569 568
568 571
571 568
568 572
572 568
569 572
572 569
570 571
571 570
570 574
574 570
570 575
575 570
570 576
576 570
571 572
572 571
571 573
573 571
571 574
574 571
572 573
573 572
573 574
574 573
573 663
663 573
574 575
575 574
574 663
663 574
575 576
576 575
575 663
663 575
575 664
664 575
575 665
665 575
576 665
665 576
576 666
666 576
577 578
578 577
577 579
579 577
577 581
581 577
577 590
590 577
578 579
579 578
578 590
590 578
578 666
666 578
578 668
668 578
579 581
581 579
579 666
666 579
579 668
668 579
580 581
581 580
580 582
582 580
580 583
583 580
580 584
584 580
580 586
586 580
580 589
589 580
581 582
582 581
581 583
583 581
581 589
589 581
581 590
590 581
581 668
668 581
582 583
583 582
582 668
668 582
582 669
669 582
583 584
584 583
583 648
648 583
583 649
649 583
583 669
669 583
583 671
671 583
584 585
585 584
584 586
586 584
584 589
589 584
584 648
648 584
585 586
586 585
585 587
587 585
585 594
594 585
585 648
648 585
586 587
587 586
586 588
588 586
586 589
589 586
587 588
588 587
587 593
593 587
587 594
594 587
588 589
589 588
588 592
592 588
588 593
593 588
589 590
590 589
589 592
592 589
590 591
591 590
590 592
592 590
591 592
592 591
592 593
593 592
592 595
595 592
592 596
596 592
593 594
594 593
593 595
595 593
593 599
599 593
593 600
600 593
594 600
600 594
595 596
596 595
595 597
597 595
595 598
598 595
595 599
599 595
596 597
597 596
597 598
598 597
598 599
599 598
598 601
601 598
599 600
600 599
599 601
601 599
600 601
601 600
601 602
602 601
602 603
603 602
602 604
604 602
603 604
604 603
603 605
605 603
603 606
606 603
603 607
607 603
604 605
605 604
605 606
606 605
605 619
619 605
605 620
620 605
606 607
607 606
606 614
614 606
606 619
619 606
606 620
620 606
607 608
608 607
607 610
610 607
607 614
614 607
608 609
609 608
608 610
610 608
608 611
611 608
608 614
614 608
609 610
610 609
609 611
611 609
610 611
611 610
610 612
612 610
610 614
614 610
610 617
617 610
610 618
618 610
611 612
612 611
611 613
613 611
611 617
617 611
612 613
613 612
612 617
617 612
613 617
617 613
614 615
615 614
614 618
618 614
614 620
620 614
614 622
622 614
615 616
616 615
615 618
618 615
615 622
622 615
616 617
617 616
616 618
618 616
616 622
622 616
616 623
623 616
617 618
618 617
617 623
623 617
617 624
624 617
618 623
623 618
619 620
620 619
619 621
621 619
620 621
621 620
620 622
622 620
621 622
622 621
621 641
641 621
621 645
645 621
622 623
623 622
622 630
630 622
622 645
645 622
623 624
624 623
623 630
630 623
623 631
631 623
623 645
645 623
624 631
631 624
625 626
626 625
625 633
633 625
625 634
634 625
625 635
635 625
625 637
637 625
625 672
672 625
625 674
674 625
626 627
627 626
626 673
673 626
626 674
674 626
627 673
673 627
627 686
686 627
627 739
739 627
627 743
743 627
627 748
748 627
628 629
629 628
628 631
631 628
628 636
636 628
628 637
637 628
628 640
640 628
628 646
646 628
629 630
630 629
629 631
631 629
629 640
640 629
629 646
646 629
630 631
631 630
630 645
645 630
630 646
646 630
632 633
633 632
632 637
637 632
632 638
638 632
632 643
643 632
632 644
644 632
633 634
634 633
633 637
637 633
633 642
642 633
633 643
643 633
634 635
635 634
634 642
642 634
635 642
642 635
635 672
672 635
635 674
674 635
635 683
683 635
636 637
637 636
636 638
638 636
636 640
640 636
637 638
638 637
638 640
640 638
638 644
644 638
639 640
640 639
639 641
641 639
639 644
644 639
640 641
641 640
640 644
644 640
640 646
646 640
641 645
645 641
641 646
646 641
642 643
643 642
642 672
672 642
642 683
683 642
643 644
644 643
645 646
646 645
647 648
648 647
647 649
649 647
647 650
650 647
647 657
657 647
648 649
649 648
649 654
654 649
649 656
656 649
649 657
657 649
649 671
671 649
650 653
653 650
650 657
657 650
651 652
652 651
651 653
653 651
651 654
654 651
651 662
662 651
651 670
670 651
651 671
671 651
652 653
653 652
652 659
659 652
653 654
654 653
653 655
655 653
653 656
656 653
653 657
657 653
653 658
658 653
653 659
659 653
654 655
655 654
654 656
656 654
654 670
670 654
654 671
671 654
655 656
656 655
656 657
657 656
658 659
659 658
660 661
661 660
660 667
667 660
660 669
669 660
660 713
713 660
661 662
662 661
661 669
669 661
661 670
670 661
661 713
713 661
662 670
670 662
663 664
664 663
663 713
713 663
663 714
714 663
664 665
665 664
664 713
713 664
665 666
666 665
665 667
667 665
665 713
713 665
666 667
667 666
666 668
668 666
667 668
668 667
667 669
669 667
667 713
713 667
668 669
669 668
669 670
670 669
669 671
671 669
670 671
671 670
672 674
674 672
672 675
675 672
672 678
678 672
672 679
679 672
672 680
680 672
672 681
681 672
672 682
682 672
672 683
683 672
672 684
684 672
673 674
674 673
673 675
675 673
673 676
676 673
673 685
685 673
673 686
686 673
673 748
748 673
674 675
675 674
674 681
681 674
675 676
676 675
675 681
681 675
675 688
688 675
675 694
694 675
675 700
700 675
676 685
685 676
676 688
688 676
677 678
678 677
677 682
682 677
677 689
689 677
677 691
691 677
677 693
693 677
677 694
694 677
678 680
680 678
678 682
682 678
678 691
691 678
678 692
692 678
679 680
680 679
679 684
684 679
679 692
692 679
680 682
682 680
680 692
692 680
681 682
682 681
681 694
694 681
682 694
694 682
683 684
684 683
685 686
686 685
685 688
688 685
686 687
687 686
686 688
688 686
686 695
695 686
686 696
696 686
686 700
700 686
686 737
737 686
686 748
748 686
686 749
749 686
687 688
688 687
687 696
696 687
687 700
700 687
688 694
694 688
688 700
700 688
689 690
690 689
689 691
691 689
689 692
692 689
689 693
693 689
689 694
694 689
689 698
698 689
690 698
698 690
691 692
692 691
693 694
694 693
693 698
698 693
693 699
699 693
694 699
699 694
694 700
700 694
695 696
696 695
695 706
706 695
695 708
708 695
695 721
721 695
695 734
734 695
695 737
737 695
695 738
738 695
696 700
700 696
696 703
703 696
696 706
706 696
696 708
708 696
697 698
698 697
697 699
699 697
697 704
704 697
698 699
699 698
699 700
700 699
699 701
701 699
699 702
702 699
699 704
704 699
700 701
701 700
700 702
702 700
700 703
703 700
701 702
702 701
702 703
703 702
702 704
704 702
703 704
704 703
703 706
706 703
703 707
707 703
703 709
709 703
705 706
706 705
705 709
709 705
705 721
721 705
705 726
726 705
705 728
728 705
706 708
708 706
706 709
709 706
706 721
721 706
706 728
728 706
706 734
734 706
707 709
709 707
713 714
714 713
715 716
716 715
715 717
717 715
715 718
718 715
715 719
719 715
715 720
720 715
715 857
857 715
715 862
862 715
716 717
717 716
716 720
720 716
716 804
804 716
716 857
857 716
716 862
862 716
717 720
720 717
717 722
722 717
717 727
727 717
717 803
803 717
717 804
804 717
718 719
719 718
718 857
857 718
719 720
720 719
719 726
726 719
720 726
726 720
720 727
727 720
721 728
728 721
721 733
733 721
721 734
734 721
722 724
724 722
722 727
727 722
722 778
778 722
722 781
781 722
722 782
782 722
722 800
800 722
722 803
803 722
723 725
725 723
723 729
729 723
723 731
731 723
723 732
732 723
723 733
733 723
723 734
734 723
723 738
738 723
723 742
742 723
724 726
726 724
724 727
727 724
724 728
728 724
724 730
730 724
724 782
782 724
725 729
729 725
725 742
742 725
725 758
758 725
725 795
795 725
726 727
727 726
726 728
728 726
727 782
782 727
728 730
730 728
728 731
731 728
728 732
732 728
728 733
733 728
729 731
731 729
729 772
772 729
729 790
790 729
729 795
795 729
730 731
731 730
730 772
772 730
730 782
782 730
731 732
732 731
731 733
733 731
731 772
772 731
732 733
733 732
733 734
734 733
734 738
738 734
735 736
736 735
735 743
743 735
735 744
744 735
736 740
740 736
736 744
744 736
736 747
747 736
736 753
753 736
736 756
756 736
737 738
738 737
737 739
739 737
737 748
748 737
737 749
749 737
738 739
739 738
738 740
740 738
738 741
741 738
738 742
742 738
739 740
740 739
739 743
743 739
739 744
744 739
739 745
745 739
739 748
748 739
740 741
741 740
740 744
744 740
740 746
746 740
740 747
747 740
741 742
742 741
741 746
746 741
741 756
756 741
741 758
758 741
741 759
759 741
742 758
758 742
742 759
759 742
742 795
795 742
743 744
744 743
743 745
745 743
744 745
745 744
746 747
747 746
746 756
756 746
746 759
759 746
747 753
753 747
747 756
756 747
748 749
749 748
750 757
757 750
750 759
759 750
750 760
760 750
750 761
761 750
750 763
763 750
750 766
766 750
750 767
767 750
750 770
770 750
751 752
752 751
751 764
764 751
751 765
765 751
751 809
809 751
751 812
812 751
751 819
819 751
752 809
809 752
752 819
819 752
753 754
754 753
753 755
755 753
753 756
756 753
753 769
769 753
754 768
768 754
754 769
769 754
755 756
756 755
755 757
757 755
755 767
767 755
755 769
769 755
756 757
757 756
756 759
759 756
756 769
769 756
757 759
759 757
757 767
767 757
757 770
770 757
758 759
759 758
758 770
770 758
758 771
771 758
758 779
779 758
758 786
786 758
758 795
795 758
759 770
770 759
759 771
771 759
760 761
761 760
760 763
763 760
760 764
764 760
760 765
765 760
760 766
766 760
761 764
764 761
761 765
765 761
761 766
766 761
762 763
763 762
762 764
764 762
762 770
770 762
762 771
771 762
762 784
784 762
762 810
810 762
762 812
812 762
763 764
764 763
763 770
770 763
763 771
771 763
764 765
765 764
764 810
810 764
764 812
812 764
764 819
819 764
766 767
767 766
766 768
768 766
766 769
769 766
767 769
769 767
768 769
769 768
770 771
771 770
771 779
779 771
771 784
784 771
771 786
786 771
772 782
782 772
772 783
783 772
772 788
788 772
772 789
789 772
772 790
790 772
772 791
791 772
772 793
793 772
773 774
774 773
773 776
776 773
773 789
789 773
773 797
797 773
773 798
798 773
773 801
801 773
774 775
775 774
774 796
796 774
774 797
797 774
774 798
798 774
774 799
799 774
775 796
796 775
775 797
797 775
775 799
799 775
775 823
823 775
776 778
778 776
776 780
780 776
776 789
789 776
776 793
793 776
776 798
798 776
776 800
800 776
776 801
801 776
776 802
802 776
777 779
779 777
777 786
786 777
777 792
792 777
777 794
794 777
777 795
795 777
778 780
780 778
778 781
781 778
778 782
782 778
778 802
802 778
779 786
786 779
779 795
795 779
780 781
781 780
780 800
800 780
781 800
800 781
781 803
803 781
782 783
783 782
782 802
802 782
783 791
791 783
783 802
802 783
784 785
785 784
784 786
786 784
784 810
810 784
785 786
786 785
785 787
787 785
785 788
788 785
785 797
797 785
785 810
810 785
785 811
811 785
786 787
787 786
786 792
792 786
787 788
788 787
787 790
790 787
787 792
792 787
788 789
789 788
788 790
790 788
788 797
797 788
789 793
793 789
789 797
797 789
790 792
792 790
790 794
794 790
790 795
795 790
791 793
793 791
791 802
802 791
792 794
794 792
793 802
802 793
794 795
795 794
796 797
797 796
796 814
814 796
796 816
816 796
796 820
820 796
796 823
823 796
797 810
810 797
797 811
811 797
797 814
814 797
797 816
816 797
798 799
799 798
798 801
801 798
798 806
806 798
799 806
806 799
799 822
822 799
799 823
823 799
800 801
801 800
800 803
803 800
801 803
803 801
801 805
805 801
801 806
806 801
803 804
804 803
803 805
805 803
803 807
807 803
803 808
808 803
804 807
807 804
804 860
860 804
804 862
862 804
805 806
806 805
805 808
808 805
806 822
822 806
806 1004
1004 806
806 1010
1010 806
807 808
808 807
807 858
858 807
807 860
860 807
807 863
863 807
809 818
818 809
809 819
819 809
809 824
824 809
809 956
956 809
809 957
957 809
810 811
811 810
810 812
812 810
810 813
813 810
811 813
813 811
811 814
814 811
812 813
813 812
812 819
819 812
812 821
821 812
812 825
825 812
813 814
814 813
813 815
815 813
813 821
821 813
813 825
825 813
814 815
815 814
814 816
816 814
814 817
817 814
815 816
816 815
815 817
817 815
815 818
818 815
815 819
819 815
815 821
821 815
815 824
824 815
816 817
817 816
816 820
820 816
817 820
820 817
817 824
824 817
817 826
826 817
818 819
819 818
818 821
821 818
818 824
824 818
819 821
821 819
819 825
825 819
820 822
822 820
820 823
823 820
820 826
826 820
820 827
827 820
820 1009
1009 820
821 825
825 821
822 823
823 822
822 1004
1004 822
822 1009
1009 822
822 1010
1010 822
824 826
826 824
824 827
827 824
824 957
957 824
824 1011
1011 824
826 827
827 826
827 1009
1009 827
827 1011
1011 827
827 1012
1012 827
828 829
829 828
828 830
830 828
829 830
830 829
829 839
839 829
829 840
840 829
829 841
841 829
830 831
831 830
830 832
832 830
830 838
838 830
830 839
839 830
831 832
832 831
831 834
834 831
832 834
834 832
832 838
838 832
833 835
835 833
833 836
836 833
833 837
837 833
833 844
844 833
833 846
846 833
834 836
836 834
834 837
837 834
834 838
838 834
835 836
836 835
836 837
837 836
837 838
838 837
837 843
843 837
837 845
845 837
837 846
846 837
838 839
839 838
838 843
843 838
839 840
840 839
839 842
842 839
839 843
843 839
840 841
841 840
840 842
842 840
840 849
849 840
840 850
850 840
841 850
850 841
842 843
843 842
842 847
847 842
842 849
849 842
843 845
845 843
843 847
847 843
844 845
845 844
844 846
846 844
844 848
848 844
844 853
853 844
844 854
854 844
845 846
846 845
845 847
847 845
845 848
848 845
847 848
848 847
847 849
849 847
847 851
851 847
848 851
851 848
848 854
854 848
849 850
850 849
849 851
851 849
849 852
852 849
851 852
852 851
851 854
854 851
851 855
855 851
851 858
858 851
852 858
858 852
853 854
854 853
853 855
855 853
853 856
856 853
854 855
855 854
855 856
856 855
855 858
858 855
855 861
861 855
856 857
857 856
856 861
861 856
857 861
861 857
857 862
862 857
858 859
859 858
858 861
861 858
858 863
863 858
859 860
860 859
859 861
861 859
859 862
862 859
859 863
863 859
860 862
862 860
860 863
863 860
861 862
862 861
864 865
865 864
864 866
866 864
864 867
867 864
864 930
930 864
864 952
952 864
864 954
954 864
864 955
955 864
865 867
867 865
865 868
868 865
865 951
951 865
865 952
952 865
866 867
867 866
866 868
868 866
866 930
930 866
867 868
868 867
869 870
870 869
869 871
871 869
869 983
983 869
869 984
984 869
870 871
871 870
871 984
984 871
871 985
985 871
872 878
878 872
872 880
880 872
872 886
886 872
872 889
889 872
873 876
876 873
873 877
877 873
873 878
878 873
873 879
879 873
873 883
883 873
874 875
875 874
874 877
877 874
874 966
966 874
875 876
876 875
875 877
877 875
876 877
877 876
877 883
883 877
877 966
966 877
877 968
968 877
878 879
879 878
878 880
880 878
879 880
880 879
879 883
883 879
879 884
884 879
880 884
884 880
880 886
886 880
880 889
889 880
881 882
882 881
881 883
883 881
881 884
884 881
881 888
888 881
881 917
917 881
881 919
919 881
881 968
968 881
882 885
885 882
882 888
888 882
882 892
892 882
882 917
917 882
882 919
919 882
883 884
884 883
883 966
966 883
883 968
968 883
884 888
888 884
884 889
889 884
884 890
890 884
885 887
887 885
885 888
888 885
885 890
890 885
885 891
891 885
885 892
892 885
885 893
893 885
885 894
894 885
886 887
887 886
886 889
889 886
886 890
890 886
886 891
891 886
886 896
896 886
887 891
891 887
887 894
894 887
887 896
896 887
888 890
890 888
889 890
890 889
890 891
891 890
892 893
893 892
892 916
916 892
892 917
917 892
893 894
894 893
894 896
896 894
894 972
972 894
895 896
896 895
895 971
971 895
896 971
971 896
896 972
972 896
897 898
898 897
897 899
899 897
897 908
908 897
897 909
909 897
898 899
899 898
898 908
908 898
898 916
916 898
899 916
916 899
900 901
901 900
900 902
902 900
900 945
945 900
900 980
980 900
900 981
981 900
900 982
982 900
901 902
902 901
901 997
997 901
902 945
945 902
902 948
948 902
902 997
997 902
903 904
904 903
903 906
906 903
903 1000
1000 903
904 906
906 904
904 996
996 904
905 906
906 905
905 946
946 905
905 947
947 905
905 976
976 905
905 983
983 905
905 989
989 905
906 947
947 906
906 989
989 906
906 990
990 906
906 996
996 906
906 1000
1000 906
907 909
909 907
907 910
910 907
907 911
911 907
907 912
912 907
907 913
913 907
907 957
957 907
907 962
962 907
907 1015
1015 907
907 1016
1016 907
908 909
909 908
908 910
910 908
908 916
916 908
909 910
910 909
909 1015
1015 909
909 1018
1018 909
910 911
911 910
910 915
915 910
910 916
916 910
911 913
913 911
911 914
914 911
911 915
915 911
912 913
913 912
912 918
918 912
912 919
919 912
912 962
962 912
912 963
963 912
913 914
914 913
913 917
917 913
913 918
918 913
914 915
915 914
914 916
916 914
914 917
917 914
915 916
916 915
916 917
917 916
917 918
918 917
917 919
919 917
918 919
919 918
919 962
962 919
919 963
963 919
919 968
968 919
919 969
969 919
919 970
970 919
920 921
921 920
920 922
922 920
920 923
923 920
920 925
925 920
921 922
922 921
921 925
925 921
921 926
926 921
921 927
927 921
922 923
923 922
922 927
927 922
922 928
928 922
923 928
928 923
923 930
930 923
923 949
949 923
923 955
955 923
924 925
925 924
924 926
926 924
924 928
928 924
924 931
931 924
924 936
936 924
925 926
926 925
926 927
927 926
926 928
928 926
927 928
928 927
928 929
929 928
928 930
930 928
928 931
931 928
929 930
930 929
929 931
931 929
929 932
932 929
930 932
932 930
930 938
938 930
930 955
955 930
931 932
932 931
931 933
933 931
931 936
936 931
932 933
933 932
932 938
938 932
933 935
935 933
933 936
936 933
933 937
937 933
933 938
938 933
934 936
936 934
934 937
937 934
935 937
937 935
935 938
938 935
936 937
937 936
939 940
940 939
939 941
941 939
939 944
944 939
940 941
941 940
940 943
943 940
940 944
944 940
941 942
942 941
941 943
943 941
942 943
943 942
943 944
944 943
945 946
946 945
945 947
947 945
945 948
948 945
945 981
981 945
945 982
982 945
946 947
947 946
946 976
976 946
946 977
977 946
946 982
982 946
947 948
948 947
947 999
999 947
947 1000
1000 947
948 997
997 948
948 999
999 948
949 950
950 949
949 953
953 949
949 954
954 949
949 955
955 949
950 951
951 950
950 953
953 950
950 954
954 950
951 952
952 951
951 953
953 951
952 953
953 952
952 954
954 952
953 954
954 953
954 955
955 954
956 957
957 956
956 958
958 956
956 964
964 956
956 965
965 956
957 961
961 957
957 962
962 957
957 964
964 957
957 965
965 957
957 1011
1011 957
957 1016
1016 957
958 959
959 958
958 960
960 958
958 965
965 958
959 960
960 959
959 966
966 959
959 967
967 959
960 961
961 960
960 963
963 960
960 964
964 960
960 965
965 960
960 967
967 960
961 962
962 961
961 963
963 961
961 964
964 961
962 963
963 962
963 967
967 963
963 969
969 963
964 965
965 964
966 967
967 966
966 968
968 966
967 968
968 967
967 969
969 967
968 969
969 968
968 970
970 968
969 970
970 969
971 972
972 971
971 973
973 971
971 975
975 971
971 976
976 971
972 973
973 972
972 978
978 972
972 979
979 972
972 980
980 972
973 974
974 973
973 975
975 973
973 978
978 973
974 975
975 974
974 978
978 974
975 976
976 975
975 977
977 975
975 978
978 975
976 977
977 976
977 978
978 977
977 982
982 977
978 979
979 978
978 982
982 978
979 980
980 979
979 981
981 979
979 982
982 979
980 981
981 980
981 982
982 981
983 984
984 983
983 987
987 983
983 989
989 983
984 985
985 984
984 986
986 984
984 987
987 984
984 989
989 984
985 986
986 985
985 994
994 985
986 987
987 986
986 992
992 986
986 993
993 986
986 994
994 986
987 988
988 987
987 989
989 987
987 990
990 987
987 992
992 987
988 989
989 988
988 990
990 988
989 990
990 989
990 991
991 990
990 992
992 990
990 996
996 990
991 992
992 991
991 993
993 991
991 994
994 991
991 995
995 991
991 996
996 991
992 993
993 992
993 994
994 993
994 995
995 994
994 996
996 994
995 996
996 995
997 998
998 997
997 999
999 997
997 1001
1001 997
997 1002
1002 997
997 1003
1003 997
998 999
999 998
998 1000
1000 998
998 1001
1001 998
998 1002
1002 998
999 1000
1000 999
1000 1001
1001 1000
1000 1003
1003 1000
1001 1002
1002 1001
1001 1003
1003 1001
1004 1005
1005 1004
1004 1006
1006 1004
1004 1007
1007 1004
1004 1008
1008 1004
1004 1010
1010 1004
1005 1006
1006 1005
1005 1017
1017 1005
1005 1018
1018 1005
1006 1007
1007 1006
1006 1017
1017 1006
1007 1008
1008 1007
1007 1014
1014 1007
1007 1017
1017 1007
1008 1009
1009 1008
1008 1010
1010 1008
1008 1013
1013 1008
1008 1014
1014 1008
1008 1017
1017 1008
1009 1010
1010 1009
1009 1012
1012 1009
1009 1013
1013 1009
1011 1012
1012 1011
1011 1016
1016 1011
1012 1013
1013 1012
1012 1014
1014 1012
1012 1016
1016 1012
1013 1014
1014 1013
1013 1016
1016 1013
1014 1015
1015 1014
1014 1016
1016 1014
1014 1017
1017 1014
1015 1016
1016 1015
1015 1017
1017 1015
1015 1018
1018 1015
1017 1018
1018 1017
