0 40
40 0
0 41
41 0
0 121
121 0
0 131
131 0
0 132
132 0
0 143
143 0
0 144
144 0
0 492
492 0
0 494
494 0
1 2
2 1
1 3
3 1
1 40
40 1
1 144
144 1
1 146
146 1
2 3
3 2
2 5
5 2
2 9
9 2
2 10
10 2
2 11
11 2
2 37
37 2
2 39
39 2
2 40
40 2
3 4
4 3
3 5
5 3
3 144
144 3
3 146
146 3
4 5
5 4
4 6
6 4
4 145
145 4
4 146
146 4
5 6
6 5
5 9
9 5
5 10
10 5
6 7
7 6
6 8
8 6
6 9
9 6
6 145
145 6
6 147
147 6
6 148
148 6
6 152
152 6
7 8
8 7
7 125
125 7
7 147
147 7
7 148
148 7
7 151
151 7
8 151
151 8
8 152
152 8
9 10
10 9
9 13
13 9
9 14
14 9
9 152
152 9
10 11
11 10
10 12
12 10
10 13
13 10
11 12
12 11
11 29
29 11
11 36
36 11
11 37
37 11
11 38
38 11
11 39
39 11
12 13
13 12
12 22
22 12
12 23
23 12
12 24
24 12
12 29
29 12
13 14
14 13
13 15
15 13
13 22
22 13
14 15
15 14
14 16
16 14
14 152
152 14
15 16
16 15
15 19
19 15
15 22
22 15
15 109
109 15
16 17
17 16
16 18
18 16
16 109
109 16
16 149
149 16
16 150
150 16
16 152
152 16
16 357
357 16
16 360
360 16
16 744
744 16
17 18
18 17
18 109
109 18
18 357
357 18
19 20
20 19
19 21
21 19
19 22
22 19
19 109
109 19
20 21
21 20
20 22
22 20
20 109
109 20
20 357
357 20
20 358
358 20
21 22
22 21
21 23
23 21
21 26
26 21
21 358
358 21
21 359
359 21
22 23
23 22
22 26
26 22
23 24
24 23
23 25
25 23
23 26
26 23
23 29
29 23
24 25
25 24
24 26
26 24
24 28
28 24
24 29
29 24
24 32
32 24
25 26
26 25
25 27
27 25
25 28
28 25
25 359
359 25
26 359
359 26
27 28
28 27
27 52
52 27
27 61
61 27
27 157
157 27
27 359
359 27
28 29
29 28
28 32
32 28
28 33
33 28
28 50
50 28
28 51
51 28
28 52
52 28
29 30
30 29
29 31
31 29
29 32
32 29
29 35
35 29
29 36
36 29
30 31
31 30
30 32
32 30
31 32
32 31
31 33
33 31
31 34
34 31
31 35
35 31
31 36
36 31
32 33
33 32
33 34
34 33
33 48
48 33
33 50
50 33
34 35
35 34
34 48
48 34
34 49
49 34
34 50
50 34
34 153
153 34
34 154
154 34
35 36
36 35
35 154
154 35
36 38
38 36
36 154
154 36
37 38
38 37
37 39
39 37
37 154
154 37
38 154
154 38
39 40
40 39
39 41
41 39
39 42
42 39
39 153
153 39
39 154
154 39
40 41
41 40
40 144
144 40
41 42
42 41
41 43
43 41
41 492
492 41
42 43
43 42
42 44
44 42
42 45
45 42
42 153
153 42
43 44
44 43
43 45
45 43
43 491
491 43
43 492
492 43
44 45
45 44
44 70
70 44
44 84
84 44
44 172
172 44
44 491
491 44
45 46
46 45
45 47
47 45
45 70
70 45
45 84
84 45
45 153
153 45
46 47
47 46
46 69
69 46
46 70
70 46
47 48
48 47
47 56
56 47
47 57
57 47
47 66
66 47
47 69
69 47
47 153
153 47
48 49
49 48
48 50
50 48
48 56
56 48
48 57
57 48
48 153
153 48
49 153
153 49
50 51
51 50
50 55
55 50
50 56
56 50
51 52
52 51
51 53
53 51
51 55
55 51
52 53
53 52
52 61
61 52
53 54
54 53
53 55
55 53
53 61
61 53
54 55
55 54
54 60
60 54
54 61
61 54
55 56
56 55
55 58
58 55
55 60
60 55
56 57
57 56
56 58
58 56
57 58
58 57
57 65
65 57
57 66
66 57
58 59
59 58
58 60
60 58
58 63
63 58
58 65
65 58
58 66
66 58
59 60
60 59
59 61
61 59
59 62
62 59
59 63
63 59
59 65
65 59
60 61
61 60
61 62
62 61
61 63
63 61
61 156
156 61
61 157
157 61
62 63
63 62
62 64
64 62
62 76
76 62
62 77
77 62
62 78
78 62
62 155
155 62
62 156
156 62
63 64
64 63
63 65
65 63
64 65
65 64
64 67
67 64
64 76
76 64
65 66
66 65
65 67
67 65
66 67
67 66
66 69
69 66
67 68
68 67
67 69
69 67
67 73
73 67
67 74
74 67
67 75
75 67
67 76
76 67
68 69
69 68
68 70
70 68
68 71
71 68
68 73
73 68
69 70
70 69
70 71
71 70
70 84
84 70
71 72
72 71
71 73
73 71
71 84
84 71
71 85
85 71
72 73
73 72
72 83
83 72
72 84
84 72
72 85
85 72
73 75
75 73
73 80
80 73
73 82
82 73
73 83
83 73
74 75
75 74
74 76
76 74
75 76
76 75
75 78
78 75
75 80
80 75
76 77
77 76
76 78
78 76
76 80
80 76
77 78
78 77
77 79
79 77
77 91
91 77
77 92
92 77
77 94
94 77
77 155
155 77
77 163
163 77
78 79
79 78
78 80
80 78
79 80
80 79
79 81
81 79
79 91
91 79
79 92
92 79
80 81
81 80
80 82
82 80
81 82
82 81
81 91
91 81
82 83
83 82
82 85
85 82
82 86
86 82
82 87
87 82
82 91
91 82
83 85
85 83
84 85
85 84
84 172
172 84
85 87
87 85
85 102
102 85
85 103
103 85
85 172
172 85
86 87
87 86
86 90
90 86
86 91
91 86
87 88
88 87
87 90
90 87
87 101
101 87
87 102
102 87
88 89
89 88
88 90
90 88
88 101
101 88
88 102
102 88
89 90
90 89
89 92
92 89
89 93
93 89
89 100
100 89
89 101
101 89
90 91
91 90
90 92
92 90
90 93
93 90
91 92
92 91
92 93
93 92
92 94
94 92
93 94
94 93
93 99
99 93
93 100
100 93
94 95
95 94
94 96
96 94
94 97
97 94
94 98
98 94
94 99
99 94
94 155
155 94
94 163
163 94
94 164
164 94
94 165
165 94
94 187
187 94
94 189
189 94
94 360
360 94
95 96
96 95
95 97
97 95
95 98
98 95
96 97
97 96
96 186
186 96
96 187
187 96
96 189
189 96
96 190
190 96
97 98
98 97
97 107
107 97
97 108
108 97
97 186
186 97
98 99
99 98
98 100
100 98
98 107
107 98
99 100
100 99
100 101
101 100
100 107
107 100
101 102
102 101
101 105
105 101
101 106
106 101
101 107
107 101
102 103
103 102
102 104
104 102
102 105
105 102
102 106
106 102
103 104
104 103
103 105
105 103
103 172
172 103
104 105
105 104
104 172
172 104
104 175
175 104
104 184
184 104
104 192
192 104
105 106
106 105
105 184
184 105
106 107
107 106
106 108
108 106
106 184
184 106
106 185
185 106
107 108
108 107
108 184
184 108
108 185
185 108
108 186
186 108
109 357
357 109
109 358
358 109
110 111
111 110
110 115
115 110
110 118
118 110
110 560
560 110
110 563
563 110
110 564
564 110
111 112
112 111
111 114
114 111
111 115
115 111
111 560
560 111
111 561
561 111
112 113
113 112
112 114
114 112
112 360
360 112
112 550
550 112
112 552
552 112
112 553
553 112
112 560
560 112
112 561
561 112
113 114
114 113
113 124
124 113
113 125
125 113
113 360
360 113
114 115
115 114
114 124
124 114
114 125
125 114
115 118
118 115
115 124
124 115
116 117
117 116
116 119
119 116
116 120
120 116
116 513
513 116
116 565
565 116
117 118
118 117
117 119
119 117
117 120
120 117
117 564
564 117
117 565
565 117
118 119
119 118
118 123
123 118
118 124
124 118
118 564
564 118
119 120
120 119
119 121
121 119
119 122
122 119
119 123
123 119
120 121
121 120
120 122
122 120
120 494
494 120
120 513
513 120
121 122
122 121
121 129
129 121
121 130
130 121
121 131
131 121
121 494
494 121
121 513
513 121
122 123
123 122
122 128
128 122
122 129
129 122
122 130
130 122
123 124
124 123
123 127
127 123
123 128
128 123
123 129
129 123
124 125
125 124
124 126
126 124
124 127
127 124
124 128
128 124
125 126
126 125
125 136
136 125
125 137
137 125
125 138
138 125
125 148
148 125
125 149
149 125
125 150
150 125
125 151
151 125
125 360
360 125
126 127
127 126
126 136
136 126
126 137
137 126
127 128
128 127
127 135
135 127
127 136
136 127
127 137
137 127
128 129
129 128
128 134
134 128
128 135
135 128
128 136
136 128
129 130
130 129
129 131
131 129
129 134
134 129
129 135
135 129
130 131
131 130
131 132
132 131
131 133
133 131
131 134
134 131
132 133
133 132
132 142
142 132
132 143
143 132
133 134
134 133
133 140
140 133
133 142
142 133
133 143
143 133
134 135
135 134
134 139
139 134
134 140
140 134
134 142
142 134
135 136
136 135
135 138
138 135
135 139
139 135
135 140
140 135
136 137
137 136
136 138
138 136
136 139
139 136
137 138
138 137
138 139
139 138
138 147
147 138
138 148
148 138
139 140
140 139
139 145
145 139
139 147
147 139
139 148
148 139
140 141
141 140
140 142
142 140
140 145
145 140
140 147
147 140
141 142
142 141
141 143
143 141
141 144
144 141
141 145
145 141
141 146
146 141
142 143
143 142
143 144
144 143
143 146
146 143
144 146
146 144
145 146
146 145
145 147
147 145
147 148
148 147
149 150
150 149
149 360
360 149
150 151
151 150
150 152
152 150
151 152
152 151
153 154
154 153
155 156
156 155
155 162
162 155
155 163
163 155
156 157
157 156
156 161
161 156
156 162
162 156
156 163
163 156
157 158
158 157
157 159
159 157
157 160
160 157
157 161
161 157
157 170
170 157
157 359
359 157
158 159
159 158
158 160
160 158
158 170
170 158
159 160
160 159
159 169
169 159
159 170
170 159
159 360
360 159
160 161
161 160
160 168
168 160
160 169
169 160
161 162
162 161
161 167
167 161
161 168
168 161
162 163
163 162
162 164
164 162
162 167
167 162
163 164
164 163
163 167
167 163
164 165
165 164
164 166
166 164
164 167
167 164
165 166
166 165
165 167
167 165
165 360
360 165
166 167
167 166
167 168
168 167
167 360
360 167
168 169
169 168
168 360
360 168
169 360
360 169
170 357
357 170
170 358
358 170
170 359
359 170
170 360
360 170
170 744
744 170
171 172
172 171
171 179
179 171
171 182
182 171
171 207
207 171
171 209
209 171
171 321
321 171
171 322
322 171
171 470
470 171
171 472
472 171
171 473
473 171
172 173
173 172
172 174
174 172
172 175
175 172
172 179
179 172
172 472
472 172
172 473
473 172
172 489
489 172
172 491
491 172
173 174
174 173
173 178
178 173
173 179
179 173
174 175
175 174
174 178
178 174
175 176
176 175
175 177
177 175
175 178
178 175
175 192
192 175
176 177
177 176
176 181
181 176
176 183
183 176
176 192
192 176
176 202
202 176
176 203
203 176
176 204
204 176
176 205
205 176
177 178
178 177
177 180
180 177
177 181
181 177
178 179
179 178
178 180
180 178
179 180
180 179
179 181
181 179
179 182
182 179
179 209
209 179
180 181
181 180
181 182
182 181
181 183
183 181
182 183
183 182
182 209
209 182
182 210
210 182
183 202
202 183
183 210
210 183
183 211
211 183
183 212
212 183
184 185
185 184
184 190
190 184
184 191
191 184
184 192
192 184
185 186
186 185
185 190
190 185
185 191
191 185
186 189
189 186
186 190
190 186
187 188
188 187
187 189
189 187
187 197
197 187
187 198
198 187
187 199
199 187
187 360
360 187
188 189
189 188
188 190
190 188
188 196
196 188
188 197
197 188
188 198
198 188
189 190
190 189
190 191
191 190
190 193
193 190
190 196
196 190
190 197
197 190
191 192
192 191
191 193
193 191
192 193
193 192
192 203
203 192
193 194
194 193
193 195
195 193
193 196
196 193
193 203
203 193
194 195
195 194
194 197
197 194
194 203
203 194
195 196
196 195
195 197
197 195
196 197
197 196
197 198
198 197
197 201
201 197
197 202
202 197
197 203
203 197
198 199
199 198
198 200
200 198
198 201
201 198
199 200
200 199
199 217
217 199
199 231
231 199
199 360
360 199
200 201
201 200
200 217
217 200
201 202
202 201
201 215
215 201
201 216
216 201
201 217
217 201
202 203
203 202
202 205
205 202
202 212
212 202
202 214
214 202
202 215
215 202
202 216
216 202
203 204
204 203
203 205
205 203
204 205
205 204
206 207
207 206
206 208
208 206
206 222
222 206
206 223
223 206
206 224
224 206
206 241
241 206
207 208
208 207
207 209
209 207
207 223
223 207
207 249
249 207
207 263
263 207
207 322
322 207
207 329
329 207
208 240
240 208
208 241
241 208
208 242
242 208
208 243
243 208
208 245
245 208
208 246
246 208
208 249
249 208
209 210
210 209
209 222
222 209
209 223
223 209
210 211
211 210
210 222
222 210
211 212
212 211
211 221
221 211
211 222
222 211
211 224
224 211
211 225
225 211
212 213
213 212
212 214
214 212
212 221
221 212
213 214
214 213
213 215
215 213
213 221
221 213
213 227
227 213
214 215
215 214
215 216
216 215
215 219
219 215
215 220
220 215
215 221
221 215
215 227
227 215
216 217
217 216
216 218
218 216
216 219
219 216
217 218
218 217
217 231
231 217
218 219
219 218
218 231
231 218
219 220
220 219
219 231
231 219
220 227
227 220
220 229
229 220
220 231
231 220
221 224
224 221
221 225
225 221
221 226
226 221
221 227
227 221
221 228
228 221
222 223
223 222
222 224
224 222
224 225
225 224
224 240
240 224
224 241
241 224
225 226
226 225
225 240
240 225
225 241
241 225
226 228
228 226
226 235
235 226
226 236
236 226
226 240
240 226
227 228
228 227
227 229
229 227
227 230
230 227
228 229
229 228
228 230
230 228
228 234
234 228
228 235
235 228
229 230
230 229
229 231
231 229
229 233
233 229
230 231
231 230
230 232
232 230
230 233
233 230
230 234
234 230
230 235
235 230
231 232
232 231
231 233
233 231
231 247
247 231
231 248
248 231
231 257
257 231
231 258
258 231
231 259
259 231
231 269
269 231
231 270
270 231
231 360
360 231
232 233
233 232
232 234
234 232
232 247
247 232
232 248
248 232
233 234
234 233
234 235
235 234
234 237
237 234
234 244
244 234
234 247
247 234
235 236
236 235
235 237
237 235
236 237
237 236
236 238
238 236
236 239
239 236
236 240
240 236
237 238
238 237
237 239
239 237
237 244
244 237
237 245
245 237
237 247
247 237
238 239
239 238
238 240
240 238
238 244
244 238
238 245
245 238
238 246
246 238
240 241
241 240
240 246
246 240
241 246
246 241
242 243
243 242
242 249
249 242
242 250
250 242
242 251
251 242
243 245
245 243
243 246
246 243
243 251
251 243
244 245
245 244
244 247
247 244
244 248
248 244
245 246
246 245
245 248
248 245
245 251
251 245
245 259
259 245
247 248
248 247
248 259
259 248
249 250
250 249
249 251
251 249
249 261
261 249
249 263
263 249
249 264
264 249
250 251
251 250
250 256
256 250
250 261
261 250
251 255
255 251
251 256
256 251
251 259
259 251
251 260
260 251
252 253
253 252
252 254
254 252
252 257
257 252
252 258
258 252
252 260
260 252
253 254
254 253
253 258
258 253
253 269
269 253
254 260
260 254
254 269
269 254
254 272
272 254
255 256
256 255
255 259
259 255
255 260
260 255
255 268
268 255
255 272
272 255
256 261
261 256
256 262
262 256
256 266
266 256
256 268
268 256
257 258
258 257
257 259
259 257
257 260
260 257
258 269
269 258
259 260
260 259
260 272
272 260
261 262
262 261
261 263
263 261
261 264
264 261
261 265
265 261
262 265
265 262
262 266
266 262
262 268
268 262
263 264
264 263
263 281
281 263
263 282
282 263
263 285
285 263
263 329
329 263
264 265
265 264
264 281
281 264
265 266
266 265
265 277
277 265
265 278
278 265
265 281
281 265
266 267
267 266
266 268
268 266
266 275
275 266
266 276
276 266
266 277
277 266
267 268
268 267
267 271
271 267
267 272
272 267
267 273
273 267
267 274
274 267
267 275
275 267
267 307
307 267
268 272
272 268
269 270
270 269
269 271
271 269
269 272
272 269
270 271
271 270
270 274
274 270
270 287
287 270
270 295
295 270
270 296
296 270
270 297
297 270
270 298
298 270
270 299
299 270
270 302
302 270
270 303
303 270
270 304
304 270
270 305
305 270
270 306
306 270
270 308
308 270
270 309
309 270
270 310
310 270
270 314
314 270
270 360
360 270
270 1029
1029 270
270 1177
1177 270
270 1181
1181 270
270 1184
1184 270
271 272
272 271
271 273
273 271
271 274
274 271
273 274
274 273
274 275
275 274
274 307
307 274
274 308
308 274
274 309
309 274
275 276
276 275
275 307
307 275
276 277
277 276
276 307
307 276
276 312
312 276
277 278
278 277
277 293
293 277
277 294
294 277
277 307
307 277
277 312
312 277
277 313
313 277
278 280
280 278
278 281
281 278
278 292
292 278
278 293
293 278
279 282
282 279
279 283
283 279
279 284
284 279
279 289
289 279
279 290
290 279
280 281
281 280
280 282
282 280
280 284
284 280
280 291
291 280
280 292
292 280
281 282
282 281
281 285
285 281
282 284
284 282
282 285
285 282
282 286
286 282
282 289
289 282
283 284
284 283
283 290
290 283
283 291
291 283
284 290
290 284
284 291
291 284
285 286
286 285
285 287
287 285
285 300
300 285
285 301
301 285
285 329
329 285
286 287
287 286
286 289
289 286
287 288
288 287
287 289
289 287
287 297
297 287
287 299
299 287
287 300
300 287
287 301
301 287
287 302
302 287
288 289
289 288
288 290
290 288
288 296
296 288
288 297
297 288
288 298
298 288
289 290
290 289
290 291
291 290
290 295
295 290
290 296
296 290
290 298
298 290
291 292
292 291
291 294
294 291
291 295
295 291
291 296
296 291
292 293
293 292
292 294
294 292
292 295
295 292
293 294
294 293
294 295
295 294
294 312
312 294
294 313
313 294
294 314
314 294
295 296
296 295
295 313
313 295
295 314
314 295
296 298
298 296
296 314
314 296
297 298
298 297
299 300
300 299
299 302
302 299
299 303
303 299
299 305
305 299
300 301
301 300
300 302
302 300
300 303
303 300
300 329
329 300
301 302
302 301
303 304
304 303
303 305
305 303
303 306
306 303
303 329
329 303
303 1175
1175 303
303 1177
1177 303
304 306
306 304
304 1175
1175 304
304 1177
1177 304
304 1181
1181 304
305 306
306 305
307 308
308 307
307 311
311 307
307 312
312 307
308 309
309 308
308 310
310 308
308 311
311 308
309 310
310 309
309 311
311 309
310 311
311 310
310 312
312 310
310 313
313 310
310 314
314 310
311 312
312 311
312 313
313 312
313 314
314 313
315 316
316 315
315 318
318 315
315 332
332 315
315 333
333 315
315 336
336 315
315 337
337 315
316 317
317 316
316 318
318 316
316 336
336 316
316 337
337 316
316 338
338 316
316 463
463 316
316 506
506 316
317 318
318 317
317 461
461 317
317 463
463 317
317 506
506 317
318 319
319 318
318 323
323 318
318 324
324 318
318 332
332 318
318 461
461 318
318 463
463 318
319 320
320 319
319 321
321 319
319 322
322 319
319 323
323 319
319 324
324 319
319 461
461 319
319 470
470 319
320 321
321 320
321 322
322 321
321 323
323 321
321 470
470 321
322 323
323 322
322 328
328 322
322 329
329 322
323 324
324 323
323 327
327 323
323 328
328 323
324 325
325 324
324 327
327 324
324 332
332 324
325 326
326 325
325 327
327 325
325 332
332 325
325 334
334 325
325 335
335 325
326 327
327 326
326 328
328 326
326 335
335 326
327 328
328 327
328 329
329 328
328 330
330 328
328 335
335 328
329 330
330 329
329 331
331 329
329 339
339 329
329 340
340 329
329 1175
1175 329
329 1401
1401 329
330 331
331 330
330 334
334 330
330 335
335 330
331 334
334 331
331 335
335 331
331 340
340 331
331 343
343 331
331 355
355 331
332 333
333 332
332 334
334 332
333 334
334 333
333 336
336 333
333 343
343 333
334 335
335 334
334 343
343 334
336 337
337 336
336 343
343 336
337 338
338 337
337 343
343 337
338 342
342 338
338 343
343 338
338 501
501 338
338 506
506 338
339 340
340 339
339 341
341 339
339 342
342 339
339 347
347 339
339 349
349 339
339 350
350 339
339 351
351 339
339 352
352 339
339 376
376 339
339 501
501 339
339 1401
1401 339
340 352
352 340
340 353
353 340
340 355
355 340
340 356
356 340
341 342
342 341
341 344
344 341
341 349
349 341
342 343
343 342
342 344
344 342
342 501
501 342
343 344
344 343
343 345
345 343
343 346
346 343
343 353
353 343
343 354
354 343
343 355
355 343
344 345
345 344
344 346
346 344
344 348
348 344
344 349
349 344
344 352
352 344
345 346
346 345
346 352
352 346
346 353
353 346
347 348
348 347
347 351
351 347
347 352
352 347
348 349
349 348
348 351
351 348
348 352
352 348
349 350
350 349
349 351
351 349
350 351
351 350
352 353
353 352
353 354
354 353
353 356
356 353
354 355
355 354
354 356
356 354
355 356
356 355
357 358
358 357
357 360
360 357
357 744
744 357
358 359
359 358
360 550
550 360
360 568
568 360
360 744
744 360
360 1029
1029 360
360 1183
1183 360
360 1184
1184 360
361 363
363 361
361 365
365 361
361 379
379 361
362 363
363 362
362 364
364 362
362 367
367 362
362 381
381 362
363 364
364 363
363 365
365 363
363 381
381 363
364 365
365 364
364 367
367 364
364 368
368 364
365 368
368 365
365 369
369 365
365 379
379 365
366 367
367 366
366 370
370 366
366 372
372 366
366 391
391 366
366 499
499 366
366 500
500 366
367 368
368 367
367 372
372 367
367 381
381 367
367 391
391 367
368 369
369 368
368 371
371 368
368 372
372 368
369 371
371 369
369 373
373 369
369 374
374 369
369 376
376 369
369 379
379 369
370 372
372 370
370 374
374 370
370 375
375 370
370 497
497 370
370 498
498 370
370 499
499 370
371 372
372 371
371 373
373 371
372 373
373 372
372 374
374 372
372 375
375 372
373 374
374 373
374 375
375 374
374 376
376 374
375 376
376 375
375 496
496 375
375 497
497 375
375 501
501 375
376 377
377 376
376 378
378 376
376 379
379 376
376 501
501 376
377 378
378 377
377 379
379 377
378 379
379 378
380 381
381 380
380 382
382 380
380 383
383 380
380 385
385 380
380 386
386 380
380 387
387 380
380 390
390 380
380 392
392 380
380 395
395 380
381 382
382 381
381 383
383 381
381 390
390 381
381 391
391 381
382 383
383 382
382 385
385 382
382 390
390 382
382 391
391 382
384 385
385 384
384 388
388 384
384 389
389 384
384 390
390 384
384 496
496 384
384 498
498 384
385 387
387 385
385 388
388 385
385 389
389 385
385 390
390 385
386 387
387 386
386 389
389 386
386 395
395 386
386 397
397 386
386 398
398 386
387 389
389 387
388 389
389 388
389 398
398 389
389 496
496 389
390 391
391 390
390 496
496 390
390 498
498 390
390 500
500 390
391 500
500 391
392 393
393 392
392 395
395 392
392 403
403 392
392 1516
1516 392
393 394
394 393
393 395
395 393
393 403
403 393
394 395
395 394
394 396
396 394
394 401
401 394
394 402
402 394
394 403
403 394
395 396
396 395
395 397
397 395
396 397
397 396
396 398
398 396
396 400
400 396
396 402
402 396
397 398
398 397
398 400
400 398
398 496
496 398
399 400
400 399
399 401
401 399
399 402
402 399
399 405
405 399
399 507
507 399
400 401
401 400
400 402
402 400
400 432
432 400
400 496
496 400
400 507
507 400
400 510
510 400
401 402
402 401
401 403
403 401
401 405
405 401
402 403
403 402
403 404
404 403
403 405
405 403
403 1516
1516 403
404 405
405 404
404 406
406 404
404 1516
1516 404
405 406
406 405
405 407
407 405
405 507
507 405
406 407
407 406
406 1516
1516 406
407 412
412 407
407 414
414 407
407 425
425 407
407 427
427 407
407 507
507 407
407 1486
1486 407
407 1516
1516 407
408 409
409 408
408 410
410 408
408 412
412 408
408 1486
1486 408
409 410
410 409
409 411
411 409
409 412
412 409
410 411
411 410
410 415
415 410
410 417
417 410
410 513
513 410
410 514
514 410
410 1485
1485 410
410 1486
1486 410
411 412
412 411
411 413
413 411
411 415
415 411
411 417
417 411
412 413
413 412
412 414
414 412
412 1486
1486 412
413 414
414 413
413 415
415 413
414 415
415 414
414 418
418 414
414 425
425 414
415 416
416 415
415 417
417 415
415 418
418 415
416 417
417 416
416 418
418 416
416 419
419 416
417 419
419 417
417 480
480 417
417 513
513 417
418 419
419 418
418 425
425 418
419 420
420 419
419 422
422 419
419 424
424 419
419 425
425 419
419 480
480 419
420 422
422 420
420 423
423 420
420 424
424 420
421 422
422 421
421 423
423 421
421 441
441 421
421 442
442 421
421 446
446 421
421 447
447 421
421 449
449 421
421 455
455 421
422 423
423 422
422 425
425 422
422 441
441 422
423 424
424 423
423 455
455 423
423 456
456 423
424 456
456 424
424 480
480 424
425 426
426 425
425 427
427 425
425 440
440 425
425 441
441 425
426 427
427 426
426 428
428 426
426 429
429 426
426 438
438 426
426 439
439 426
426 440
440 426
426 441
441 426
427 428
428 427
427 507
507 427
428 429
429 428
428 507
507 428
429 430
430 429
429 433
433 429
429 434
434 429
429 438
438 429
429 507
507 429
430 433
433 430
430 507
507 430
431 432
432 431
431 433
433 431
431 435
435 431
431 507
507 431
432 435
435 432
432 507
507 432
432 508
508 432
432 510
510 432
433 434
434 433
433 435
435 433
433 507
507 433
434 435
435 434
434 436
436 434
434 438
438 434
434 443
443 434
434 445
445 434
435 436
436 435
435 508
508 435
435 510
510 435
436 443
443 436
436 445
445 436
436 508
508 436
437 453
453 437
437 457
457 437
437 460
460 437
437 474
474 437
437 475
475 437
437 476
476 437
437 477
477 437
437 485
485 437
437 486
486 437
438 439
439 438
438 443
443 438
439 440
440 439
439 443
443 439
439 444
444 439
440 441
441 440
440 442
442 440
440 444
444 440
441 442
442 441
441 446
446 441
442 444
444 442
442 446
446 442
443 444
444 443
443 445
445 443
444 445
445 444
444 446
446 444
444 447
447 444
444 448
448 444
445 448
448 445
445 451
451 445
445 508
508 445
445 509
509 445
446 447
447 446
447 448
448 447
447 449
449 447
447 450
450 447
448 449
449 448
448 450
450 448
448 451
451 448
448 452
452 448
448 509
509 448
449 450
450 449
449 454
454 449
449 455
455 449
450 451
451 450
450 452
452 450
450 454
454 450
450 458
458 450
450 459
459 450
451 452
452 451
451 509
509 451
452 459
459 452
452 460
460 452
452 475
475 452
452 509
509 452
452 511
511 452
453 454
454 453
453 456
456 453
453 457
457 453
453 458
458 453
453 460
460 453
454 455
455 454
454 456
456 454
454 457
457 454
454 458
458 454
455 456
456 455
456 457
457 456
456 480
480 456
456 481
481 456
457 481
481 457
457 482
482 457
457 484
484 457
457 485
485 457
457 487
487 457
458 459
459 458
458 460
460 458
459 460
460 459
460 475
475 460
461 462
462 461
461 463
463 461
461 470
470 461
462 463
463 462
462 466
466 462
462 470
470 462
463 466
466 463
463 467
467 463
463 506
506 463
464 465
465 464
464 469
469 464
464 472
472 464
464 478
478 464
465 466
466 465
465 467
467 465
465 468
468 465
465 469
469 465
465 470
470 465
465 471
471 465
465 472
472 465
466 467
467 466
466 470
470 466
466 471
471 466
467 468
468 467
467 503
503 467
467 504
504 467
467 506
506 467
468 469
469 468
468 479
479 468
468 503
503 468
469 478
478 469
469 479
479 469
470 471
471 470
470 472
472 470
471 472
472 471
472 473
473 472
472 478
478 472
473 474
474 473
473 477
477 473
473 478
478 473
473 488
488 473
473 489
489 473
474 477
477 474
474 484
484 474
474 486
486 474
474 488
488 474
474 489
489 474
475 476
476 475
475 509
509 475
475 511
511 475
476 477
477 476
476 511
511 476
477 478
478 477
477 479
479 477
477 501
501 477
477 511
511 477
478 479
479 478
479 501
501 479
479 502
502 479
479 503
503 479
480 481
481 480
480 495
495 480
480 513
513 480
481 482
482 481
481 483
483 481
481 493
493 481
481 495
495 481
482 483
483 482
482 487
487 482
483 487
487 483
483 488
488 483
483 490
490 483
483 492
492 483
483 493
493 483
483 495
495 483
484 485
485 484
484 486
486 484
484 487
487 484
484 488
488 484
485 486
486 485
485 487
487 485
487 488
488 487
488 489
489 488
488 490
490 488
489 490
490 489
489 491
491 489
490 491
491 490
490 492
492 490
491 492
492 491
492 493
493 492
492 494
494 492
492 495
495 492
493 495
495 493
494 495
495 494
494 513
513 494
495 513
513 495
496 497
497 496
496 498
498 496
496 501
501 496
496 510
510 496
496 511
511 496
497 498
498 497
497 499
499 497
498 499
499 498
498 500
500 498
499 500
500 499
501 502
502 501
501 503
503 501
501 505
505 501
501 506
506 501
501 511
511 501
502 503
503 502
502 505
505 502
503 504
504 503
503 505
505 503
504 505
505 504
504 506
506 504
505 506
506 505
508 509
509 508
508 510
510 508
508 511
511 508
509 511
511 509
510 511
511 510
512 513
513 512
512 514
514 512
512 515
515 512
512 521
521 512
512 567
567 512
513 514
514 513
513 520
520 513
513 521
521 513
513 522
522 513
513 524
524 513
513 526
526 513
513 565
565 513
514 515
515 514
514 1465
1465 514
514 1466
1466 514
514 1468
1468 514
514 1485
1485 514
515 521
521 515
515 567
567 515
515 568
568 515
515 1465
1465 515
515 1468
1468 515
516 517
517 516
516 529
529 516
516 566
566 516
517 518
518 517
517 519
519 517
517 520
520 517
517 522
522 517
517 523
523 517
517 528
528 517
517 529
529 517
517 566
566 517
517 568
568 517
518 519
519 518
518 520
520 518
518 521
521 518
518 522
522 518
518 567
567 518
519 567
567 519
519 568
568 519
520 522
522 520
520 523
523 520
520 524
524 520
521 522
522 521
521 567
567 521
523 524
524 523
523 525
525 523
523 528
528 523
523 529
529 523
524 525
525 524
524 526
526 524
525 526
526 525
525 528
528 525
526 527
527 526
526 528
528 526
526 539
539 526
526 554
554 526
526 555
555 526
526 565
565 526
527 539
539 527
527 540
540 527
527 554
554 527
528 529
529 528
528 531
531 528
528 534
534 528
528 535
535 528
528 539
539 528
529 531
531 529
529 566
566 529
530 533
533 530
530 536
536 530
530 537
537 530
530 543
543 530
530 546
546 530
530 548
548 530
530 566
566 530
530 568
568 530
531 532
532 531
531 534
534 531
531 566
566 531
532 533
533 532
532 534
534 532
532 535
535 532
532 566
566 532
533 535
535 533
533 537
537 533
533 538
538 533
533 566
566 533
534 535
535 534
534 539
539 534
535 537
537 535
535 538
538 535
535 539
539 535
536 537
537 536
536 538
538 536
536 542
542 536
536 543
543 536
537 538
538 537
538 539
539 538
538 540
540 538
538 541
541 538
538 542
542 538
539 540
540 539
539 541
541 539
540 541
541 540
540 551
551 540
540 554
554 540
540 557
557 540
541 542
542 541
541 544
544 541
541 551
551 541
542 543
543 542
542 544
544 542
542 545
545 542
543 545
545 543
543 546
546 543
543 548
548 543
544 545
545 544
544 551
551 544
545 546
546 545
545 547
547 545
545 551
551 545
546 547
547 546
546 548
548 546
546 551
551 546
547 548
548 547
547 549
549 547
547 551
551 547
548 549
549 548
548 550
550 548
548 568
568 548
549 550
550 549
549 551
551 549
549 552
552 549
550 551
551 550
550 552
552 550
550 568
568 550
551 552
552 551
551 557
557 551
552 553
553 552
552 557
557 552
553 557
557 553
553 558
558 553
553 559
559 553
553 560
560 553
553 561
561 553
554 555
555 554
554 556
556 554
554 557
557 554
555 556
556 555
555 557
557 555
555 558
558 555
555 562
562 555
555 564
564 555
555 565
565 555
556 557
557 556
557 558
558 557
558 559
559 558
558 562
562 558
559 560
560 559
559 561
561 559
559 562
562 559
559 563
563 559
560 561
561 560
560 563
563 560
562 563
563 562
562 564
564 562
563 564
564 563
564 565
565 564
566 568
568 566
567 568
568 567
568 624
624 568
568 744
744 568
568 1468
1468 568
568 1551
1551 568
569 570
570 569
569 571
571 569
569 573
573 569
569 579
579 569
569 623
623 569
569 624
624 569
569 1567
1567 569
569 1569
1569 569
570 571
571 570
570 573
573 570
570 577
577 570
570 579
579 570
571 572
572 571
571 573
573 571
571 574
574 571
571 623
623 571
572 573
573 572
572 574
574 572
572 575
575 572
573 575
575 573
573 577
577 573
574 575
575 574
574 578
578 574
574 623
623 574
575 576
576 575
575 577
577 575
575 578
578 575
576 577
577 576
576 578
578 576
576 579
579 576
577 579
579 577
578 579
579 578
578 580
580 578
578 581
581 578
578 583
583 578
578 623
623 578
579 580
580 579
579 581
581 579
579 624
624 579
580 581
581 580
580 583
583 580
581 582
582 581
581 583
583 581
581 584
584 581
581 585
585 581
581 624
624 581
582 585
585 582
582 586
586 582
582 588
588 582
582 589
589 582
582 624
624 582
583 584
584 583
583 596
596 583
583 597
597 583
583 623
623 583
584 585
585 584
584 597
597 584
585 586
586 585
585 587
587 585
585 588
588 585
585 597
597 585
586 587
587 586
586 588
588 586
586 590
590 586
587 590
590 587
587 597
597 587
587 599
599 587
588 589
589 588
588 590
590 588
588 591
591 588
588 592
592 588
588 593
593 588
589 593
593 589
589 624
624 589
590 591
591 590
590 593
593 590
590 599
599 590
590 600
600 590
590 601
601 590
590 603
603 590
591 593
593 591
591 601
601 591
591 603
603 591
591 606
606 591
592 593
593 592
593 603
603 593
593 606
606 593
593 624
624 593
594 596
596 594
594 620
620 594
594 622
622 594
594 623
623 594
595 596
596 595
595 597
597 595
595 598
598 595
595 599
599 595
595 600
600 595
595 620
620 595
596 597
597 596
596 620
620 596
596 623
623 596
597 598
598 597
597 599
599 597
598 599
599 598
599 600
600 599
600 601
601 600
600 620
620 600
601 602
602 601
601 603
603 601
601 604
604 601
601 612
612 601
601 620
620 601
602 603
603 602
602 604
604 602
603 604
604 603
603 606
606 603
604 605
605 604
604 606
606 604
604 612
612 604
605 606
606 605
605 612
612 605
605 613
613 605
606 607
607 606
606 609
609 606
606 613
613 606
606 624
624 606
608 610
610 608
608 619
619 608
608 624
624 608
609 610
610 609
609 611
611 609
609 613
613 609
609 619
619 609
609 624
624 609
610 619
619 610
610 624
624 610
610 744
744 610
611 613
613 611
611 619
619 611
612 613
613 612
612 614
614 612
612 616
616 612
612 620
620 612
613 616
616 613
613 619
619 613
614 616
616 614
614 620
620 614
615 616
616 615
615 617
617 615
615 619
619 615
615 620
620 615
616 619
619 616
616 620
620 616
617 619
619 617
617 620
620 617
618 619
619 618
618 620
620 618
619 620
620 619
619 624
624 619
619 857
857 619
620 621
621 620
620 622
622 620
620 624
624 620
620 857
857 620
620 871
871 620
621 622
622 621
621 624
624 621
622 623
623 622
622 624
624 622
623 624
624 623
623 1567
1567 623
623 1569
1569 623
623 1570
1570 623
623 1574
1574 623
623 1628
1628 623
623 1647
1647 623
624 744
744 624
624 857
857 624
624 871
871 624
624 1468
1468 624
624 1551
1551 624
624 1567
1567 624
624 1647
1647 624
624 1649
1649 624
624 1650
1650 624
625 626
626 625
625 627
627 625
625 631
631 625
625 632
632 625
625 639
639 625
625 642
642 625
625 644
644 625
626 627
627 626
626 628
628 626
626 630
630 626
626 631
631 626
626 632
632 626
627 628
628 627
627 642
642 627
627 645
645 627
628 629
629 628
628 630
630 628
628 632
632 628
628 642
642 628
628 645
645 628
629 630
630 629
629 645
645 629
629 646
646 629
629 656
656 629
630 632
632 630
630 634
634 630
630 653
653 630
630 655
655 630
630 656
656 630
631 632
632 631
631 633
633 631
631 635
635 631
631 636
636 631
631 638
638 631
631 639
639 631
631 641
641 631
632 633
633 632
632 634
634 632
633 634
634 633
633 635
635 633
633 636
636 633
633 653
653 633
634 653
653 634
634 655
655 634
635 636
636 635
635 638
638 635
635 640
640 635
635 641
641 635
635 653
653 635
636 653
653 636
637 638
638 637
637 639
639 637
637 643
643 637
637 651
651 637
637 652
652 637
638 639
639 638
638 641
641 638
638 652
652 638
639 643
643 639
639 644
644 639
640 641
641 640
640 652
652 640
640 653
653 640
641 652
652 641
642 643
643 642
642 644
644 642
642 645
645 642
642 648
648 642
642 652
652 642
643 644
644 643
643 651
651 643
643 652
652 643
645 646
646 645
645 648
648 645
646 647
647 646
646 648
648 646
646 649
649 646
646 650
650 646
646 656
656 646
646 1458
1458 646
646 1484
1484 646
646 1493
1493 646
646 1494
1494 646
647 649
649 647
647 650
650 647
647 1480
1480 647
647 1483
1483 647
647 1484
1484 647
648 649
649 648
648 650
650 648
648 652
652 648
648 1468
1468 648
648 1481
1481 648
649 650
650 649
650 1480
1480 650
650 1481
1481 650
651 652
652 651
652 653
653 652
652 658
658 652
652 1468
1468 652
652 1551
1551 652
652 1552
1552 652
652 1558
1558 652
652 1559
1559 652
653 654
654 653
653 655
655 653
653 658
658 653
655 656
656 655
655 657
657 655
655 658
658 655
656 657
657 656
656 1493
1493 656
657 658
658 657
657 661
661 657
657 662
662 657
657 1493
1493 657
657 1497
1497 657
657 1524
1524 657
658 659
659 658
658 660
660 658
658 661
661 658
658 663
663 658
658 1559
1559 658
658 1591
1591 658
658 1605
1605 658
659 660
660 659
659 661
661 659
660 661
661 660
661 662
662 661
661 663
663 661
662 663
663 662
662 1524
1524 662
663 664
664 663
663 1605
1605 663
663 1644
1644 663
665 666
666 665
665 667
667 665
665 670
670 665
665 675
675 665
665 1379
1379 665
665 1397
1397 665
665 1401
1401 665
666 667
667 666
666 672
672 666
666 673
673 666
666 675
675 666
666 1379
1379 666
666 1453
1453 666
667 668
668 667
667 670
670 667
667 672
672 667
667 673
673 667
668 669
669 668
668 670
670 668
668 672
672 668
668 673
673 668
669 670
670 669
669 671
671 669
669 673
673 669
669 675
675 669
670 675
675 670
671 673
673 671
671 674
674 671
671 675
675 671
672 673
673 672
673 674
674 673
673 675
675 673
674 675
675 674
676 677
677 676
676 678
678 676
676 679
679 676
676 680
680 676
676 744
744 676
677 678
678 677
677 684
684 677
677 704
704 677
677 707
707 677
677 708
708 677
677 709
709 677
677 744
744 677
678 679
679 678
678 682
682 678
678 683
683 678
678 684
684 678
679 680
680 679
679 681
681 679
679 682
682 679
680 681
681 680
680 689
689 680
680 744
744 680
680 862
862 680
680 865
865 680
681 682
682 681
681 862
862 681
682 683
683 682
682 688
688 682
682 862
862 682
683 684
684 683
683 685
685 683
683 687
687 683
683 688
688 683
684 685
685 684
684 708
708 684
684 709
709 684
684 710
710 684
685 686
686 685
685 687
687 685
685 710
710 685
686 687
687 686
686 691
691 686
686 693
693 686
686 694
694 686
686 710
710 686
686 711
711 686
686 716
716 686
687 688
688 687
687 691
691 687
687 692
692 687
688 689
689 688
688 690
690 688
688 692
692 688
688 862
862 688
689 690
690 689
689 692
692 689
689 694
694 689
689 697
697 689
689 698
698 689
689 701
701 689
689 740
740 689
689 862
862 689
689 865
865 689
690 692
692 690
690 862
862 690
691 692
692 691
691 693
693 691
691 694
694 691
692 694
694 692
693 694
694 693
693 695
695 693
693 696
696 693
693 698
698 693
693 716
716 693
694 695
695 694
694 698
698 694
695 696
696 695
695 697
697 695
695 698
698 695
695 699
699 695
695 700
700 695
695 702
702 695
696 699
699 696
696 700
700 696
696 716
716 696
696 726
726 696
697 698
698 697
697 699
699 697
697 701
701 697
697 702
702 697
699 700
700 699
699 701
701 699
699 702
702 699
700 701
701 700
700 726
726 700
700 728
728 700
700 735
735 700
700 740
740 700
700 741
741 700
700 746
746 700
701 702
702 701
701 740
740 701
703 704
704 703
703 705
705 703
703 706
706 703
703 708
708 703
704 705
705 704
704 707
707 704
704 708
708 704
704 744
744 704
705 706
706 705
705 744
744 705
705 857
857 705
706 708
708 706
706 709
709 706
706 712
712 706
706 857
857 706
707 708
708 707
708 709
709 708
709 710
710 709
709 711
711 709
709 712
712 709
710 711
711 710
711 712
712 711
711 715
715 711
711 716
716 711
711 717
717 711
712 713
713 712
712 714
714 712
712 715
715 712
712 857
857 712
713 714
714 713
713 719
719 713
713 842
842 713
713 857
857 713
714 715
715 714
714 717
717 714
714 718
718 714
714 719
719 714
715 717
717 715
715 718
718 715
716 717
717 716
716 720
720 716
716 725
725 716
716 726
726 716
717 718
718 717
717 720
720 717
718 719
719 718
718 720
720 718
719 720
720 719
719 721
721 719
719 722
722 719
719 723
723 719
719 842
842 719
719 848
848 719
720 722
722 720
720 723
723 720
720 725
725 720
720 726
726 720
721 722
722 721
721 731
731 721
721 842
842 721
721 848
848 721
721 867
867 721
722 723
723 722
722 724
724 722
722 730
730 722
722 731
731 722
722 867
867 722
723 724
724 723
723 725
725 723
723 727
727 723
724 727
727 724
724 729
729 724
724 730
730 724
724 731
731 724
725 726
726 725
725 727
727 725
726 727
727 726
726 728
728 726
727 728
728 727
727 729
729 727
727 730
730 727
728 729
729 728
728 735
735 728
729 730
730 729
729 733
733 729
729 734
734 729
729 735
735 729
730 731
731 730
730 732
732 730
730 733
733 730
730 734
734 730
730 867
867 730
731 867
867 731
732 733
733 732
732 738
738 732
732 739
739 732
732 867
867 732
733 734
734 733
733 736
736 733
733 737
737 733
733 738
738 733
733 867
867 733
734 735
735 734
734 736
736 734
734 747
747 734
735 741
741 735
735 746
746 735
735 747
747 735
736 737
737 736
736 747
747 736
736 748
748 736
736 751
751 736
736 752
752 736
737 738
738 737
737 748
748 737
737 749
749 737
737 751
751 737
737 752
752 737
738 739
739 738
738 749
749 738
738 807
807 738
739 806
806 739
739 807
807 739
739 867
867 739
740 741
741 740
740 742
742 740
740 743
743 740
740 865
865 740
741 743
743 741
741 745
745 741
741 746
746 741
741 754
754 741
741 767
767 741
741 768
768 741
741 769
769 741
741 860
860 741
742 743
743 742
742 745
745 742
742 865
865 742
743 745
745 743
744 765
765 744
744 777
777 744
744 857
857 744
744 860
860 744
744 861
861 744
744 865
865 744
744 869
869 744
744 870
870 744
744 1029
1029 744
745 860
860 745
745 865
865 745
746 747
747 746
746 753
753 746
746 754
754 746
746 768
768 746
747 748
748 747
747 752
752 747
747 753
753 747
747 754
754 747
748 751
751 748
748 752
752 748
748 753
753 748
749 750
750 749
749 751
751 749
749 807
807 749
749 813
813 749
750 751
751 750
750 758
758 750
750 759
759 750
750 762
762 750
750 763
763 750
750 813
813 750
751 752
752 751
751 757
757 751
751 758
758 751
752 753
753 752
752 757
757 752
752 758
758 752
753 754
754 753
753 755
755 753
753 756
756 753
753 757
757 753
754 755
755 754
754 756
756 754
754 768
768 754
754 770
770 754
755 756
756 755
755 770
770 755
755 771
771 755
755 782
782 755
755 783
783 755
756 757
757 756
756 760
760 756
756 761
761 756
756 783
783 756
757 758
758 757
757 759
759 757
757 760
760 757
758 759
759 758
758 760
760 758
759 760
760 759
759 762
762 759
760 761
761 760
760 762
762 760
761 762
762 761
761 763
763 761
761 764
764 761
761 783
783 761
762 763
763 762
762 764
764 762
763 764
764 763
763 813
813 763
763 814
814 763
763 815
815 763
763 819
819 763
764 783
783 764
764 784
784 764
764 786
786 764
764 787
787 764
764 819
819 764
765 766
766 765
765 860
860 765
765 864
864 765
765 870
870 765
766 767
767 766
766 860
860 766
766 864
864 766
767 769
769 767
767 860
860 767
767 864
864 767
768 769
769 768
768 770
770 768
769 770
770 769
769 773
773 769
769 864
864 769
770 771
771 770
770 772
772 770
770 773
773 770
771 772
772 771
771 782
782 771
772 773
773 772
772 781
781 772
772 782
782 772
773 781
781 773
773 864
864 773
774 775
775 774
774 779
779 774
774 781
781 774
774 789
789 774
774 790
790 774
774 863
863 774
774 870
870 774
775 778
778 775
775 779
779 775
775 863
863 775
776 777
777 776
776 778
778 776
776 863
863 776
776 870
870 776
777 778
778 777
777 869
869 777
777 870
870 777
778 779
779 778
778 780
780 778
778 863
863 778
778 869
869 778
779 780
780 779
779 790
790 779
779 791
791 779
779 803
803 779
779 861
861 779
780 861
861 780
780 869
869 780
781 782
782 781
781 785
785 781
781 789
789 781
781 864
864 781
781 870
870 781
782 783
783 782
782 784
784 782
782 785
785 782
783 784
784 783
784 785
785 784
784 786
786 784
785 786
786 785
785 789
789 785
786 787
787 786
786 788
788 786
786 789
789 786
787 788
788 787
787 793
793 787
787 794
794 787
787 797
797 787
787 819
819 787
787 821
821 787
788 789
789 788
788 792
792 788
788 794
794 788
788 868
868 788
789 790
790 789
789 792
792 789
789 870
870 789
790 791
791 790
790 792
792 790
791 792
792 791
791 803
803 791
792 803
803 792
792 868
868 792
793 794
794 793
793 795
795 793
793 796
796 793
793 797
797 793
794 795
795 794
794 868
868 794
795 796
796 795
795 800
800 795
795 868
868 795
796 797
797 796
796 799
799 796
796 800
800 796
797 798
798 797
797 799
799 797
797 819
819 797
797 821
821 797
797 824
824 797
798 799
799 798
798 801
801 798
798 823
823 798
798 824
824 798
798 879
879 798
799 800
800 799
799 801
801 799
800 801
801 800
800 859
859 800
800 868
868 800
800 873
873 800
800 874
874 800
801 874
874 801
801 875
875 801
801 876
876 801
801 879
879 801
802 803
803 802
802 804
804 802
802 805
805 802
802 859
859 802
802 868
868 802
803 804
804 803
803 861
861 803
803 868
868 803
804 805
805 804
804 861
861 804
804 873
873 804
805 859
859 805
805 873
873 805
806 807
807 806
806 809
809 806
806 810
810 806
806 867
867 806
807 810
810 807
807 812
812 807
807 813
813 807
808 809
809 808
808 810
810 808
808 825
825 808
808 826
826 808
808 867
867 808
809 810
810 809
809 867
867 809
810 811
811 810
810 812
812 810
810 825
825 810
810 826
826 810
810 829
829 810
811 812
812 811
811 826
826 811
811 828
828 811
811 829
829 811
812 813
813 812
812 814
814 812
812 816
816 812
812 828
828 812
812 832
832 812
813 814
814 813
814 815
815 814
814 816
816 814
815 816
816 815
815 817
817 815
815 818
818 815
815 819
819 815
816 817
817 816
816 818
818 816
816 828
828 816
816 832
832 816
816 833
833 816
817 818
818 817
817 820
820 817
817 822
822 817
817 823
823 817
817 832
832 817
817 833
833 817
817 834
834 817
817 835
835 817
817 836
836 817
818 819
819 818
818 820
820 818
819 820
820 819
819 821
821 819
820 821
821 820
820 822
822 820
820 824
824 820
821 824
824 821
822 823
823 822
822 824
824 822
822 835
835 822
823 824
824 823
823 835
835 823
823 858
858 823
823 879
879 823
823 881
881 823
825 826
826 825
825 867
867 825
826 827
827 826
826 829
829 826
826 831
831 826
826 867
867 826
827 829
829 827
827 831
831 827
827 837
837 827
827 867
867 827
828 829
829 828
828 830
830 828
828 832
832 828
829 830
830 829
829 831
831 829
830 831
831 830
830 832
832 830
830 840
840 830
831 837
837 831
831 840
840 831
832 833
833 832
832 840
840 832
833 834
834 833
833 840
840 833
833 858
858 833
834 836
836 834
834 858
858 834
835 836
836 835
835 858
858 835
836 858
858 836
837 838
838 837
837 839
839 837
837 840
840 837
837 841
841 837
837 867
867 837
838 839
839 838
838 840
840 838
838 841
841 838
838 867
867 838
838 871
871 838
839 867
867 839
840 841
841 840
840 858
858 840
841 858
858 841
841 871
871 841
842 843
843 842
842 848
848 842
842 849
849 842
842 857
857 842
843 845
845 843
843 847
847 843
843 848
848 843
843 849
849 843
843 850
850 843
843 857
857 843
844 845
845 844
844 846
846 844
844 847
847 844
844 850
850 844
844 851
851 844
845 847
847 845
845 849
849 845
845 850
850 845
846 847
847 846
846 851
851 846
846 853
853 846
846 854
854 846
846 866
866 846
847 855
855 847
847 857
857 847
847 866
866 847
848 849
849 848
848 867
867 848
849 850
850 849
849 867
867 849
850 851
851 850
850 852
852 850
850 867
867 850
851 852
852 851
851 853
853 851
852 853
853 852
852 867
867 852
853 854
854 853
853 867
867 853
854 855
855 854
854 856
856 854
854 866
866 854
854 867
867 854
855 856
856 855
855 857
857 855
855 866
866 855
855 867
867 855
855 871
871 855
856 866
866 856
857 866
866 857
857 871
871 857
858 871
871 858
858 881
881 858
858 1029
1029 858
859 868
868 859
859 873
873 859
859 874
874 859
860 865
865 860
861 869
869 861
861 872
872 861
861 873
873 861
861 1029
1029 861
863 870
870 863
864 870
870 864
867 871
871 867
869 1029
1029 869
871 1029
1029 871
872 873
873 872
872 874
874 872
872 877
877 872
872 889
889 872
872 897
897 872
872 898
898 872
872 900
900 872
872 1029
1029 872
873 874
874 873
874 875
875 874
874 877
877 874
875 876
876 875
875 877
877 875
876 877
877 876
876 879
879 876
877 878
878 877
877 879
879 877
877 885
885 877
877 889
889 877
878 879
879 878
878 880
880 878
878 884
884 878
878 885
885 878
879 880
880 879
879 881
881 879
880 881
881 880
880 883
883 880
880 884
884 880
881 882
882 881
881 883
883 881
881 1029
1029 881
882 883
883 882
882 887
887 882
882 888
888 882
882 905
905 882
882 906
906 882
882 1029
1029 882
883 884
884 883
883 886
886 883
883 887
887 883
884 885
885 884
884 886
886 884
885 886
886 885
885 889
889 885
885 891
891 885
886 887
887 886
886 888
888 886
886 891
891 886
887 888
888 887
888 891
891 888
888 892
892 888
888 904
904 888
888 905
905 888
889 891
891 889
889 893
893 889
889 895
895 889
889 896
896 889
889 897
897 889
890 891
891 890
890 892
892 890
890 893
893 890
890 894
894 890
890 903
903 890
891 892
892 891
891 893
893 891
892 903
903 892
892 904
904 892
892 905
905 892
893 894
894 893
893 896
896 893
894 896
896 894
894 900
900 894
894 901
901 894
894 902
902 894
894 903
903 894
895 896
896 895
895 897
897 895
895 899
899 895
896 899
899 896
896 900
900 896
896 901
901 896
897 898
898 897
897 899
899 897
898 899
899 898
898 900
900 898
899 900
900 899
900 901
901 900
900 918
918 900
900 919
919 900
900 1028
1028 900
900 1029
1029 900
901 902
902 901
901 903
903 901
901 912
912 901
901 918
918 901
902 903
903 902
902 912
912 902
902 918
918 902
903 904
904 903
903 912
912 903
903 1027
1027 903
904 905
905 904
904 906
906 904
904 907
907 904
904 912
912 904
904 1027
1027 904
905 906
906 905
906 907
907 906
906 1029
1029 906
907 908
908 907
907 1027
1027 907
907 1029
1029 907
908 909
909 908
908 910
910 908
908 911
911 908
908 1027
1027 908
908 1029
1029 908
909 910
910 909
909 1023
1023 909
909 1029
1029 909
910 911
911 910
910 1023
1023 910
911 1021
1021 911
911 1023
1023 911
911 1027
1027 911
912 914
914 912
912 918
918 912
912 1027
1027 912
913 914
914 913
913 915
915 913
913 916
916 913
913 918
918 913
914 915
915 914
914 916
916 914
914 918
918 914
914 922
922 914
914 1021
1021 914
914 1027
1027 914
915 916
916 915
915 917
917 915
915 920
920 915
915 921
921 915
915 922
922 915
916 917
917 916
916 918
918 916
917 918
918 917
917 919
919 917
917 920
920 917
918 919
919 918
919 920
920 919
919 1028
1028 919
920 921
921 920
920 924
924 920
920 925
925 920
920 926
926 920
920 927
927 920
920 1028
1028 920
921 922
922 921
921 923
923 921
921 924
924 921
922 923
923 922
922 1021
1021 922
923 924
924 923
923 925
925 923
923 1021
1021 923
924 925
925 924
925 926
926 925
925 1021
1021 925
926 927
927 926
926 928
928 926
926 932
932 926
926 1021
1021 926
927 928
928 927
927 929
929 927
927 930
930 927
927 1028
1028 927
927 1029
1029 927
928 929
929 928
928 932
932 928
929 930
930 929
929 931
931 929
929 932
932 929
930 931
931 930
930 935
935 930
930 936
936 930
930 937
937 930
930 1029
1029 930
931 932
932 931
931 934
934 931
931 935
935 931
931 936
936 931
932 933
933 932
932 934
934 932
932 1021
1021 932
933 934
934 933
933 940
940 933
933 941
941 933
933 943
943 933
933 944
944 933
933 945
945 933
933 1021
1021 933
934 935
935 934
934 940
940 934
935 936
936 935
935 938
938 935
935 939
939 935
935 940
940 935
936 937
937 936
936 938
938 936
937 938
938 937
937 953
953 937
937 956
956 937
937 959
959 937
937 1029
1029 937
938 939
939 938
938 953
953 938
939 940
940 939
939 952
952 939
939 953
953 939
939 954
954 939
940 941
941 940
940 942
942 940
940 952
952 940
941 942
942 941
941 943
943 941
942 943
943 942
942 950
950 942
942 951
951 942
942 952
952 942
943 944
944 943
943 946
946 943
943 949
949 943
943 950
950 943
944 945
945 944
944 946
946 944
944 971
971 944
945 971
971 945
945 1021
1021 945
945 1024
1024 945
946 947
947 946
946 949
949 946
946 970
970 946
946 971
971 946
947 948
948 947
947 949
949 947
947 969
969 947
947 970
970 947
948 949
949 948
948 950
950 948
948 951
951 948
948 966
966 948
948 969
969 948
949 950
950 949
950 951
951 950
951 952
952 951
951 955
955 951
951 965
965 951
951 966
966 951
952 954
954 952
952 955
955 952
952 965
965 952
953 954
954 953
953 955
955 953
953 956
956 953
954 955
955 954
955 956
956 955
955 965
965 955
956 959
959 956
956 965
965 956
957 958
958 957
957 959
959 957
957 960
960 957
957 962
962 957
957 964
964 957
958 959
959 958
958 960
960 958
958 961
961 958
959 961
961 959
959 962
962 959
959 963
963 959
959 964
964 959
959 965
965 959
959 1029
1029 959
960 961
961 960
960 964
964 960
960 965
965 960
960 968
968 960
960 991
991 960
960 992
992 960
961 965
965 961
962 963
963 962
962 964
964 962
963 964
964 963
964 990
990 964
964 991
991 964
964 1029
1029 964
965 966
966 965
965 967
967 965
965 968
968 965
966 967
967 966
966 968
968 966
966 969
969 966
967 968
968 967
968 969
969 968
968 972
972 968
968 973
973 968
968 992
992 968
969 970
970 969
969 971
971 969
969 972
972 969
970 971
971 970
970 972
972 970
971 972
972 971
971 978
978 971
971 979
979 971
971 981
981 971
971 1024
1024 971
972 973
973 972
972 975
975 972
972 978
978 972
973 974
974 973
973 975
975 973
973 976
976 973
973 985
985 973
973 986
986 973
973 988
988 973
973 990
990 973
973 992
992 973
974 975
975 974
974 976
976 974
974 977
977 974
975 977
977 975
975 978
978 975
976 977
977 976
976 981
981 976
976 984
984 976
976 985
985 976
976 986
986 976
977 978
978 977
977 979
979 977
977 980
980 977
977 981
981 977
978 979
979 978
979 980
980 979
979 981
981 979
980 981
981 980
981 982
982 981
981 983
983 981
981 984
984 981
981 1020
1020 981
981 1024
1024 981
982 983
983 982
982 1001
1001 982
982 1019
1019 982
982 1020
1020 982
982 1024
1024 982
983 984
984 983
983 1000
1000 983
983 1001
1001 983
984 985
985 984
984 1000
1000 984
985 986
986 985
985 988
988 985
985 999
999 985
985 1000
1000 985
986 988
988 986
987 988
988 987
987 989
989 987
987 990
990 987
987 993
993 987
987 994
994 987
988 989
989 988
988 990
990 988
988 999
999 988
989 994
994 989
989 995
995 989
989 997
997 989
989 998
998 989
989 999
999 989
990 991
991 990
990 992
992 990
990 993
993 990
990 1007
1007 990
990 1029
1029 990
991 992
992 991
993 994
994 993
993 996
996 993
993 1006
1006 993
993 1007
1007 993
994 995
995 994
994 996
996 994
995 996
996 995
995 997
997 995
995 1004
1004 995
995 1005
1005 995
996 1005
1005 996
996 1006
1006 996
996 1007
1007 996
997 998
998 997
997 1000
1000 997
997 1003
1003 997
997 1004
1004 997
998 999
999 998
998 1000
1000 998
999 1000
1000 999
1000 1001
1001 1000
1000 1002
1002 1000
1000 1003
1003 1000
1001 1002
1002 1001
1001 1019
1019 1001
1002 1003
1003 1002
1002 1019
1019 1002
1003 1004
1004 1003
1003 1019
1019 1003
1004 1005
1005 1004
1004 1012
1012 1004
1004 1013
1013 1004
1004 1014
1014 1004
1004 1015
1015 1004
1004 1016
1016 1004
1004 1017
1017 1004
1004 1018
1018 1004
1004 1019
1019 1004
1005 1006
1006 1005
1005 1012
1012 1005
1005 1026
1026 1005
1006 1007
1007 1006
1006 1010
1010 1006
1006 1026
1026 1006
1007 1008
1008 1007
1007 1010
1010 1007
1007 1029
1029 1007
1008 1009
1009 1008
1008 1010
1010 1008
1008 1029
1029 1008
1008 1183
1183 1008
1009 1010
1010 1009
1009 1011
1011 1009
1009 1183
1183 1009
1009 1325
1325 1009
1010 1011
1011 1010
1010 1026
1026 1010
1011 1026
1026 1011
1011 1183
1183 1011
1011 1325
1325 1011
1011 1326
1326 1011
1012 1013
1013 1012
1012 1026
1026 1012
1012 1328
1328 1012
1012 1332
1332 1012
1013 1014
1014 1013
1013 1328
1328 1013
1013 1332
1332 1013
1014 1015
1015 1014
1014 1332
1332 1014
1015 1016
1016 1015
1015 1017
1017 1015
1015 1331
1331 1015
1015 1332
1332 1015
1016 1017
1017 1016
1017 1018
1018 1017
1017 1019
1019 1017
1017 1331
1331 1017
1017 1336
1336 1017
1018 1019
1019 1018
1018 1020
1020 1018
1018 1025
1025 1018
1018 1336
1336 1018
1018 1337
1337 1018
1019 1020
1020 1019
1020 1024
1024 1020
1020 1025
1025 1020
1021 1022
1022 1021
1021 1023
1023 1021
1021 1024
1024 1021
1021 1027
1027 1021
1021 1029
1029 1021
1022 1023
1023 1022
1022 1029
1029 1022
1023 1029
1029 1023
1024 1025
1025 1024
1024 1029
1029 1024
1025 1029
1029 1025
1025 1337
1337 1025
1025 1422
1422 1025
1025 1426
1426 1025
1025 1454
1454 1025
1026 1326
1326 1026
1026 1328
1328 1026
1028 1029
1029 1028
1029 1183
1183 1029
1029 1422
1422 1029
1029 1454
1454 1029
1030 1031
1031 1030
1030 1040
1040 1030
1030 1041
1041 1030
1030 1132
1132 1030
1030 1160
1160 1030
1030 1192
1192 1030
1030 1196
1196 1030
1031 1032
1032 1031
1031 1036
1036 1031
1031 1039
1039 1031
1031 1040
1040 1031
1031 1196
1196 1031
1032 1033
1033 1032
1032 1035
1035 1032
1032 1036
1036 1032
1032 1051
1051 1032
1032 1196
1196 1032
1032 1198
1198 1032
1033 1034
1034 1033
1033 1035
1035 1033
1033 1196
1196 1033
1033 1198
1198 1033
1033 1210
1210 1033
1034 1035
1035 1034
1034 1051
1051 1034
1034 1052
1052 1034
1034 1053
1053 1034
1034 1198
1198 1034
1034 1210
1210 1034
1035 1051
1051 1035
1036 1037
1037 1036
1036 1039
1039 1036
1036 1049
1049 1036
1036 1050
1050 1036
1036 1051
1051 1036
1037 1038
1038 1037
1037 1039
1039 1037
1037 1042
1042 1037
1037 1043
1043 1037
1037 1048
1048 1037
1037 1049
1049 1037
1038 1043
1043 1038
1038 1048
1048 1038
1039 1040
1040 1039
1039 1041
1041 1039
1039 1042
1042 1039
1039 1043
1043 1039
1040 1041
1041 1040
1040 1042
1042 1040
1041 1042
1042 1041
1041 1044
1044 1041
1041 1132
1132 1041
1041 1160
1160 1041
1042 1043
1043 1042
1042 1044
1044 1042
1042 1045
1045 1042
1043 1044
1044 1043
1043 1045
1045 1043
1043 1047
1047 1043
1043 1048
1048 1043
1044 1045
1045 1044
1044 1132
1132 1044
1044 1133
1133 1044
1045 1046
1046 1045
1045 1047
1047 1045
1045 1132
1132 1045
1045 1133
1133 1045
1046 1047
1047 1046
1046 1079
1079 1046
1046 1081
1081 1046
1046 1133
1133 1046
1047 1048
1048 1047
1047 1079
1079 1047
1047 1081
1081 1047
1048 1049
1049 1048
1048 1079
1079 1048
1048 1083
1083 1048
1049 1050
1050 1049
1049 1060
1060 1049
1049 1083
1083 1049
1049 1084
1084 1049
1050 1051
1051 1050
1050 1058
1058 1050
1050 1059
1059 1050
1050 1060
1060 1050
1050 1084
1084 1050
1051 1053
1053 1051
1051 1055
1055 1051
1051 1056
1056 1051
1051 1059
1059 1051
1052 1053
1053 1052
1052 1054
1054 1052
1052 1055
1055 1052
1052 1210
1210 1052
1052 1223
1223 1052
1053 1054
1054 1053
1053 1055
1055 1053
1054 1055
1055 1054
1054 1056
1056 1054
1054 1057
1057 1054
1054 1063
1063 1054
1054 1064
1064 1054
1054 1223
1223 1054
1054 1224
1224 1054
1054 1226
1226 1054
1055 1056
1056 1055
1056 1057
1057 1056
1056 1059
1059 1056
1057 1058
1058 1057
1057 1059
1059 1057
1057 1062
1062 1057
1057 1063
1063 1057
1057 1064
1064 1057
1058 1059
1059 1058
1058 1060
1060 1058
1058 1062
1062 1058
1059 1060
1060 1059
1060 1061
1061 1060
1060 1062
1062 1060
1060 1084
1084 1060
1060 1089
1089 1060
1060 1091
1091 1060
1061 1062
1062 1061
1061 1070
1070 1061
1061 1076
1076 1061
1061 1080
1080 1061
1061 1091
1091 1061
1062 1063
1063 1062
1062 1068
1068 1062
1062 1069
1069 1062
1062 1070
1070 1062
1063 1064
1064 1063
1063 1065
1065 1063
1063 1068
1068 1063
1063 1069
1069 1063
1064 1065
1065 1064
1064 1066
1066 1064
1064 1068
1068 1064
1064 1224
1224 1064
1064 1226
1226 1064
1065 1066
1066 1065
1065 1067
1067 1065
1065 1068
1068 1065
1066 1067
1067 1066
1066 1068
1068 1066
1066 1226
1226 1066
1066 1236
1236 1066
1066 1237
1237 1066
1066 1244
1244 1066
1067 1068
1068 1067
1067 1069
1069 1067
1067 1071
1071 1067
1067 1073
1073 1067
1067 1237
1237 1067
1067 1238
1238 1067
1068 1069
1069 1068
1069 1070
1070 1069
1069 1072
1072 1069
1069 1073
1073 1069
1070 1072
1072 1070
1070 1073
1073 1070
1070 1076
1076 1070
1070 1077
1077 1070
1070 1078
1078 1070
1071 1072
1072 1071
1071 1073
1073 1071
1071 1074
1074 1071
1071 1075
1075 1071
1071 1238
1238 1071
1071 1347
1347 1071
1071 1348
1348 1071
1072 1073
1073 1072
1072 1074
1074 1072
1072 1077
1077 1072
1072 1078
1078 1072
1073 1074
1074 1073
1074 1075
1075 1074
1074 1078
1078 1074
1074 1357
1357 1074
1075 1347
1347 1075
1075 1348
1348 1075
1075 1357
1357 1075
1075 1360
1360 1075
1075 1376
1376 1075
1076 1077
1077 1076
1076 1080
1080 1076
1076 1091
1091 1076
1077 1078
1078 1077
1077 1080
1080 1077
1077 1350
1350 1077
1078 1080
1080 1078
1078 1350
1350 1078
1078 1357
1357 1078
1079 1081
1081 1079
1079 1083
1083 1079
1079 1087
1087 1079
1079 1088
1088 1079
1079 1090
1090 1079
1080 1085
1085 1080
1080 1086
1086 1080
1080 1089
1089 1080
1080 1091
1091 1080
1080 1350
1350 1080
1081 1082
1082 1081
1081 1087
1087 1081
1081 1124
1124 1081
1081 1133
1133 1081
1082 1087
1087 1082
1082 1088
1088 1082
1082 1096
1096 1082
1082 1102
1102 1082
1082 1124
1124 1082
1083 1084
1084 1083
1083 1089
1089 1083
1083 1090
1090 1083
1084 1089
1089 1084
1084 1090
1090 1084
1085 1086
1086 1085
1085 1089
1089 1085
1085 1090
1090 1085
1085 1091
1091 1085
1085 1092
1092 1085
1085 1099
1099 1085
1085 1101
1101 1085
1085 1352
1352 1085
1085 1353
1353 1085
1086 1350
1350 1086
1086 1352
1352 1086
1086 1353
1353 1086
1087 1088
1088 1087
1087 1090
1090 1087
1088 1090
1090 1088
1088 1096
1096 1088
1089 1090
1090 1089
1089 1091
1091 1089
1090 1096
1096 1090
1090 1097
1097 1090
1090 1098
1098 1090
1090 1099
1099 1090
1092 1095
1095 1092
1092 1098
1098 1092
1092 1099
1099 1092
1092 1100
1100 1092
1092 1101
1101 1092
1092 1353
1353 1092
1093 1094
1094 1093
1093 1095
1095 1093
1093 1097
1097 1093
1093 1098
1098 1093
1093 1102
1102 1093
1093 1120
1120 1093
1093 1122
1122 1093
1094 1095
1095 1094
1094 1100
1100 1094
1094 1101
1101 1094
1094 1120
1120 1094
1094 1349
1349 1094
1094 1351
1351 1094
1095 1097
1097 1095
1095 1098
1098 1095
1095 1100
1100 1095
1096 1097
1097 1096
1096 1102
1102 1096
1096 1124
1124 1096
1097 1098
1098 1097
1097 1102
1102 1097
1097 1122
1122 1097
1098 1099
1099 1098
1098 1100
1100 1098
1100 1101
1101 1100
1101 1351
1351 1101
1101 1353
1353 1101
1102 1103
1103 1102
1102 1104
1104 1102
1102 1121
1121 1102
1102 1122
1122 1102
1102 1124
1124 1102
1103 1104
1104 1103
1103 1107
1107 1103
1103 1108
1108 1103
1103 1121
1121 1103
1103 1122
1122 1103
1103 1124
1124 1103
1104 1108
1108 1104
1104 1123
1123 1104
1104 1124
1124 1104
1104 1125
1125 1104
1104 1126
1126 1104
1104 1127
1127 1104
1104 1131
1131 1104
1105 1106
1106 1105
1105 1109
1109 1105
1105 1110
1110 1105
1105 1113
1113 1105
1105 1116
1116 1105
1105 1129
1129 1105
1105 1152
1152 1105
1105 1401
1401 1105
1106 1109
1109 1106
1106 1110
1110 1106
1106 1111
1111 1106
1106 1112
1112 1106
1106 1113
1113 1106
1107 1108
1108 1107
1107 1111
1111 1107
1107 1112
1112 1107
1107 1114
1114 1107
1107 1115
1115 1107
1107 1121
1121 1107
1108 1109
1109 1108
1108 1110
1110 1108
1108 1111
1111 1108
1108 1112
1112 1108
1108 1131
1131 1108
1109 1110
1110 1109
1109 1129
1129 1109
1109 1131
1131 1109
1110 1111
1111 1110
1111 1112
1112 1111
1111 1113
1113 1111
1112 1113
1113 1112
1112 1115
1115 1112
1113 1115
1115 1113
1113 1116
1116 1113
1114 1115
1115 1114
1114 1116
1116 1114
1114 1117
1117 1114
1114 1119
1119 1114
1114 1120
1120 1114
1114 1121
1121 1114
1115 1116
1116 1115
1116 1117
1117 1116
1116 1118
1118 1116
1116 1120
1120 1116
1116 1401
1401 1116
1117 1118
1118 1117
1117 1120
1120 1117
1118 1120
1120 1118
1118 1401
1401 1118
1119 1120
1120 1119
1119 1121
1121 1119
1120 1121
1121 1120
1120 1122
1122 1120
1120 1349
1349 1120
1120 1401
1401 1120
1121 1122
1122 1121
1123 1124
1124 1123
1123 1125
1125 1123
1123 1133
1133 1123
1123 1134
1134 1123
1124 1125
1125 1124
1124 1133
1133 1124
1125 1127
1127 1125
1125 1133
1133 1125
1125 1134
1134 1125
1126 1127
1127 1126
1126 1130
1130 1126
1126 1131
1131 1126
1126 1134
1134 1126
1126 1147
1147 1126
1126 1148
1148 1126
1127 1134
1134 1127
1128 1129
1129 1128
1128 1130
1130 1128
1128 1147
1147 1128
1128 1150
1150 1128
1128 1152
1152 1128
1129 1130
1130 1129
1129 1131
1131 1129
1129 1152
1152 1129
1130 1131
1131 1130
1130 1147
1147 1130
1130 1148
1148 1130
1130 1150
1150 1130
1132 1133
1133 1132
1132 1135
1135 1132
1132 1137
1137 1132
1132 1138
1138 1132
1132 1160
1160 1132
1132 1161
1161 1132
1133 1134
1134 1133
1133 1135
1135 1133
1133 1138
1138 1133
1133 1139
1139 1133
1134 1139
1139 1134
1134 1148
1148 1134
1135 1136
1136 1135
1135 1137
1137 1135
1135 1138
1138 1135
1135 1140
1140 1135
1136 1137
1137 1136
1136 1140
1140 1136
1136 1141
1141 1136
1136 1144
1144 1136
1136 1161
1161 1136
1137 1161
1161 1137
1138 1139
1139 1138
1138 1140
1140 1138
1138 1141
1141 1138
1138 1148
1148 1138
1139 1148
1148 1139
1140 1141
1141 1140
1140 1144
1144 1140
1140 1148
1148 1140
1141 1144
1144 1141
1141 1146
1146 1141
1141 1147
1147 1141
1141 1148
1148 1141
1142 1143
1143 1142
1142 1144
1144 1142
1142 1145
1145 1142
1142 1146
1146 1142
1142 1151
1151 1142
1142 1153
1153 1142
1142 1154
1154 1142
1143 1144
1144 1143
1143 1153
1153 1143
1143 1154
1154 1143
1143 1161
1161 1143
1144 1145
1145 1144
1144 1146
1146 1144
1144 1161
1161 1144
1145 1146
1146 1145
1145 1147
1147 1145
1145 1149
1149 1145
1145 1151
1151 1145
1146 1147
1147 1146
1146 1148
1148 1146
1146 1149
1149 1146
1147 1148
1148 1147
1147 1149
1149 1147
1147 1150
1150 1147
1149 1150
1150 1149
1149 1151
1151 1149
1150 1151
1151 1150
1150 1152
1152 1150
1151 1152
1152 1151
1151 1154
1154 1151
1152 1154
1154 1152
1152 1401
1401 1152
1153 1154
1154 1153
1153 1156
1156 1153
1153 1158
1158 1153
1153 1161
1161 1153
1153 1163
1163 1153
1154 1156
1156 1154
1154 1157
1157 1154
1154 1167
1167 1154
1154 1173
1173 1154
1154 1401
1401 1154
1155 1159
1159 1155
1155 1160
1160 1155
1155 1161
1161 1155
1155 1164
1164 1155
1156 1157
1157 1156
1156 1162
1162 1156
1156 1163
1163 1156
1157 1162
1162 1157
1157 1163
1163 1157
1157 1166
1166 1157
1157 1167
1167 1157
1158 1159
1159 1158
1158 1161
1161 1158
1158 1163
1163 1158
1158 1165
1165 1158
1159 1161
1161 1159
1159 1164
1164 1159
1159 1165
1165 1159
1160 1161
1161 1160
1160 1164
1164 1160
1160 1180
1180 1160
1160 1192
1192 1160
1160 1196
1196 1160
1161 1163
1163 1161
1162 1163
1163 1162
1162 1165
1165 1162
1162 1166
1166 1162
1162 1167
1167 1162
1163 1165
1165 1163
1164 1165
1165 1164
1164 1180
1180 1164
1165 1166
1166 1165
1165 1180
1180 1165
1166 1167
1167 1166
1166 1172
1172 1166
1166 1179
1179 1166
1166 1180
1180 1166
1167 1171
1171 1167
1167 1172
1172 1167
1167 1173
1173 1167
1168 1170
1170 1168
1168 1173
1173 1168
1168 1174
1174 1168
1168 1175
1175 1168
1168 1178
1178 1168
1168 1179
1179 1168
1169 1170
1170 1169
1169 1176
1176 1169
1169 1179
1179 1169
1169 1182
1182 1169
1170 1174
1174 1170
1170 1175
1175 1170
1170 1176
1176 1170
1170 1179
1179 1170
1170 1182
1182 1170
1171 1172
1172 1171
1171 1173
1173 1171
1171 1174
1174 1171
1171 1178
1178 1171
1172 1174
1174 1172
1172 1179
1179 1172
1173 1175
1175 1173
1173 1178
1178 1173
1173 1401
1401 1173
1174 1178
1178 1174
1174 1179
1179 1174
1175 1176
1176 1175
1175 1177
1177 1175
1175 1178
1178 1175
1175 1401
1401 1175
1176 1177
1177 1176
1176 1181
1181 1176
1176 1182
1182 1176
1177 1181
1181 1177
1179 1180
1180 1179
1179 1182
1182 1179
1179 1184
1184 1179
1179 1192
1192 1179
1180 1192
1192 1180
1181 1182
1182 1181
1181 1184
1184 1181
1182 1184
1184 1182
1182 1192
1192 1182
1183 1184
1184 1183
1183 1185
1185 1183
1183 1294
1294 1183
1183 1296
1296 1183
1183 1297
1297 1183
1183 1300
1300 1183
1183 1320
1320 1183
1183 1324
1324 1183
1183 1325
1325 1183
1184 1185
1185 1184
1184 1186
1186 1184
1184 1187
1187 1184
1184 1188
1188 1184
1184 1191
1191 1184
1184 1192
1192 1184
1184 1195
1195 1184
1184 1290
1290 1184
1185 1290
1290 1185
1185 1294
1294 1185
1186 1188
1188 1186
1186 1189
1189 1186
1186 1191
1191 1186
1186 1197
1197 1186
1186 1286
1286 1186
1186 1288
1288 1186
1187 1188
1188 1187
1187 1288
1288 1187
1187 1289
1289 1187
1187 1290
1290 1187
1188 1189
1189 1188
1188 1288
1288 1188
1188 1289
1289 1188
1189 1286
1286 1189
1189 1288
1288 1189
1190 1191
1191 1190
1190 1192
1192 1190
1190 1193
1193 1190
1190 1194
1194 1190
1191 1193
1193 1191
1191 1194
1194 1191
1191 1195
1195 1191
1191 1197
1197 1191
1191 1286
1286 1191
1192 1193
1193 1192
1192 1194
1194 1192
1192 1195
1195 1192
1192 1196
1196 1192
1193 1194
1194 1193
1193 1196
1196 1193
1193 1197
1197 1193
1194 1195
1195 1194
1196 1197
1197 1196
1196 1198
1198 1196
1197 1198
1198 1197
1197 1199
1199 1197
1197 1200
1200 1197
1197 1201
1201 1197
1197 1207
1207 1197
1197 1208
1208 1197
1197 1209
1209 1197
1197 1286
1286 1197
1198 1208
1208 1198
1198 1209
1209 1198
1198 1210
1210 1198
1199 1200
1200 1199
1199 1202
1202 1199
1199 1203
1203 1199
1199 1282
1282 1199
1199 1285
1285 1199
1199 1286
1286 1199
1200 1201
1201 1200
1200 1202
1202 1200
1200 1204
1204 1200
1200 1205
1205 1200
1200 1207
1207 1200
1201 1205
1205 1201
1201 1207
1207 1201
1202 1203
1203 1202
1202 1204
1204 1202
1202 1205
1205 1202
1203 1204
1204 1203
1203 1269
1269 1203
1203 1281
1281 1203
1203 1282
1282 1203
1203 1285
1285 1203
1204 1205
1205 1204
1204 1206
1206 1204
1204 1269
1269 1204
1204 1281
1281 1204
1205 1206
1206 1205
1205 1207
1207 1205
1205 1212
1212 1205
1205 1213
1213 1205
1205 1214
1214 1205
1206 1213
1213 1206
1206 1214
1214 1206
1206 1268
1268 1206
1206 1269
1269 1206
1207 1209
1209 1207
1207 1212
1212 1207
1207 1214
1214 1207
1208 1209
1209 1208
1209 1210
1210 1209
1209 1211
1211 1209
1209 1212
1212 1209
1210 1211
1211 1210
1210 1219
1219 1210
1210 1223
1223 1210
1211 1212
1212 1211
1211 1214
1214 1211
1211 1217
1217 1211
1211 1219
1219 1211
1211 1223
1223 1211
1212 1214
1214 1212
1213 1214
1214 1213
1213 1215
1215 1213
1213 1268
1268 1213
1213 1269
1269 1213
1214 1215
1215 1214
1214 1217
1217 1214
1214 1219
1219 1214
1215 1217
1217 1215
1215 1266
1266 1215
1215 1268
1268 1215
1216 1218
1218 1216
1216 1221
1221 1216
1216 1222
1222 1216
1216 1228
1228 1216
1216 1230
1230 1216
1216 1249
1249 1216
1216 1250
1250 1216
1216 1261
1261 1216
1216 1266
1266 1216
1217 1218
1218 1217
1217 1219
1219 1217
1217 1221
1221 1217
1217 1266
1266 1217
1217 1268
1268 1217
1218 1219
1219 1218
1218 1221
1221 1218
1218 1222
1222 1218
1218 1266
1266 1218
1219 1220
1220 1219
1219 1221
1221 1219
1219 1223
1223 1219
1220 1221
1221 1220
1220 1222
1222 1220
1220 1223
1223 1220
1220 1224
1224 1220
1220 1225
1225 1220
1220 1231
1231 1220
1221 1222
1222 1221
1222 1225
1225 1222
1222 1228
1228 1222
1222 1231
1231 1222
1223 1224
1224 1223
1224 1225
1225 1224
1224 1226
1226 1224
1224 1227
1227 1224
1225 1226
1226 1225
1225 1227
1227 1225
1225 1231
1231 1225
1225 1232
1232 1225
1226 1227
1227 1226
1226 1234
1234 1226
1226 1235
1235 1226
1226 1244
1244 1226
1227 1229
1229 1227
1227 1231
1231 1227
1227 1232
1232 1227
1227 1234
1234 1227
1228 1230
1230 1228
1228 1231
1231 1228
1228 1232
1232 1228
1228 1250
1250 1228
1229 1230
1230 1229
1229 1232
1232 1229
1229 1233
1233 1229
1229 1234
1234 1229
1230 1232
1232 1230
1230 1233
1233 1230
1230 1245
1245 1230
1230 1247
1247 1230
1230 1250
1250 1230
1231 1232
1232 1231
1233 1234
1234 1233
1233 1235
1235 1233
1233 1245
1245 1233
1233 1247
1247 1233
1234 1235
1235 1234
1235 1244
1244 1235
1235 1245
1245 1235
1236 1237
1237 1236
1236 1239
1239 1236
1236 1240
1240 1236
1236 1241
1241 1236
1236 1243
1243 1236
1236 1244
1244 1236
1237 1238
1238 1237
1237 1239
1239 1237
1238 1239
1239 1238
1238 1240
1240 1238
1238 1348
1348 1238
1239 1240
1240 1239
1240 1241
1241 1240
1240 1242
1242 1240
1240 1341
1341 1240
1240 1348
1348 1240
1241 1242
1242 1241
1241 1243
1243 1241
1241 1246
1246 1241
1241 1247
1247 1241
1241 1248
1248 1241
1241 1338
1338 1241
1242 1338
1338 1242
1242 1341
1341 1242
1243 1244
1244 1243
1243 1246
1246 1243
1244 1245
1245 1244
1244 1246
1246 1244
1245 1246
1246 1245
1245 1247
1247 1245
1246 1247
1247 1246
1246 1248
1248 1246
1247 1248
1248 1247
1247 1250
1250 1247
1247 1251
1251 1247
1248 1251
1251 1248
1248 1252
1252 1248
1248 1337
1337 1248
1248 1338
1338 1248
1249 1250
1250 1249
1249 1251
1251 1249
1249 1252
1252 1249
1249 1254
1254 1249
1249 1259
1259 1249
1249 1260
1260 1249
1249 1261
1261 1249
1249 1262
1262 1249
1249 1263
1263 1249
1250 1251
1251 1250
1250 1261
1261 1250
1251 1252
1252 1251
1252 1254
1254 1252
1252 1259
1259 1252
1252 1337
1337 1252
1253 1254
1254 1253
1253 1255
1255 1253
1253 1256
1256 1253
1253 1257
1257 1253
1253 1258
1258 1253
1253 1264
1264 1253
1253 1267
1267 1253
1254 1255
1255 1254
1254 1258
1258 1254
1254 1259
1259 1254
1254 1337
1337 1254
1255 1256
1256 1255
1255 1337
1337 1255
1256 1257
1257 1256
1256 1267
1267 1256
1256 1270
1270 1256
1256 1272
1272 1256
1256 1273
1273 1256
1256 1274
1274 1256
1256 1312
1312 1256
1256 1313
1313 1256
1256 1337
1337 1256
1257 1264
1264 1257
1257 1267
1267 1257
1258 1259
1259 1258
1258 1262
1262 1258
1258 1264
1264 1258
1259 1262
1262 1259
1260 1261
1261 1260
1260 1263
1263 1260
1260 1265
1265 1260
1260 1266
1266 1260
1261 1266
1266 1261
1262 1263
1263 1262
1262 1264
1264 1262
1263 1264
1264 1263
1263 1265
1265 1263
1264 1265
1265 1264
1264 1267
1267 1264
1264 1268
1268 1264
1265 1266
1266 1265
1265 1267
1267 1265
1265 1268
1268 1265
1266 1268
1268 1266
1267 1268
1268 1267
1267 1269
1269 1267
1267 1270
1270 1267
1267 1271
1271 1267
1267 1274
1274 1267
1268 1269
1269 1268
1268 1271
1271 1268
1269 1271
1271 1269
1269 1278
1278 1269
1269 1280
1280 1269
1269 1281
1281 1269
1269 1282
1282 1269
1270 1271
1271 1270
1270 1274
1274 1270
1270 1276
1276 1270
1270 1278
1278 1270
1271 1278
1278 1271
1272 1273
1273 1272
1272 1275
1275 1272
1272 1276
1276 1272
1272 1311
1311 1272
1272 1312
1312 1272
1273 1274
1274 1273
1273 1275
1275 1273
1273 1276
1276 1273
1274 1276
1276 1274
1274 1278
1278 1274
1275 1276
1276 1275
1275 1277
1277 1275
1275 1283
1283 1275
1275 1291
1291 1275
1275 1292
1292 1275
1275 1293
1293 1275
1275 1310
1310 1275
1275 1311
1311 1275
1276 1277
1277 1276
1276 1278
1278 1276
1277 1278
1278 1277
1277 1279
1279 1277
1277 1283
1283 1277
1277 1284
1284 1277
1277 1292
1292 1277
1278 1279
1279 1278
1278 1280
1280 1278
1279 1280
1280 1279
1279 1284
1284 1279
1279 1285
1285 1279
1280 1282
1282 1280
1280 1285
1285 1280
1281 1282
1282 1281
1282 1285
1285 1282
1283 1284
1284 1283
1283 1286
1286 1283
1283 1290
1290 1283
1283 1292
1292 1283
1284 1285
1285 1284
1284 1286
1286 1284
1284 1290
1290 1284
1285 1286
1286 1285
1286 1287
1287 1286
1286 1288
1288 1286
1286 1289
1289 1286
1286 1290
1290 1286
1287 1289
1289 1287
1287 1290
1290 1287
1288 1289
1289 1288
1289 1290
1290 1289
1290 1291
1291 1290
1290 1292
1292 1290
1290 1294
1294 1290
1290 1295
1295 1290
1291 1292
1292 1291
1291 1293
1293 1291
1291 1295
1295 1291
1291 1306
1306 1291
1291 1310
1310 1291
1292 1293
1293 1292
1294 1295
1295 1294
1294 1296
1296 1294
1295 1296
1296 1295
1295 1305
1305 1295
1295 1306
1306 1295
1296 1297
1297 1296
1296 1304
1304 1296
1296 1305
1305 1296
1297 1299
1299 1297
1297 1300
1300 1297
1297 1304
1304 1297
1297 1305
1305 1297
1298 1299
1299 1298
1298 1300
1300 1298
1298 1301
1301 1298
1298 1302
1302 1298
1298 1303
1303 1298
1298 1320
1320 1298
1298 1321
1321 1298
1299 1300
1300 1299
1299 1302
1302 1299
1299 1303
1303 1299
1299 1304
1304 1299
1300 1320
1320 1300
1300 1321
1321 1300
1301 1303
1303 1301
1301 1316
1316 1301
1301 1317
1317 1301
1301 1318
1318 1301
1301 1319
1319 1301
1301 1321
1321 1301
1302 1303
1303 1302
1302 1304
1304 1302
1302 1307
1307 1302
1302 1316
1316 1302
1303 1316
1316 1303
1303 1317
1317 1303
1303 1321
1321 1303
1304 1305
1305 1304
1304 1307
1307 1304
1305 1306
1306 1305
1305 1307
1307 1305
1305 1308
1308 1305
1306 1308
1308 1306
1306 1310
1310 1306
1307 1308
1308 1307
1307 1309
1309 1307
1307 1314
1314 1307
1307 1316
1316 1307
1308 1309
1309 1308
1308 1310
1310 1308
1309 1310
1310 1309
1309 1311
1311 1309
1309 1314
1314 1309
1310 1311
1311 1310
1311 1312
1312 1311
1311 1313
1313 1311
1311 1314
1314 1311
1311 1334
1334 1311
1312 1313
1313 1312
1312 1334
1334 1312
1313 1334
1334 1313
1313 1337
1337 1313
1314 1315
1315 1314
1314 1316
1316 1314
1314 1333
1333 1314
1314 1334
1334 1314
1315 1316
1316 1315
1315 1317
1317 1315
1315 1333
1333 1315
1316 1317
1317 1316
1317 1318
1318 1317
1317 1319
1319 1317
1317 1333
1333 1317
1318 1319
1319 1318
1318 1333
1333 1318
1318 1336
1336 1318
1319 1321
1321 1319
1319 1322
1322 1319
1319 1323
1323 1319
1319 1329
1329 1319
1319 1330
1330 1319
1319 1336
1336 1319
1320 1321
1321 1320
1320 1322
1322 1320
1320 1323
1323 1320
1320 1324
1324 1320
1321 1322
1322 1321
1322 1323
1323 1322
1323 1324
1324 1323
1323 1325
1325 1323
1323 1329
1329 1323
1323 1330
1330 1323
1324 1325
1325 1324
1324 1329
1329 1324
1325 1326
1326 1325
1325 1327
1327 1325
1325 1329
1329 1325
1326 1327
1327 1326
1326 1328
1328 1326
1326 1329
1329 1326
1327 1328
1328 1327
1327 1329
1329 1327
1327 1330
1330 1327
1327 1332
1332 1327
1328 1332
1332 1328
1329 1330
1330 1329
1329 1332
1332 1329
1330 1331
1331 1330
1330 1332
1332 1330
1330 1336
1336 1330
1330 1400
1400 1330
1331 1332
1332 1331
1331 1336
1336 1331
1331 1400
1400 1331
1332 1400
1400 1332
1333 1334
1334 1333
1333 1335
1335 1333
1333 1336
1336 1333
1333 1337
1337 1333
1334 1335
1335 1334
1334 1337
1337 1334
1335 1336
1336 1335
1335 1337
1337 1335
1336 1337
1337 1336
1337 1338
1338 1337
1337 1426
1426 1337
1338 1341
1341 1338
1338 1343
1343 1338
1338 1379
1379 1338
1338 1426
1426 1338
1338 1431
1431 1338
1339 1340
1340 1339
1339 1341
1341 1339
1339 1342
1342 1339
1339 1344
1344 1339
1339 1346
1346 1339
1340 1343
1343 1340
1340 1344
1344 1340
1340 1346
1346 1340
1341 1342
1342 1341
1341 1343
1343 1341
1341 1344
1344 1341
1341 1345
1345 1341
1341 1346
1346 1341
1341 1348
1348 1341
1342 1345
1345 1342
1342 1346
1346 1342
1343 1344
1344 1343
1343 1346
1346 1343
1343 1347
1347 1343
1343 1362
1362 1343
1343 1363
1363 1343
1343 1364
1364 1343
1343 1365
1365 1343
1343 1367
1367 1343
1343 1374
1374 1343
1343 1375
1375 1343
1343 1376
1376 1343
1343 1377
1377 1343
1343 1378
1378 1343
1343 1379
1379 1343
1345 1346
1346 1345
1345 1347
1347 1345
1345 1348
1348 1345
1346 1347
1347 1346
1346 1348
1348 1346
1346 1376
1376 1346
1347 1348
1348 1347
1347 1360
1360 1347
1347 1376
1376 1347
1349 1351
1351 1349
1349 1370
1370 1349
1349 1371
1371 1349
1349 1373
1373 1349
1349 1378
1378 1349
1349 1401
1401 1349
1350 1352
1352 1350
1350 1357
1357 1350
1350 1358
1358 1350
1351 1353
1353 1351
1351 1354
1354 1351
1351 1372
1372 1351
1351 1373
1373 1351
1352 1353
1353 1352
1352 1358
1358 1352
1352 1359
1359 1352
1353 1354
1354 1353
1353 1359
1359 1353
1354 1355
1355 1354
1354 1356
1356 1354
1354 1359
1359 1354
1354 1372
1372 1354
1354 1373
1373 1354
1355 1356
1356 1355
1355 1361
1361 1355
1355 1365
1365 1355
1355 1371
1371 1355
1355 1372
1372 1355
1355 1373
1373 1355
1356 1359
1359 1356
1356 1361
1361 1356
1357 1358
1358 1357
1357 1360
1360 1357
1358 1359
1359 1358
1358 1360
1360 1358
1359 1360
1360 1359
1359 1361
1361 1359
1359 1369
1369 1359
1359 1374
1374 1359
1360 1374
1374 1360
1360 1375
1375 1360
1360 1376
1376 1360
1360 1377
1377 1360
1361 1365
1365 1361
1361 1368
1368 1361
1361 1369
1369 1361
1361 1374
1374 1361
1362 1363
1363 1362
1362 1368
1368 1362
1362 1369
1369 1362
1362 1374
1374 1362
1363 1365
1365 1363
1363 1368
1368 1363
1363 1369
1369 1363
1364 1365
1365 1364
1364 1366
1366 1364
1364 1367
1367 1364
1364 1370
1370 1364
1364 1371
1371 1364
1365 1368
1368 1365
1365 1371
1371 1365
1365 1373
1373 1365
1366 1367
1367 1366
1366 1370
1370 1366
1367 1370
1370 1367
1367 1378
1378 1367
1368 1369
1369 1368
1369 1374
1374 1369
1370 1371
1371 1370
1370 1378
1378 1370
1370 1401
1401 1370
1371 1373
1373 1371
1372 1373
1373 1372
1374 1375
1375 1374
1375 1377
1377 1375
1376 1377
1377 1376
1378 1379
1379 1378
1378 1380
1380 1378
1378 1385
1385 1378
1378 1401
1401 1378
1379 1380
1380 1379
1379 1389
1389 1379
1379 1391
1391 1379
1379 1396
1396 1379
1379 1397
1397 1379
1379 1431
1431 1379
1379 1450
1450 1379
1379 1453
1453 1379
1380 1381
1381 1380
1380 1385
1385 1380
1380 1387
1387 1380
1380 1388
1388 1380
1380 1389
1389 1380
1381 1384
1384 1381
1381 1387
1387 1381
1381 1389
1389 1381
1382 1383
1383 1382
1382 1384
1384 1382
1382 1385
1385 1382
1382 1386
1386 1382
1382 1390
1390 1382
1382 1401
1401 1382
1383 1384
1384 1383
1383 1386
1386 1383
1383 1390
1390 1383
1384 1386
1386 1384
1384 1387
1387 1384
1384 1388
1388 1384
1384 1389
1389 1384
1384 1390
1390 1384
1385 1386
1386 1385
1385 1388
1388 1385
1385 1401
1401 1385
1386 1388
1388 1386
1387 1388
1388 1387
1389 1390
1390 1389
1389 1391
1391 1389
1389 1392
1392 1389
1389 1393
1393 1389
1389 1397
1397 1389
1390 1397
1397 1390
1390 1401
1401 1390
1391 1392
1392 1391
1391 1396
1396 1391
1392 1393
1393 1392
1392 1394
1394 1392
1392 1396
1396 1392
1393 1394
1394 1393
1393 1396
1396 1393
1393 1397
1397 1393
1393 1399
1399 1393
1394 1395
1395 1394
1394 1396
1396 1394
1394 1398
1398 1394
1394 1399
1399 1394
1395 1396
1396 1395
1395 1397
1397 1395
1395 1398
1398 1395
1396 1397
1397 1396
1397 1398
1398 1397
1397 1399
1399 1397
1397 1401
1401 1397
1398 1399
1399 1398
1402 1403
1403 1402
1402 1433
1433 1402
1402 1434
1434 1402
1402 1435
1435 1402
1403 1404
1404 1403
1403 1408
1408 1403
1403 1409
1409 1403
1403 1410
1410 1403
1403 1429
1429 1403
1403 1433
1433 1403
1403 1434
1434 1403
1403 1435
1435 1403
1404 1405
1405 1404
1404 1406
1406 1404
1404 1407
1407 1404
1404 1408
1408 1404
1404 1428
1428 1404
1404 1429
1429 1404
1405 1406
1406 1405
1405 1422
1422 1405
1405 1428
1428 1405
1406 1407
1407 1406
1406 1413
1413 1406
1406 1422
1422 1406
1407 1408
1408 1407
1407 1411
1411 1407
1407 1412
1412 1407
1407 1413
1413 1407
1408 1409
1409 1408
1408 1411
1411 1408
1409 1410
1410 1409
1409 1411
1411 1409
1410 1411
1411 1410
1410 1435
1435 1410
1410 1437
1437 1410
1410 1438
1438 1410
1410 1454
1454 1410
1411 1412
1412 1411
1411 1454
1454 1411
1412 1413
1413 1412
1412 1454
1454 1412
1413 1422
1422 1413
1413 1454
1454 1413
1414 1415
1415 1414
1414 1416
1416 1414
1414 1451
1451 1414
1414 1453
1453 1414
1415 1416
1416 1415
1415 1418
1418 1415
1415 1419
1419 1415
1415 1451
1451 1415
1416 1417
1417 1416
1416 1418
1418 1416
1416 1453
1453 1416
1417 1418
1418 1417
1417 1420
1420 1417
1417 1449
1449 1417
1418 1419
1419 1418
1418 1420
1420 1418
1419 1420
1420 1419
1419 1451
1451 1419
1419 1452
1452 1419
1420 1421
1421 1420
1420 1449
1449 1420
1420 1451
1451 1420
1420 1452
1452 1420
1421 1449
1449 1421
1421 1450
1450 1421
1421 1452
1452 1421
1422 1423
1423 1422
1422 1425
1425 1422
1422 1426
1426 1422
1422 1428
1428 1422
1422 1454
1454 1422
1423 1424
1424 1423
1423 1425
1425 1423
1423 1426
1426 1423
1423 1427
1427 1423
1423 1428
1428 1423
1424 1427
1427 1424
1425 1426
1426 1425
1426 1427
1427 1426
1426 1430
1430 1426
1426 1431
1431 1426
1427 1428
1428 1427
1427 1430
1430 1427
1428 1429
1429 1428
1428 1430
1430 1428
1429 1430
1430 1429
1429 1433
1433 1429
1430 1431
1431 1430
1430 1432
1432 1430
1430 1433
1433 1430
1431 1432
1432 1431
1431 1442
1442 1431
1431 1443
1443 1431
1431 1450
1450 1431
1432 1433
1433 1432
1432 1434
1434 1432
1432 1442
1442 1432
1432 1444
1444 1432
1433 1434
1434 1433
1434 1435
1435 1434
1434 1436
1436 1434
1434 1440
1440 1434
1434 1444
1444 1434
1435 1436
1436 1435
1435 1437
1437 1435
1436 1437
1437 1436
1436 1438
1438 1436
1436 1439
1439 1436
1436 1440
1440 1436
1437 1438
1438 1437
1438 1439
1439 1438
1438 1440
1440 1438
1438 1454
1454 1438
1439 1440
1440 1439
1439 1441
1441 1439
1439 1454
1454 1439
1440 1441
1441 1440
1440 1444
1444 1440
1441 1444
1444 1441
1441 1445
1445 1441
1441 1454
1454 1441
1442 1443
1443 1442
1442 1444
1444 1442
1443 1444
1444 1443
1443 1446
1446 1443
1443 1450
1450 1443
1444 1445
1445 1444
1444 1446
1446 1444
1445 1446
1446 1445
1445 1454
1454 1445
1446 1447
1447 1446
1446 1448
1448 1446
1446 1449
1449 1446
1446 1450
1450 1446
1446 1454
1454 1446
1447 1448
1448 1447
1447 1449
1449 1447
1447 1450
1450 1447
1448 1449
1449 1448
1449 1450
1450 1449
1449 1454
1454 1449
1450 1451
1451 1450
1450 1452
1452 1450
1450 1453
1453 1450
1451 1452
1452 1451
1451 1453
1453 1451
1455 1456
1456 1455
1455 1457
1457 1455
1455 1459
1459 1455
1455 1460
1460 1455
1455 1472
1472 1455
1455 1473
1473 1455
1455 1474
1474 1455
1456 1457
1457 1456
1456 1458
1458 1456
1456 1459
1459 1456
1456 1460
1460 1456
1456 1487
1487 1456
1457 1458
1458 1457
1457 1473
1473 1457
1457 1474
1474 1457
1457 1482
1482 1457
1458 1482
1482 1458
1458 1484
1484 1458
1458 1487
1487 1458
1458 1488
1488 1458
1458 1494
1494 1458
1459 1460
1460 1459
1459 1461
1461 1459
1459 1462
1462 1459
1459 1463
1463 1459
1459 1487
1487 1459
1460 1461
1461 1460
1460 1462
1462 1460
1460 1471
1471 1460
1460 1472
1472 1460
1460 1473
1473 1460
1461 1462
1462 1461
1461 1464
1464 1461
1461 1471
1471 1461
1461 1472
1472 1461
1462 1463
1463 1462
1462 1464
1464 1462
1462 1466
1466 1462
1463 1464
1464 1463
1463 1466
1466 1463
1463 1485
1485 1463
1463 1487
1487 1463
1463 1488
1488 1463
1463 1489
1489 1463
1464 1465
1465 1464
1464 1466
1466 1464
1464 1467
1467 1464
1464 1468
1468 1464
1464 1471
1471 1464
1465 1466
1466 1465
1465 1468
1468 1465
1466 1485
1485 1466
1466 1489
1489 1466
1467 1468
1468 1467
1467 1469
1469 1467
1467 1470
1470 1467
1467 1471
1471 1467
1468 1469
1469 1468
1468 1476
1476 1468
1468 1477
1477 1468
1468 1480
1480 1468
1468 1481
1481 1468
1468 1551
1551 1468
1469 1470
1470 1469
1469 1475
1475 1469
1469 1476
1476 1469
1470 1471
1471 1470
1470 1472
1472 1470
1470 1475
1475 1470
1471 1472
1472 1471
1472 1473
1473 1472
1472 1475
1475 1472
1473 1474
1474 1473
1473 1475
1475 1473
1474 1475
1475 1474
1474 1479
1479 1474
1474 1482
1482 1474
1475 1476
1476 1475
1475 1477
1477 1475
1475 1479
1479 1475
1476 1477
1477 1476
1477 1478
1478 1477
1477 1479
1479 1477
1477 1480
1480 1477
1478 1479
1479 1478
1478 1480
1480 1478
1479 1480
1480 1479
1479 1482
1482 1479
1479 1483
1483 1479
1480 1481
1481 1480
1480 1482
1482 1480
1480 1483
1483 1480
1482 1483
1483 1482
1482 1484
1484 1482
1483 1484
1484 1483
1485 1486
1486 1485
1485 1489
1489 1485
1485 1492
1492 1485
1486 1488
1488 1486
1486 1491
1491 1486
1486 1492
1492 1486
1486 1494
1494 1486
1486 1495
1495 1486
1486 1516
1516 1486
1487 1488
1488 1487
1488 1489
1489 1488
1488 1490
1490 1488
1488 1491
1491 1488
1488 1494
1494 1488
1489 1490
1490 1489
1489 1492
1492 1489
1490 1491
1491 1490
1490 1492
1492 1490
1491 1492
1492 1491
1493 1494
1494 1493
1493 1495
1495 1493
1493 1497
1497 1493
1494 1495
1495 1494
1495 1496
1496 1495
1495 1497
1497 1495
1495 1505
1505 1495
1495 1506
1506 1495
1495 1509
1509 1495
1495 1516
1516 1495
1496 1497
1497 1496
1496 1499
1499 1496
1496 1501
1501 1496
1496 1505
1505 1496
1496 1509
1509 1496
1497 1498
1498 1497
1497 1499
1499 1497
1497 1524
1524 1497
1498 1499
1499 1498
1498 1500
1500 1498
1498 1524
1524 1498
1499 1500
1500 1499
1499 1501
1501 1499
1499 1509
1509 1499
1500 1501
1501 1500
1500 1502
1502 1500
1500 1504
1504 1500
1500 1524
1524 1500
1500 1539
1539 1500
1501 1502
1502 1501
1501 1503
1503 1501
1501 1509
1509 1501
1501 1510
1510 1501
1501 1511
1511 1501
1501 1513
1513 1501
1502 1503
1503 1502
1502 1504
1504 1502
1503 1504
1504 1503
1503 1511
1511 1503
1503 1513
1513 1503
1503 1514
1514 1503
1504 1514
1514 1504
1504 1520
1520 1504
1504 1521
1521 1504
1504 1522
1522 1504
1504 1523
1523 1504
1504 1531
1531 1504
1504 1533
1533 1504
1504 1534
1534 1504
1504 1539
1539 1504
1504 1549
1549 1504
1504 1550
1550 1504
1505 1506
1506 1505
1505 1507
1507 1505
1505 1508
1508 1505
1505 1509
1509 1505
1506 1508
1508 1506
1506 1516
1516 1506
1506 1517
1517 1506
1507 1508
1508 1507
1507 1509
1509 1507
1507 1510
1510 1507
1507 1511
1511 1507
1507 1512
1512 1507
1508 1512
1512 1508
1508 1517
1517 1508
1509 1510
1510 1509
1510 1511
1511 1510
1510 1512
1512 1510
1511 1512
1512 1511
1511 1513
1513 1511
1512 1513
1513 1512
1512 1515
1515 1512
1512 1517
1517 1512
1512 1521
1521 1512
1513 1514
1514 1513
1513 1515
1515 1513
1514 1515
1515 1514
1514 1521
1521 1514
1515 1517
1517 1515
1515 1521
1521 1515
1516 1517
1517 1516
1516 1518
1518 1516
1516 1519
1519 1516
1516 1520
1520 1516
1516 1549
1549 1516
1516 1550
1550 1516
1517 1518
1518 1517
1517 1521
1521 1517
1518 1519
1519 1518
1518 1521
1521 1518
1519 1520
1520 1519
1519 1521
1521 1519
1520 1521
1521 1520
1520 1523
1523 1520
1520 1550
1550 1520
1522 1523
1523 1522
1523 1550
1550 1523
1524 1525
1525 1524
1524 1535
1535 1524
1524 1539
1539 1524
1524 1540
1540 1524
1524 1542
1542 1524
1524 1544
1544 1524
1524 1545
1545 1524
1525 1527
1527 1525
1525 1529
1529 1525
1525 1530
1530 1525
1525 1536
1536 1525
1525 1543
1543 1525
1525 1544
1544 1525
1525 1545
1545 1525
1526 1527
1527 1526
1526 1528
1528 1526
1526 1530
1530 1526
1526 1531
1531 1526
1526 1532
1532 1526
1526 1536
1536 1526
1526 1537
1537 1526
1527 1528
1528 1527
1527 1530
1530 1527
1527 1532
1532 1527
1527 1533
1533 1527
1527 1545
1545 1527
1528 1532
1532 1528
1529 1530
1530 1529
1529 1536
1536 1529
1529 1543
1543 1529
1530 1536
1536 1530
1531 1532
1532 1531
1531 1533
1533 1531
1531 1534
1534 1531
1531 1537
1537 1531
1531 1538
1538 1531
1532 1533
1533 1532
1532 1537
1537 1532
1533 1545
1545 1533
1533 1549
1549 1533
1534 1538
1538 1534
1534 1539
1539 1534
1535 1536
1536 1535
1535 1538
1538 1535
1535 1539
1539 1535
1535 1540
1540 1535
1535 1541
1541 1535
1535 1542
1542 1535
1535 1543
1543 1535
1536 1537
1537 1536
1536 1538
1538 1536
1536 1543
1543 1536
1537 1538
1538 1537
1538 1539
1539 1538
1540 1541
1541 1540
1540 1542
1542 1540
1541 1542
1542 1541
1542 1543
1543 1542
1542 1544
1544 1542
1543 1544
1544 1543
1545 1546
1546 1545
1545 1547
1547 1545
1545 1548
1548 1545
1545 1549
1549 1545
1546 1547
1547 1546
1546 1548
1548 1546
1547 1548
1548 1547
1549 1550
1550 1549
1551 1552
1552 1551
1551 1553
1553 1551
1551 1554
1554 1551
1551 1555
1555 1551
1551 1567
1567 1551
1552 1553
1553 1552
1552 1554
1554 1552
1552 1555
1555 1552
1552 1556
1556 1552
1552 1557
1557 1552
1552 1558
1558 1552
1553 1554
1554 1553
1553 1555
1555 1553
1553 1556
1556 1553
1555 1556
1556 1555
1555 1557
1557 1555
1555 1559
1559 1555
1555 1567
1567 1555
1555 1583
1583 1555
1556 1557
1557 1556
1557 1558
1558 1557
1557 1559
1559 1557
1558 1559
1559 1558
1559 1583
1583 1559
1559 1588
1588 1559
1559 1589
1589 1559
1559 1591
1591 1559
1559 1592
1592 1559
1560 1561
1561 1560
1560 1562
1562 1560
1560 1566
1566 1560
1560 1567
1567 1560
1560 1568
1568 1560
1561 1562
1562 1561
1561 1566
1566 1561
1561 1567
1567 1561
1562 1563
1563 1562
1562 1564
1564 1562
1562 1565
1565 1562
1562 1567
1567 1562
1562 1568
1568 1562
1562 1571
1571 1562
1563 1564
1564 1563
1563 1565
1565 1563
1563 1567
1567 1563
1563 1571
1571 1563
1563 1573
1573 1563
1563 1575
1575 1563
1564 1565
1565 1564
1564 1571
1571 1564
1564 1573
1573 1564
1566 1567
1567 1566
1567 1568
1568 1567
1567 1569
1569 1567
1567 1575
1575 1567
1567 1583
1583 1567
1568 1569
1569 1568
1568 1570
1570 1568
1568 1571
1571 1568
1568 1572
1572 1568
1569 1570
1570 1569
1570 1572
1572 1570
1570 1573
1573 1570
1570 1574
1574 1570
1571 1572
1572 1571
1571 1573
1573 1571
1572 1573
1573 1572
1573 1574
1574 1573
1573 1575
1575 1573
1574 1575
1575 1574
1574 1627
1627 1574
1574 1628
1628 1574
1575 1576
1576 1575
1575 1577
1577 1575
1575 1579
1579 1575
1575 1582
1582 1575
1575 1583
1583 1575
1575 1585
1585 1575
1575 1622
1622 1575
1575 1623
1623 1575
1575 1627
1627 1575
1576 1577
1577 1576
1576 1578
1578 1576
1576 1584
1584 1576
1576 1585
1585 1576
1577 1578
1578 1577
1577 1579
1579 1577
1578 1579
1579 1578
1578 1584
1584 1578
1578 1585
1585 1578
1579 1580
1580 1579
1579 1582
1582 1579
1579 1584
1584 1579
1580 1582
1582 1580
1580 1583
1583 1580
1580 1584
1584 1580
1581 1582
1582 1581
1581 1583
1583 1581
1581 1587
1587 1581
1581 1622
1622 1581
1582 1583
1583 1582
1582 1622
1622 1582
1583 1584
1584 1583
1583 1585
1585 1583
1583 1586
1586 1583
1583 1587
1587 1583
1583 1588
1588 1583
1584 1585
1585 1584
1586 1587
1587 1586
1586 1588
1588 1586
1586 1594
1594 1586
1586 1595
1595 1586
1587 1595
1595 1587
1587 1616
1616 1587
1587 1619
1619 1587
1587 1621
1621 1587
1587 1622
1622 1587
1588 1589
1589 1588
1588 1590
1590 1588
1588 1593
1593 1588
1588 1594
1594 1588
1589 1590
1590 1589
1589 1592
1592 1589
1589 1593
1593 1589
1590 1593
1593 1590
1591 1592
1592 1591
1591 1605
1605 1591
1592 1593
1593 1592
1592 1603
1603 1592
1592 1605
1605 1592
1593 1594
1594 1593
1593 1599
1599 1593
1593 1601
1601 1593
1593 1602
1602 1593
1593 1603
1603 1593
1594 1595
1595 1594
1594 1596
1596 1594
1594 1600
1600 1594
1594 1601
1601 1594
1594 1602
1602 1594
1595 1596
1596 1595
1595 1615
1615 1595
1595 1616
1616 1595
1595 1621
1621 1595
1596 1597
1597 1596
1596 1600
1600 1596
1596 1614
1614 1596
1596 1615
1615 1596
1596 1616
1616 1596
1597 1598
1598 1597
1597 1600
1600 1597
1597 1602
1602 1597
1597 1607
1607 1597
1597 1609
1609 1597
1597 1614
1614 1597
1597 1615
1615 1597
1598 1600
1600 1598
1598 1601
1601 1598
1598 1602
1602 1598
1599 1602
1602 1599
1599 1603
1603 1599
1599 1604
1604 1599
1599 1605
1605 1599
1600 1601
1601 1600
1601 1602
1602 1601
1602 1605
1605 1602
1602 1606
1606 1602
1602 1607
1607 1602
1603 1604
1604 1603
1603 1605
1605 1603
1604 1605
1605 1604
1605 1606
1606 1605
1605 1637
1637 1605
1605 1644
1644 1605
1606 1607
1607 1606
1606 1637
1637 1606
1606 1638
1638 1606
1606 1639
1639 1606
1607 1608
1608 1607
1607 1609
1609 1607
1607 1613
1613 1607
1607 1634
1634 1607
1607 1638
1638 1607
1607 1639
1639 1607
1608 1609
1609 1608
1608 1611
1611 1608
1608 1612
1612 1608
1608 1613
1613 1608
1609 1610
1610 1609
1609 1611
1611 1609
1609 1612
1612 1609
1609 1614
1614 1609
1610 1611
1611 1610
1610 1614
1614 1610
1610 1618
1618 1610
1611 1612
1612 1611
1611 1613
1613 1611
1611 1617
1617 1611
1611 1618
1618 1611
1612 1613
1613 1612
1613 1617
1617 1613
1613 1618
1618 1613
1613 1629
1629 1613
1613 1632
1632 1613
1613 1633
1633 1613
1613 1634
1634 1613
1614 1615
1615 1614
1614 1618
1618 1614
1615 1616
1616 1615
1615 1618
1618 1615
1616 1617
1617 1616
1616 1618
1618 1616
1616 1621
1621 1616
1616 1623
1623 1616
1617 1618
1618 1617
1617 1623
1623 1617
1617 1624
1624 1617
1617 1625
1625 1617
1617 1629
1629 1617
1617 1633
1633 1617
1619 1620
1620 1619
1619 1621
1621 1619
1619 1622
1622 1619
1620 1621
1621 1620
1620 1622
1622 1620
1620 1623
1623 1620
1621 1623
1623 1621
1622 1623
1623 1622
1623 1624
1624 1623
1623 1625
1625 1623
1623 1627
1627 1623
1624 1625
1625 1624
1624 1626
1626 1624
1624 1629
1629 1624
1625 1626
1626 1625
1625 1627
1627 1625
1626 1627
1627 1626
1626 1628
1628 1626
1626 1629
1629 1626
1627 1628
1628 1627
1628 1629
1629 1628
1628 1647
1647 1628
1629 1630
1630 1629
1629 1633
1633 1629
1629 1647
1647 1629
1630 1631
1631 1630
1630 1633
1633 1630
1630 1647
1647 1630
1630 1649
1649 1630
1631 1632
1632 1631
1631 1633
1633 1631
1631 1643
1643 1631
1631 1649
1649 1631
1632 1633
1633 1632
1632 1634
1634 1632
1632 1643
1643 1632
1634 1638
1638 1634
1634 1640
1640 1634
1634 1641
1641 1634
1634 1643
1643 1634
1635 1636
1636 1635
1635 1638
1638 1635
1635 1640
1640 1635
1636 1637
1637 1636
1636 1638
1638 1636
1636 1639
1639 1636
1636 1640
1640 1636
1637 1639
1639 1637
1637 1640
1640 1637
1637 1644
1644 1637
1638 1639
1639 1638
1638 1640
1640 1638
1640 1641
1641 1640
1640 1642
1642 1640
1640 1643
1643 1640
1640 1644
1644 1640
1641 1642
1642 1641
1641 1643
1643 1641
1643 1644
1644 1643
1643 1646
1646 1643
1643 1649
1649 1643
1644 1645
1645 1644
1644 1646
1646 1644
1645 1646
1646 1645
1646 1649
1649 1646
1647 1649
1649 1647
1648 1649
1649 1648
1648 1650
1650 1648
1649 1650
1650 1649
