0 10088 40 2 0 3 0 0 4 54 0 2 0 0 0 0 8 0 0 0 0 77 0 0 0 3 0 4 0 0 1 0 3 0 0 0 0 0 0 1 6 6 1 30 0 253 0 0 0 0 0 0 0 8 0 0 0 0 0 48 37 8 26 0 0 0 0 0 0 0 0 4 0 0 0 0 0 0 0 0 0 0 0 0 0 0 0 1 0 0 0 0 0 0 0 0 0 0 0 0 0 0 0 0 0 0 0 0 0 0 0 0 0 0 0 0 0 0 0 0 0 0 0 0 0 0 0 0 0 0 13 18 14 9 41 4 0 1 1 0 0 1 0 0 9 1 10 0 0 6 1 1 0 0 0 4 0 0 0 0 0 0 0 0 7 0 0 4 0 0 0 0 168 17 0 0 2 0 0 0 0 0 0 0 0 0 1 0 0 0 0 0 1 0 0 0 0 3 27 0 0 0 0 0 0 0 0 0 0 0 0 0 0 0 0 0 0 0 0 14 0 0 0 0 0 0 11 0 0 0 0 0 0 0 0 0 4 1 0 0 0 0 0 0 0 0 0 0 0 0 3
1 10638 24 7 0 0 0 0 1 7 0 0 0 0 0 0 0 0 0 0 0 11 0 1 4 0 0 2 0 0 0 0 0 0 0 0 0 0 0 0 2 11 0 6 0 42 0 0 0 0 0 0 0 2 0 0 0 0 0 30 36 7 16 0 0 0 0 0 0 0 0 0 0 0 0 0 0 0 0 0 1 0 0 0 0 0 0 0 0 0 0 0 0 0 0 0 0 0 0 1 0 0 0 0 0 0 0 0 0 0 0 0 0 0 0 0 0 0 0 0 1 0 0 0 0 0 0 0 1 0 11 25 2 1 15 1 0 0 0 0 0 0 0 0 3 0 0 0 0 0 0 1 0 1 0 0 0 0 0 0 0 0 0 0 3 0 0 5 0 0 0 1 48 4 0 0 0 0 0 0 0 0 0 0 0 0 0 0 0 0 0 0 0 0 0 0 0 0 1 0 0 0 0 0 0 0 0 1 0 0 0 0 0 0 0 0 0 0 0 0 0 0 0 0 0 0 0 1 0 0 0 1 0 0 0 0 0 0 0 0 0 0 0 0 0 0 0 1 0 0 0
2 10246 22 18 0 0 0 0 2 10 0 0 0 0 0 0 4 0 0 0 0 11 0 2 0 0 0 0 0 0 3 0 0 0 0 0 0 0 0 0 4 12 0 6 0 92 0 0 0 0 0 0 0 1 0 0 0 0 0 37 42 8 18 0 0 0 0 0 0 0 0 5 0 0 2 0 0 0 0 0 0 0 0 0 0 0 0 0 0 0 0 0 0 0 0 0 0 0 0 0 0 0 0 0 0 0 0 0 0 0 0 1 0 0 0 0 0 0 0 0 0 0 0 0 0 0 0 0 1 0 13 8 6 16 12 1 0 0 0 0 0 0 0 0 3 0 1 0 0 0 0 0 0 0 0 2 0 0 1 0 0 0 0 0 16 0 0 2 0 0 0 0 33 12 0 0 4 0 0 0 0 0 0 0 0 0 0 0 0 0 0 0 0 0 0 0 0 0 5 0 0 0 0 0 0 0 0 0 0 0 0 0 0 0 0 0 0 0 0 0 0 0 0 0 0 0 0 0 0 0 0 0 0 3 0 0 0 0 0 0 0 0 0 0 0 0 0 0 0 0 0
3 10283 25 1 0 0 0 0 2 18 0 0 0 0 0 0 3 1 0 0 0 30 0 0 1 0 0 0 0 0 6 0 0 0 0 0 0 0 0 0 2 15 0 9 0 36 0 0 0 0 0 0 0 0 0 0 0 0 0 17 24 13 24 0 0 0 0 0 0 0 0 2 0 0 0 0 0 0 0 0 1 0 0 0 0 0 0 1 0 0 0 0 3 0 0 0 0 0 0 0 0 0 0 0 0 0 0 0 0 0 0 0 0 0 0 0 0 0 0 0 0 0 0 0 0 1 0 0 0 0 12 15 11 0 49 0 0 0 0 0 0 0 0 0 2 1 5 0 1 0 0 0 0 1 0 3 0 0 0 0 0 0 0 0 0 0 0 6 1 0 0 0 11 10 0 0 0 0 1 0 0 0 0 0 0 0 0 0 0 0 0 0 0 0 0 0 0 1 2 0 0 0 0 0 0 0 1 0 0 0 0 0 0 0 0 0 0 0 0 13 0 0 0 0 0 0 0 0 0 0 0 0 0 0 0 0 2 0 0 0 0 0 0 0 0 0 0 1 0 0 9
4 10376 21 2 0 0 0 0 0 8 0 0 0 0 0 0 4 0 0 0 0 18 0 1 0 1 0 2 0 0 1 0 0 0 0 0 0 0 0 0 1 1 0 6 0 37 0 0 0 0 0 0 0 0 0 0 0 0 0 12 11 1 26 0 0 0 0 0 0 0 0 4 0 0 0 0 0 0 0 0 0 0 0 0 0 0 0 0 0 0 0 0 0 0 0 0 0 0 0 0 1 0 1 0 0 0 0 0 0 0 0 0 0 0 0 0 0 0 0 0 0 0 0 0 0 2 0 0 0 0 3 23 10 3 19 0 0 0 0 0 0 0 0 0 4 0 3 0 6 0 0 0 1 0 0 0 0 0 0 0 0 0 0 0 4 0 0 1 1 0 1 2 24 9 0 0 1 0 0 0 0 0 0 0 0 0 0 0 0 0 0 0 0 0 0 0 0 0 4 0 0 0 0 0 0 0 0 0 0 0 0 0 0 0 0 3 0 0 0 5 0 0 0 0 0 0 0 1 0 0 0 2 0 0 0 0 2 0 0 0 0 0 0 0 0 0 0 0 0 0 0
5 10210 16 0 0 0 0 0 3 1 0 0 0 0 0 0 1 0 0 0 0 25 0 1 0 0 0 0 0 0 0 0 0 0 0 0 1 0 0 0 2 5 0 19 0 28 0 1 0 0 0 0 0 0 0 0 0 0 0 15 44 3 14 0 0 0 0 0 0 0 0 2 0 0 0 0 0 0 0 0 0 0 0 0 0 0 0 1 0 0 0 0 0 0 0 0 0 0 0 0 0 0 0 0 1 0 0 0 0 0 0 0 0 1 4 0 0 0 0 0 0 0 0 0 0 0 0 0 0 0 11 15 0 0 10 0 0 0 0 0 0 0 0 0 6 0 0 0 0 0 0 0 0 0 0 0 0 0 1 0 0 0 0 0 5 0 0 4 0 0 0 1 25 10 0 0 0 0 0 0 0 0 0 0 0 0 0 0 0 0 0 0 0 0 0 0 0 0 9 0 0 0 0 0 0 0 0 0 0 0 0 0 0 0 0 0 0 0 0 0 0 0 0 0 0 0 0 0 0 0 0 0 0 0 0 0 0 0 0 0 0 0 0 0 0 0 0 1 0 0 2
6 11558 11 4 0 0 0 0 0 13 0 0 0 0 0 0 4 0 0 0 0 15 0 0 0 0 0 2 0 0 0 0 0 0 0 0 0 0 0 0 2 9 0 9 0 51 0 0 0 0 0 0 1 2 0 0 0 0 0 19 27 12 30 0 0 0 0 0 0 0 0 0 0 0 0 0 0 0 0 0 1 0 0 0 0 0 0 0 0 0 0 0 0 0 1 0 0 0 0 0 0 0 0 0 0 0 0 0 3 0 0 0 0 1 1 0 0 0 0 0 5 1 0 0 0 0 0 0 0 0 12 6 6 1 15 4 0 0 0 0 0 0 0 0 0 0 0 0 0 0 0 0 0 0 0 0 0 0 0 0 0 0 0 0 1 0 0 2 0 0 0 6 36 2 0 0 0 0 1 0 0 0 0 0 0 0 0 0 0 0 0 0 0 0 0 0 0 1 1 0 0 0 0 0 0 0 0 0 0 0 0 0 0 0 0 0 0 0 0 4 0 0 0 0 0 0 0 0 0 0 0 0 0 0 0 0 1 0 0 0 0 0 0 0 0 0 0 2 0 0 6
7 9401 32 11 0 1 0 0 4 3 0 0 0 0 0 0 1 0 0 0 0 7 0 1 0 2 0 5 0 0 0 0 0 0 0 0 0 0 0 0 2 10 0 5 0 45 0 3 0 0 0 0 0 0 0 0 0 0 0 12 15 5 12 0 0 0 0 0 0 0 0 0 0 0 0 0 0 0 0 0 4 0 0 0 0 0 0 2 0 0 0 0 1 0 0 0 0 0 0 0 0 0 0 0 0 0 0 0 0 0 0 0 0 0 0 0 0 0 0 0 0 0 0 0 2 0 0 0 2 0 4 44 40 7 30 0 0 0 0 0 0 0 0 0 4 0 3 0 6 0 0 0 0 0 0 1 0 0 0 0 0 0 0 0 1 0 0 1 0 0 1 2 10 2 0 0 1 0 0 0 0 0 0 0 0 0 0 0 0 1 0 0 0 0 0 0 0 0 12 0 0 0 0 0 0 0 0 2 0 0 0 0 0 0 0 0 0 0 0 5 0 0 0 0 0 0 2 0 0 0 0 0 0 0 0 0 10 0 0 0 0 0 0 0 0 0 0 0 0 0 0
8 11518 26 0 0 0 0 0 1 2 0 0 0 0 0 0 2 0 0 0 0 7 0 0 0 0 0 1 0 0 0 1 0 0 0 0 0 0 0 0 2 9 0 20 0 41 0 0 0 0 0 0 0 7 0 2 0 1 0 8 48 10 14 0 0 0 0 0 0 0 0 2 0 0 0 0 0 1 0 0 0 0 0 0 0 0 0 0 0 0 0 0 1 0 0 0 0 0 0 0 0 0 0 0 0 0 0 0 0 0 0 0 0 0 0 0 0 0 0 0 2 0 0 0 1 0 0 0 0 0 11 24 8 5 10 0 1 0 0 0 0 0 0 0 1 0 3 0 1 0 0 0 0 0 0 2 0 0 0 0 0 0 0 0 0 0 0 4 0 0 0 1 29 6 0 0 2 0 0 0 0 0 0 0 0 0 0 0 1 0 0 0 0 0 0 0 0 2 9 0 0 0 0 0 0 0 0 0 0 0 0 0 0 0 0 0 1 0 0 1 0 1 0 0 0 0 0 0 0 0 0 0 0 0 0 0 1 0 0 0 0 0 0 0 0 0 0 0 0 0 1
9 9650 41 10 0 9 0 0 2 78 0 1 0 0 0 0 19 1 0 0 0 72 0 1 0 1 0 1 0 0 10 0 1 0 0 0 0 0 0 0 3 8 0 12 0 207 0 1 0 0 0 0 0 4 0 0 0 0 0 43 41 13 34 0 0 0 0 0 0 0 0 0 0 0 0 0 0 0 0 0 1 0 0 0 0 0 0 1 0 1 0 0 0 0 0 0 0 0 0 0 1 0 2 0 0 0 0 0 0 0 0 0 0 0 0 0 0 0 0 0 4 0 0 0 0 1 0 0 0 0 21 59 30 5 42 1 0 2 0 0 0 2 0 0 5 0 9 0 3 1 3 0 0 0 6 4 0 0 1 0 0 0 0 0 13 0 0 8 0 0 5 4 126 10 0 0 1 0 0 0 0 0 0 0 0 0 0 0 0 0 0 0 3 0 0 0 0 0 25 0 0 0 0 0 4 0 0 0 0 0 0 0 0 0 0 0 0 0 0 1 0 0 0 0 0 0 5 1 0 0 0 0 0 0 0 0 2 1 0 0 0 0 0 0 0 0 0 0 0 0 3
10 10486 19 0 0 1 0 0 1 8 0 0 0 0 0 0 0 0 0 0 0 17 0 1 0 3 0 1 0 0 0 0 1 0 0 0 0 0 0 0 1 2 0 13 0 33 0 0 0 0 0 0 0 2 0 0 0 0 0 17 34 5 12 0 0 0 0 0 0 0 0 0 0 0 0 0 0 0 0 0 0 0 0 0 0 0 0 0 0 0 0 0 0 0 0 0 0 0 0 0 0 0 0 0 1 0 0 0 0 0 0 1 0 0 0 0 1 0 0 0 0 0 0 0 1 0 0 0 0 0 9 9 10 0 19 0 0 0 1 0 0 0 0 0 1 0 4 0 0 0 1 0 0 0 1 0 0 0 0 0 0 0 0 0 2 0 1 1 0 0 0 2 45 5 0 0 1 0 0 0 0 0 0 0 0 0 0 0 0 0 0 0 0 0 0 0 0 0 1 0 0 0 0 0 0 0 0 0 0 0 0 0 0 0 0 0 0 0 0 1 0 0 0 0 0 0 1 4 0 0 0 0 0 0 0 0 0 0 0 0 0 0 0 0 0 0 0 0 0 0 5
11 12783 27 3 0 0 0 0 2 12 0 0 0 0 0 0 4 0 0 0 0 18 0 0 0 0 0 0 0 0 0 0 0 0 0 0 0 0 0 0 3 23 0 9 0 84 0 0 0 0 0 0 0 2 0 0 0 1 0 12 22 11 34 0 0 0 0 0 0 0 0 2 0 0 0 0 0 0 0 0 1 0 0 0 0 0 0 0 0 0 0 0 4 0 0 0 0 0 0 0 0 0 0 1 0 0 0 0 1 3 0 0 0 0 0 0 0 0 0 0 0 0 0 0 0 5 0 1 2 0 10 17 6 0 13 0 0 0 0 0 0 0 0 0 1 1 0 0 2 0 0 0 0 0 0 0 0 0 0 0 0 0 0 0 2 0 0 0 1 0 0 6 24 9 0 0 6 0 0 0 0 0 0 0 0 0 0 0 0 0 0 0 0 0 0 0 0 0 13 0 0 0 0 0 5 0 0 0 0 0 0 0 0 0 0 0 0 0 0 1 0 0 0 0 0 0 0 1 0 0 0 0 0 0 0 0 0 0 0 0 0 0 0 0 0 0 0 1 0 0 0
12 10094 31 37 0 3 0 0 5 38 0 0 0 0 0 0 9 1 0 0 0 22 0 8 1 5 0 1 0 0 4 0 0 0 0 0 0 0 0 0 3 14 1 11 0 72 0 1 0 0 0 0 0 5 0 0 0 0 0 45 23 12 26 0 0 0 0 0 0 0 0 1 3 0 0 0 0 0 0 0 1 0 0 0 0 0 0 1 0 0 0 0 0 0 0 0 0 0 0 0 0 0 0 0 0 0 0 0 0 0 0 1 0 0 0 0 0 0 0 0 1 0 0 0 0 0 0 0 0 0 11 65 37 2 33 1 0 0 1 0 0 2 2 0 9 0 13 0 0 0 0 0 0 0 0 0 0 0 0 0 0 0 0 0 4 0 0 3 0 0 1 6 86 8 0 0 1 0 0 0 0 0 0 0 0 0 1 0 0 0 0 0 0 0 0 0 0 0 31 0 1 0 0 0 0 0 1 0 0 0 0 0 0 0 0 0 0 0 0 8 0 0 0 0 0 0 1 0 0 0 0 0 0 0 0 0 0 0 0 0 0 0 0 0 0 0 0 1 0 0 2
13 11257 46 6 0 0 0 0 4 7 0 0 0 0 0 0 7 0 0 0 0 16 0 4 0 1 0 2 0 0 0 0 0 0 0 0 0 0 0 0 3 2 0 29 0 20 0 0 0 0 0 0 0 0 0 0 0 0 0 14 20 14 27 0 0 0 0 0 0 0 0 3 1 0 0 0 0 0 0 0 0 0 0 0 0 0 0 0 0 0 0 0 0 0 0 0 0 0 0 0 0 0 0 0 0 0 0 0 0 0 0 0 0 0 0 0 0 0 0 0 0 0 0 0 0 3 0 0 0 0 18 6 4 2 14 0 1 0 0 0 0 1 0 0 6 2 1 0 2 0 0 0 0 1 0 0 0 0 0 0 0 0 0 0 4 0 0 1 0 0 0 2 6 8 0 0 4 0 0 0 0 0 0 0 0 0 0 0 0 0 0 0 0 0 0 0 0 0 14 0 0 0 0 0 0 0 0 0 0 0 0 0 1 0 0 1 0 0 0 0 0 0 0 0 0 0 0 1 0 0 0 0 0 1 0 0 0 0 0 0 0 0 0 0 0 0 0 0 0 0 0
14 10994 35 5 0 0 0 0 3 2 0 0 0 0 0 0 2 0 0 1 0 13 0 0 0 0 0 4 0 0 0 0 1 0 0 0 0 0 0 0 2 15 0 22 0 22 0 2 0 0 0 0 0 0 0 0 0 1 0 20 30 7 16 0 0 0 0 0 0 0 0 1 0 0 0 0 0 0 0 0 3 0 0 0 0 0 0 0 2 1 0 0 0 0 0 0 0 0 0 0 2 0 0 0 0 0 0 0 0 0 0 0 0 0 0 0 0 0 0 0 0 0 0 0 0 1 0 0 0 0 19 23 6 0 10 0 0 1 3 0 0 0 0 0 5 0 5 0 0 0 1 0 0 0 0 0 0 0 0 0 0 0 0 0 1 0 0 8 0 0 0 3 12 4 0 0 3 0 0 0 0 0 0 0 0 0 1 0 0 0 0 0 0 0 0 0 0 0 2 0 0 0 0 0 0 0 0 0 0 0 0 0 0 0 0 0 0 0 0 0 0 0 0 0 0 0 1 5 0 0 0 0 0 0 0 0 0 0 0 0 0 0 0 0 0 0 0 0 0 0 2
15 10794 23 12 0 1 0 0 0 8 0 0 0 0 0 0 1 0 0 2 0 5 0 1 2 0 0 0 0 0 0 0 0 0 0 0 0 0 0 0 1 5 0 5 0 26 0 0 0 0 0 0 0 0 0 0 0 1 0 14 51 9 11 0 0 0 0 0 0 0 0 1 0 0 0 0 0 0 0 0 0 0 0 0 0 0 0 0 0 0 0 0 0 0 1 0 0 0 0 0 0 0 0 0 0 0 0 0 0 0 0 0 0 0 0 0 0 0 0 0 0 0 0 0 0 0 0 0 0 0 5 7 5 0 6 0 0 0 0 0 0 0 0 0 2 0 0 0 0 0 0 0 0 0 1 0 0 0 1 0 0 0 0 0 2 0 0 3 0 0 0 0 25 9 0 0 4 0 0 0 0 0 0 0 0 0 0 0 0 0 0 0 0 0 0 0 0 2 2 0 0 0 0 0 0 0 0 0 0 0 0 0 0 0 5 0 0 0 0 0 0 0 0 0 0 0 0 0 0 0 0 0 0 0 0 0 0 0 0 0 0 0 0 0 0 0 0 1 0 0 8
16 10505 14 9 0 0 0 0 0 0 0 0 0 0 0 0 2 0 0 0 0 15 0 1 0 2 0 3 0 0 0 0 0 0 0 0 0 0 0 0 0 4 1 9 0 20 0 0 0 0 0 0 0 4 0 0 0 3 0 13 15 3 21 0 0 0 0 0 0 0 0 0 0 0 0 0 0 0 0 0 3 0 0 0 0 0 0 0 0 0 0 0 0 0 0 0 0 0 0 0 0 0 0 0 0 0 0 0 0 0 0 0 0 0 0 0 0 0 0 0 0 0 0 0 0 0 0 0 1 0 6 11 0 4 16 2 1 0 0 0 0 0 0 0 0 0 0 0 0 0 0 0 0 0 0 0 0 0 0 0 0 0 0 0 0 0 0 4 1 0 0 0 16 1 0 0 2 0 0 0 0 0 0 0 0 0 0 0 0 0 0 0 0 0 0 0 0 0 3 0 0 0 0 0 0 0 0 0 0 0 0 0 0 0 0 0 0 0 0 2 0 0 0 0 0 0 1 1 0 0 0 0 0 1 0 0 3 0 0 0 0 0 0 0 0 0 0 3 0 0 2
17 9899 30 16 0 0 0 0 2 10 0 0 0 0 0 0 2 0 0 0 0 3 0 0 0 1 0 1 0 0 4 0 1 0 0 0 0 0 0 0 1 4 0 5 1 37 0 0 0 0 0 0 1 1 0 0 0 0 0 12 32 1 29 0 0 0 0 0 0 0 0 0 0 0 0 0 0 0 0 0 0 0 0 0 0 0 0 0 0 0 0 0 0 0 1 0 0 0 0 0 0 0 0 0 0 0 0 0 0 1 0 0 0 0 0 0 0 0 0 0 0 0 0 0 0 0 0 0 0 0 12 21 0 4 14 4 0 0 0 0 0 0 0 0 0 0 0 0 2 6 0 0 0 1 0 0 0 0 1 0 0 0 0 0 5 0 0 4 0 0 0 7 55 3 0 0 4 0 0 0 0 0 0 0 0 0 0 0 0 0 0 0 0 0 0 0 0 0 2 0 0 0 0 0 0 0 0 0 0 0 0 0 0 0 0 2 0 0 0 0 0 0 0 0 0 0 0 0 0 0 0 0 0 0 0 0 2 1 0 0 0 0 0 0 0 0 0 0 0 0 5
18 10986 32 1 2 4 1 0 5 9 0 0 0 0 0 0 6 0 0 0 0 20 0 0 0 0 0 2 0 0 2 0 1 0 0 0 0 0 0 0 3 2 0 23 0 106 0 0 0 0 0 0 0 0 0 0 0 0 0 20 25 14 11 0 0 0 0 0 0 1 0 0 0 0 0 0 0 0 0 0 0 0 0 0 0 0 0 0 0 0 1 0 0 0 0 0 0 0 0 0 0 0 0 0 0 0 0 0 0 0 0 1 0 0 0 0 0 0 0 0 0 0 0 0 0 0 0 0 0 0 10 17 7 0 21 0 0 0 4 0 0 0 0 0 0 0 5 0 1 0 0 0 0 0 0 4 0 0 3 0 0 0 0 0 5 0 6 4 0 0 0 5 104 8 0 0 10 0 0 0 0 0 0 0 0 0 0 0 0 0 0 0 0 0 0 0 2 0 0 0 0 0 0 0 0 0 0 0 0 0 0 5 0 0 0 0 0 0 0 5 0 0 0 0 0 0 0 1 0 0 0 0 0 0 0 0 2 0 0 0 0 0 0 0 0 0 0 1 0 0 2
19 11113 27 11 0 5 0 0 3 6 0 4 0 0 0 0 0 1 0 0 0 20 0 0 0 0 0 0 0 0 0 0 0 0 0 0 0 0 0 0 0 3 0 9 0 79 0 0 0 0 0 0 0 3 0 0 0 0 0 18 44 6 19 0 0 0 0 0 0 0 0 0 0 0 0 1 0 0 0 0 0 0 0 0 0 0 0 0 0 0 0 0 0 0 0 0 0 0 0 0 0 0 0 0 0 0 0 1 0 0 0 0 0 0 0 0 0 0 0 0 1 0 0 0 0 0 0 0 0 0 7 18 1 1 8 0 0 0 0 0 0 0 0 0 0 0 1 0 2 0 0 0 0 0 0 0 0 0 0 0 0 0 0 0 4 0 1 4 0 0 0 3 36 4 0 0 0 0 0 1 0 0 0 0 0 0 0 0 0 0 1 0 0 0 0 0 0 1 1 0 0 0 0 0 0 0 0 0 0 0 0 0 0 0 0 0 0 0 0 0 0 0 0 0 0 0 0 2 0 0 0 0 0 0 0 0 0 1 0 0 0 0 0 0 0 0 0 1 0 0 5
20 9285 25 8 0 3 1 0 1 4 3 0 0 0 0 0 2 1 0 0 0 10 0 0 0 0 0 1 0 0 0 4 0 0 0 0 0 0 0 0 2 3 0 12 0 46 0 2 0 0 0 0 1 2 0 0 0 0 0 7 23 16 14 0 0 0 0 0 0 0 0 0 1 0 0 0 0 0 0 0 0 0 0 0 0 0 0 0 0 0 0 0 0 0 0 0 0 0 0 0 0 0 0 0 0 0 0 0 0 0 0 0 0 0 0 0 0 0 0 0 1 0 0 0 0 0 1 0 0 0 5 11 8 0 43 0 0 1 0 0 2 0 0 0 8 0 0 0 2 0 0 0 0 1 0 0 0 0 0 0 0 0 0 0 7 0 0 5 1 0 0 2 76 8 0 0 5 0 0 0 0 0 0 0 0 0 0 0 0 0 0 0 1 0 0 0 0 0 4 0 0 0 0 0 0 0 0 0 0 0 0 0 0 0 0 0 0 0 0 4 0 3 0 0 0 0 0 2 0 0 0 0 0 0 0 0 2 0 0 0 0 0 0 0 0 0 0 1 0 0 1
21 15385 62 25 0 1 0 0 2 14 0 0 0 0 0 0 9 0 0 0 0 25 0 0 0 0 0 2 0 0 0 2 3 0 0 0 0 0 0 0 6 7 0 26 0 42 0 0 0 0 0 0 0 5 0 0 0 1 0 15 55 15 33 0 0 0 0 0 0 0 0 0 0 0 0 0 1 0 0 0 0 0 0 0 0 0 0 0 0 0 0 0 0 0 0 0 0 0 0 0 1 0 0 0 0 0 0 0 1 0 0 0 0 0 0 0 0 0 0 0 0 0 0 0 0 0 0 0 0 0 10 13 17 1 24 1 0 4 0 0 3 0 0 0 2 0 2 0 0 0 0 0 0 1 0 4 0 0 0 0 0 0 0 0 0 0 2 7 0 0 3 5 42 12 0 0 6 0 0 0 0 0 0 0 0 0 0 0 0 0 0 0 0 0 0 0 0 1 4 0 0 1 0 0 0 0 0 0 0 0 0 0 0 0 1 0 0 0 0 1 0 0 0 0 0 0 1 1 0 0 0 1 0 1 0 0 0 0 0 0 0 0 0 0 0 0 0 0 0 0 2
22 13472 55 14 0 0 0 0 3 22 0 0 0 0 0 0 4 0 0 0 0 17 0 2 3 0 0 2 0 0 0 0 1 0 0 0 0 0 0 0 10 6 0 21 0 370 0 0 0 0 0 0 0 10 2 0 0 0 0 63 68 18 39 0 0 0 1 0 0 0 0 1 0 0 0 0 0 0 0 0 0 0 0 0 0 0 0 0 0 0 0 0 0 0 0 0 0 0 0 0 0 0 0 0 1 0 0 0 0 0 0 0 0 0 0 0 0 0 0 1 0 0 0 0 0 2 0 0 0 0 6 30 39 6 38 1 1 0 0 0 0 0 0 0 6 0 3 0 0 0 0 0 0 0 0 0 0 0 0 1 0 0 0 0 7 0 0 4 0 0 0 3 39 40 0 0 6 0 0 0 0 0 0 0 0 0 0 0 0 0 0 0 0 0 0 0 0 6 4 0 0 0 0 0 0 0 0 0 0 0 0 0 0 0 0 0 0 0 0 2 0 0 0 0 0 0 2 0 0 0 0 0 0 1 0 0 0 0 0 0 0 0 0 0 0 0 0 1 0 0 3
23 12620 46 16 0 0 0 1 2 1 0 0 0 0 0 0 2 0 0 0 0 5 0 0 4 0 0 1 0 0 0 0 0 0 0 0 0 3 0 0 3 10 0 9 0 32 0 2 0 0 0 0 0 2 0 0 0 0 0 8 48 22 18 0 0 0 0 0 0 0 0 4 0 0 0 0 0 0 0 0 0 0 0 0 0 1 0 0 0 0 1 0 0 0 0 0 0 0 0 0 0 0 0 0 1 0 0 0 0 0 0 0 0 0 0 0 1 0 0 0 0 0 0 0 0 0 0 0 0 1 12 28 2 2 18 0 1 6 0 0 0 0 0 0 1 0 4 0 0 0 0 0 0 0 0 0 0 0 0 0 0 0 0 0 5 0 0 3 0 0 0 1 4 7 0 0 1 0 0 0 0 0 0 0 0 0 0 0 0 0 0 0 0 0 0 0 0 0 2 0 0 0 0 0 0 0 0 0 0 0 0 0 0 0 0 0 1 0 0 1 0 0 0 0 0 0 1 0 0 0 0 0 0 0 0 0 1 0 0 1 0 0 0 0 0 0 0 2 0 0 0
24 13765 62 33 0 0 1 0 2 25 0 1 0 0 0 0 3 0 0 0 0 56 1 2 1 0 0 2 0 0 0 1 0 0 0 0 0 0 0 1 2 58 0 22 0 285 1 0 0 0 0 0 0 41 0 0 0 1 0 68 116 35 47 0 0 0 2 0 0 0 0 3 2 0 0 0 1 0 0 0 0 0 0 0 0 0 0 0 0 0 1 0 0 0 0 0 0 0 0 1 0 0 0 0 0 0 0 1 0 0 0 0 0 0 1 0 0 0 0 1 1 0 0 0 0 0 0 0 0 0 15 111 123 2 65 9 0 11 0 0 0 0 0 0 3 0 4 0 0 5 0 4 0 0 0 11 0 0 2 0 0 0 0 0 20 0 0 3 5 0 0 13 129 80 0 0 22 0 0 0 1 0 0 0 0 0 0 0 1 0 1 0 0 0 0 0 0 9 1 3 0 0 0 0 0 0 0 0 0 0 0 0 0 0 0 1 0 0 0 6 0 0 0 0 0 2 7 0 0 0 0 0 0 5 0 4 2 1 1 0 0 0 0 0 0 0 0 1 0 0 3
25 13315 56 41 0 1 0 0 4 14 0 0 0 1 0 0 1 0 0 0 0 21 0 1 0 1 0 5 0 0 1 1 0 0 0 0 0 0 0 0 4 7 0 18 0 112 0 0 0 0 0 0 0 12 1 0 0 0 0 26 97 42 56 0 0 0 0 0 0 0 0 8 1 0 0 0 1 0 0 0 0 0 0 0 0 0 0 2 0 0 0 0 0 0 0 0 0 0 0 0 1 0 0 0 1 0 0 0 0 0 0 0 0 1 2 0 0 0 0 1 0 0 0 0 0 0 0 2 0 2 13 52 17 0 37 0 0 2 0 0 0 0 0 0 2 0 8 0 0 0 0 4 0 0 0 0 0 1 1 0 0 0 0 0 1 0 10 4 6 0 0 7 54 64 0 0 13 0 0 0 0 0 0 0 0 0 0 0 0 0 0 0 0 0 0 0 0 3 3 0 0 0 0 0 0 0 0 0 0 0 0 0 0 0 0 0 0 0 0 1 0 0 0 0 0 0 5 1 0 0 0 0 0 0 0 15 0 0 0 0 0 0 0 0 0 0 0 1 1 0 5
26 12576 91 21 0 1 1 0 1 12 0 1 0 0 1 0 10 0 0 0 0 45 0 2 6 5 0 7 0 0 4 0 2 0 0 0 0 0 0 5 11 29 3 40 0 131 0 0 0 0 0 0 0 13 1 0 0 0 0 55 63 22 65 0 0 0 0 0 0 0 0 2 0 0 0 0 0 0 0 0 3 0 0 0 0 0 0 1 0 0 0 1 0 0 0 0 0 0 0 0 3 0 0 0 1 0 0 0 0 0 0 1 0 1 0 0 0 0 0 0 0 0 0 0 0 6 0 0 0 0 10 398 319 10 99 2 3 13 0 0 0 0 0 0 11 0 32 0 0 0 1 2 0 0 0 34 0 0 2 0 0 0 1 0 9 0 0 5 1 0 1 33 51 32 0 0 6 0 0 0 0 0 0 0 0 0 0 0 0 0 0 0 0 0 0 0 0 2 39 5 0 0 0 0 0 0 0 0 0 0 0 0 1 0 0 0 0 0 0 7 0 0 0 0 0 0 4 1 0 0 0 0 0 0 0 0 1 0 0 0 0 0 0 0 1 0 1 19 3 0 6
27 12713 126 71 6 5 0 0 7 244 0 0 0 0 0 0 20 0 0 0 0 205 1 0 0 1 0 30 0 0 3 11 0 0 0 0 0 0 0 1 3 216 1 51 0 1113 0 5 0 0 0 0 0 50 0 0 0 4 0 159 179 52 103 1 0 0 0 0 2 2 0 3 2 0 0 0 0 0 1 0 0 1 1 0 0 0 0 3 2 0 0 0 0 0 1 0 0 0 0 12 0 0 0 0 2 0 0 2 0 1 1 5 0 2 1 0 0 0 0 1 1 0 0 0 0 1 0 0 0 0 56 308 884 18 230 92 1 30 3 0 0 0 0 0 17 0 36 0 0 3 0 60 0 3 0 6 0 0 32 0 0 0 0 0 25 0 0 17 19 0 19 48 281 154 0 0 34 0 0 0 0 0 0 0 0 0 0 0 0 0 0 0 0 0 1 0 0 14 73 3 0 0 0 0 15 0 0 0 0 0 0 0 0 0 10 0 0 0 0 7 0 2 0 0 0 0 105 1 0 0 0 1 0 2 0 75 33 0 0 0 0 0 0 0 0 0 0 23 2 0 36
28 13944 43 7 0 4 0 0 4 5 0 2 0 0 0 0 2 0 0 0 0 8 0 0 1 0 0 2 0 0 1 0 0 0 0 0 0 0 0 0 1 6 0 7 0 34 0 0 0 0 0 0 0 2 0 0 0 0 0 10 56 15 18 0 0 0 0 0 0 0 0 2 0 0 0 1 0 0 0 0 2 0 0 0 0 0 0 2 0 0 0 0 0 0 0 0 0 0 0 0 1 0 0 0 0 0 0 0 0 0 0 1 0 0 1 0 0 0 0 1 3 0 0 0 0 4 0 0 0 0 8 21 11 0 18 0 0 4 0 0 0 0 0 0 2 0 5 0 0 0 0 0 0 0 1 0 0 0 0 0 0 0 0 0 5 0 0 5 0 0 0 1 17 18 0 0 6 0 0 0 0 0 0 0 0 0 0 0 0 1 0 0 0 0 0 0 0 0 7 0 0 0 0 0 0 0 1 0 0 0 0 0 0 0 0 0 0 0 0 0 0 0 0 0 0 0 2 1 0 0 0 0 0 0 0 5 0 0 0 0 0 0 2 0 0 0 0 1 0 0 1
29 12877 52 11 0 0 0 0 0 10 0 0 0 0 0 0 4 0 0 3 0 11 0 3 1 0 0 3 0 0 0 0 0 0 0 0 0 0 0 0 3 1 0 33 0 53 0 0 0 0 0 0 0 0 0 0 0 0 0 13 37 12 13 0 0 0 0 0 0 0 0 1 0 0 0 0 0 0 0 0 2 0 0 0 0 0 0 0 0 0 0 0 2 0 0 0 0 0 0 0 0 0 0 0 0 0 0 0 0 6 0 1 0 0 2 0 0 0 0 0 1 0 0 0 0 1 0 0 0 0 9 28 36 0 45 0 0 0 0 0 0 0 0 0 0 0 2 0 0 2 0 0 0 0 0 7 0 0 2 0 0 0 0 0 0 0 0 6 0 0 0 7 24 18 0 0 3 0 0 0 1 0 0 0 0 0 0 0 0 0 0 0 0 0 0 0 0 2 8 0 0 0 0 0 0 0 0 0 0 0 0 0 0 0 0 0 0 0 0 0 0 0 0 0 0 0 5 0 0 0 1 0 0 1 0 0 5 0 0 0 0 0 0 0 0 0 0 0 0 0 0
30 13120 45 11 0 1 0 0 4 4 0 1 0 0 0 0 1 0 0 1 0 9 0 0 0 0 0 3 0 0 0 0 1 0 0 0 0 0 0 0 2 8 0 16 0 130 0 0 0 0 0 0 0 1 0 0 0 0 0 22 56 4 24 0 0 0 0 0 0 0 0 1 1 0 0 0 0 0 1 0 3 0 0 0 1 0 0 0 0 0 0 0 0 0 0 0 0 0 0 1 0 0 0 0 1 0 0 0 0 0 1 1 0 0 0 0 0 0 0 0 1 0 0 1 0 1 0 0 0 0 12 36 26 3 28 0 0 3 0 0 1 0 0 0 4 1 0 0 0 1 0 0 0 0 1 0 0 0 0 0 0 0 0 0 1 0 0 7 6 0 0 3 29 15 0 0 3 0 0 0 0 0 0 0 0 0 0 0 0 0 0 0 0 0 0 0 0 4 1 0 0 0 0 0 0 0 0 0 0 0 0 0 0 0 0 0 0 0 0 0 0 0 0 0 0 0 1 0 0 0 0 0 0 0 0 0 0 0 0 0 0 0 0 0 0 0 1 7 0 0 1
31 14153 90 13 0 4 0 0 6 2 0 0 0 0 0 0 1 0 0 3 0 16 0 1 2 0 0 13 0 0 1 5 1 0 0 0 0 0 0 1 3 9 0 43 0 55 0 0 0 0 0 0 0 16 1 0 0 0 0 22 67 23 68 0 0 0 0 0 0 0 0 0 0 0 0 0 0 0 0 0 0 0 0 1 0 0 0 0 0 0 0 0 0 0 2 0 0 0 0 0 0 0 0 0 1 0 0 0 0 0 1 0 0 1 0 0 0 0 0 0 0 0 0 0 0 1 0 0 3 0 16 181 138 5 51 0 0 0 0 0 0 0 0 0 0 0 5 0 0 0 0 0 0 0 2 10 0 0 4 0 0 0 0 0 8 1 0 7 0 0 1 11 65 20 0 0 5 0 0 0 0 0 0 0 0 0 0 0 0 0 0 0 0 0 0 0 0 0 18 0 0 1 0 0 3 0 0 0 0 0 0 0 0 0 0 0 1 0 0 9 0 0 0 0 0 0 5 1 0 1 0 0 2 5 0 0 0 0 0 0 0 0 0 0 0 0 0 2 0 0 2
32 14513 55 18 0 0 0 0 4 13 0 0 0 0 0 0 3 0 0 1 0 15 0 1 2 0 0 9 0 0 0 0 0 0 1 0 0 0 0 0 6 3 0 21 0 92 0 4 0 0 0 0 0 2 0 0 0 0 0 15 73 19 29 0 0 0 1 0 0 0 0 0 0 0 0 0 0 0 0 0 1 0 0 0 0 0 0 0 0 0 0 0 0 0 0 0 0 0 0 0 0 0 0 0 0 0 0 4 0 0 0 0 0 0 0 0 0 0 0 0 0 0 0 0 0 1 0 0 0 0 7 44 9 9 58 1 0 3 0 0 0 0 0 0 6 0 13 0 0 0 0 0 0 0 3 4 0 0 0 0 0 0 0 0 9 0 0 9 0 0 0 4 36 24 0 0 2 0 0 0 1 0 0 0 0 0 0 0 0 0 0 0 0 0 0 0 0 4 4 0 0 0 0 0 0 0 0 0 0 0 0 0 0 0 0 1 0 0 0 0 0 0 0 0 0 0 0 1 0 0 0 0 0 0 0 0 0 0 0 0 0 0 0 0 0 0 0 0 0 0 5
33 12969 28 8 0 0 0 0 3 6 0 0 0 0 0 0 2 0 0 0 0 12 0 0 0 0 0 6 0 0 0 0 0 0 0 0 1 0 0 0 3 8 0 16 0 48 0 0 0 0 0 0 0 0 0 0 0 1 0 13 32 10 16 0 0 0 0 0 0 0 0 3 1 0 0 0 0 0 0 0 2 0 1 0 0 0 0 0 0 0 0 0 0 0 0 0 0 0 0 1 0 0 0 0 0 0 0 0 0 0 0 0 0 0 0 0 0 0 0 0 1 0 0 0 0 0 0 3 0 0 14 28 6 6 53 1 0 2 0 0 0 0 0 0 16 1 1 0 0 0 0 0 0 0 0 0 0 0 0 1 0 0 0 0 2 0 0 4 0 0 0 3 14 10 0 0 5 0 0 0 0 0 0 0 0 0 0 0 0 0 0 0 0 0 0 0 0 2 3 0 0 0 0 0 0 0 0 0 0 0 0 0 0 0 0 0 0 0 0 2 0 0 0 0 0 0 4 0 0 0 0 1 0 0 0 0 0 0 0 1 0 0 0 0 0 0 1 0 0 0 5
34 14669 19 12 0 0 0 0 0 22 0 0 0 0 0 0 2 0 0 0 0 24 0 0 0 0 0 2 0 0 0 0 0 0 4 0 0 0 0 0 7 15 0 17 0 149 0 0 0 0 0 0 0 2 0 0 0 0 0 33 55 12 24 0 0 0 0 0 0 0 0 0 0 0 0 0 0 0 0 0 0 0 0 0 0 0 0 3 0 0 2 0 0 0 0 0 0 0 0 0 0 0 0 0 1 0 0 0 0 0 0 0 0 1 0 0 0 0 0 0 1 0 0 0 0 1 0 0 0 0 13 20 2 4 32 0 0 3 0 0 0 0 0 0 5 0 0 0 0 0 0 0 0 1 0 4 0 0 0 0 0 0 0 0 3 0 0 3 1 0 0 5 37 14 0 0 2 0 0 0 0 0 0 0 0 0 0 0 0 0 0 0 0 0 0 0 0 1 9 0 0 0 0 0 0 0 0 0 0 0 0 0 0 0 0 0 0 0 0 0 0 0 0 0 0 0 0 2 1 0 0 0 0 0 0 0 0 0 0 0 0 0 0 0 0 0 0 4 0 0 1
35 13068 54 13 0 1 0 0 3 12 0 0 0 0 0 0 1 0 0 3 0 7 0 0 5 0 0 4 0 0 0 0 2 0 0 0 1 0 0 0 11 6 0 13 0 67 0 0 0 0 0 0 0 5 0 0 0 0 0 12 32 10 16 0 0 0 0 0 0 0 0 0 0 0 0 0 0 0 0 0 0 0 0 0 0 0 0 0 0 0 0 0 0 0 0 0 0 0 0 0 0 0 1 0 0 0 0 0 0 0 0 0 0 0 3 0 0 0 0 0 1 0 0 0 0 1 0 1 0 0 9 19 26 0 21 0 0 7 0 0 0 0 0 0 2 0 2 0 0 0 0 0 0 2 1 0 0 0 0 0 0 0 0 0 0 0 0 2 0 0 0 7 50 21 0 0 4 0 0 0 0 0 0 0 0 0 0 0 0 0 0 0 0 0 0 0 0 2 4 0 0 0 0 0 0 0 0 0 0 0 0 0 0 0 1 0 0 0 0 0 0 0 1 0 0 0 0 0 0 0 0 0 0 0 0 0 0 0 0 0 0 0 0 0 0 0 0 2 0 0 1
36 11500 32 9 0 0 0 0 1 0 0 0 0 0 0 0 2 0 0 2 0 7 0 5 1 0 0 4 0 0 0 0 0 0 2 0 0 0 0 0 5 8 0 10 0 46 0 0 0 0 0 0 0 2 0 0 0 0 0 10 16 7 23 0 0 0 3 0 0 0 0 3 0 0 0 0 0 0 0 0 2 0 0 0 0 0 0 0 0 0 0 0 0 0 0 0 0 0 0 0 0 0 0 0 0 0 0 0 0 0 1 0 0 0 0 0 0 0 0 0 0 0 0 0 0 0 0 0 0 0 16 28 31 3 30 0 0 0 0 0 0 0 1 0 1 0 1 0 0 0 0 0 0 0 1 1 0 0 1 0 0 0 0 0 1 0 0 3 0 0 1 3 10 12 0 0 8 0 0 0 0 0 0 0 0 0 0 0 0 0 0 1 0 0 0 0 0 2 2 0 0 0 0 0 0 0 0 0 0 0 0 0 0 0 0 0 0 0 0 6 0 0 0 0 0 0 3 0 0 0 0 0 0 1 0 0 2 0 0 0 0 0 0 0 0 0 0 4 0 0 7
37 13041 24 41 0 0 0 0 3 11 0 0 0 0 0 0 3 0 0 1 0 10 0 0 0 0 0 2 0 0 0 3 1 0 0 0 0 0 0 0 2 3 1 16 0 77 0 0 0 0 0 0 0 0 0 0 0 0 0 23 44 8 17 0 0 0 1 0 0 0 0 1 0 0 0 0 0 0 0 0 0 0 0 1 0 0 0 0 2 0 0 0 0 0 0 0 0 0 0 1 0 0 0 0 0 0 0 0 0 0 0 0 0 0 0 0 0 0 0 0 0 0 0 0 4 2 0 0 0 0 16 42 21 5 15 21 0 1 0 0 0 0 0 0 12 1 2 0 0 0 0 2 0 0 0 0 0 0 0 0 0 0 0 0 30 0 0 4 0 0 0 3 23 11 0 0 3 0 0 0 0 0 0 0 0 0 0 0 1 0 0 0 0 0 0 0 0 1 0 0 0 0 0 0 0 0 0 0 0 0 0 0 0 0 0 0 0 0 0 2 0 0 0 0 0 0 4 1 0 0 0 0 0 4 1 0 2 0 0 0 0 0 0 0 0 0 0 0 0 0 2
38 14994 38 93 0 3 0 0 3 20 0 0 0 0 0 0 4 0 0 0 0 22 0 0 6 1 0 4 0 0 0 1 0 0 0 0 0 0 0 0 7 29 0 9 0 93 0 0 0 0 0 0 0 1 0 0 0 0 0 48 99 25 75 0 0 0 0 0 0 0 0 1 0 0 0 0 0 0 0 0 1 0 0 0 0 0 0 0 0 0 0 0 0 0 0 0 0 0 0 0 0 0 0 0 0 0 0 0 0 1 0 0 0 0 0 0 0 0 0 0 2 0 0 0 0 0 0 0 0 0 21 72 156 19 56 2 2 0 0 0 0 0 0 0 11 0 4 0 0 0 0 1 0 0 0 0 0 0 1 2 0 0 0 0 5 0 4 5 0 0 10 11 76 82 0 0 16 1 0 0 0 0 0 0 0 0 0 0 0 0 0 0 0 0 1 0 0 3 11 0 0 1 0 0 0 0 0 0 0 0 0 0 0 0 0 0 0 0 0 6 0 0 0 0 0 0 16 0 0 0 0 0 0 1 0 1 1 0 0 0 0 0 0 0 0 0 0 0 0 0 2
39 11784 45 7 0 1 1 0 6 0 0 0 0 0 0 0 4 0 0 6 0 8 0 0 5 0 0 2 0 0 0 0 2 0 0 0 0 0 0 0 11 7 0 24 0 31 0 0 0 0 0 0 0 4 0 0 0 0 1 11 21 11 18 0 0 0 0 0 0 0 0 0 0 0 0 0 0 0 0 0 0 0 0 0 0 0 0 2 0 0 0 0 0 0 2 0 0 0 0 0 0 0 1 0 1 0 0 0 0 0 0 1 0 0 0 0 0 0 0 0 0 0 0 0 3 0 0 1 0 0 3 36 30 0 22 0 3 0 0 1 0 0 4 0 6 0 3 0 0 0 0 0 0 0 1 1 0 0 1 0 0 0 0 0 0 0 0 1 0 0 4 7 23 14 0 0 3 1 0 0 0 0 0 0 0 0 0 0 0 0 0 0 0 0 0 0 0 0 7 0 1 0 0 0 0 0 0 0 0 0 0 0 0 0 0 0 0 0 0 2 0 0 0 0 0 0 0 0 0 0 0 3 0 2 0 0 0 2 0 0 0 0 0 0 0 0 0 2 0 0 5
40 12066 78 52 0 11 0 0 3 49 0 0 0 0 0 0 7 0 0 0 0 46 0 2 0 0 0 12 0 0 12 15 0 0 0 0 0 0 0 0 7 32 2 25 0 399 0 4 0 0 0 0 0 32 5 0 0 0 0 48 107 42 80 0 0 0 0 0 0 0 0 0 0 0 0 0 0 0 0 0 0 0 0 0 0 0 0 0 0 0 0 0 0 0 0 0 0 0 0 0 0 2 0 0 1 0 0 0 0 0 0 0 0 0 0 0 0 0 0 0 5 0 0 0 1 1 0 0 0 0 20 165 338 12 83 27 0 6 0 0 0 0 0 0 16 2 10 0 0 1 0 22 0 1 1 201 0 0 1 0 0 0 0 0 10 0 1 6 21 0 1 23 151 58 0 0 11 0 0 0 0 0 0 0 0 0 0 0 1 0 0 0 0 0 0 0 0 2 19 1 0 0 0 0 0 0 0 0 0 0 0 0 0 0 1 1 0 0 0 9 0 0 0 0 0 0 20 0 0 1 0 3 5 0 0 8 3 0 0 0 0 0 0 0 0 0 1 20 0 0 7
41 11196 82 71 0 5 0 0 3 104 0 0 0 0 0 0 10 1 0 0 0 183 1 2 2 4 0 12 0 0 4 16 0 0 0 0 0 0 0 0 7 78 2 39 0 1110 0 0 0 0 0 0 1 37 0 0 0 0 0 103 92 36 95 0 0 0 0 0 0 0 0 1 2 0 0 0 0 0 0 0 3 0 0 0 0 0 0 1 2 0 3 0 2 0 0 0 0 0 0 0 0 0 0 0 0 0 0 0 0 1 0 3 0 0 0 0 0 0 0 0 0 0 0 0 0 3 0 0 1 2 20 205 497 12 98 43 0 7 8 0 0 0 0 0 18 0 15 0 0 14 0 11 0 2 1 26 0 0 7 0 0 0 0 0 14 0 0 5 26 0 1 20 154 72 0 0 10 0 0 0 0 0 0 0 0 0 0 0 2 0 0 0 0 0 0 0 0 8 12 1 0 0 0 0 8 0 0 0 0 0 0 2 0 0 3 0 0 0 0 9 0 0 0 0 0 0 26 0 0 0 0 0 1 5 0 0 7 0 0 3 2 0 0 0 1 0 0 27 1 0 18
42 10736 21 2 0 1 0 0 1 1 0 0 0 0 0 0 7 0 0 0 0 5 0 1 0 4 0 0 0 0 0 0 0 0 0 0 0 0 0 0 2 6 0 11 0 11 0 0 0 0 0 0 0 1 0 0 0 0 0 9 17 14 19 0 0 0 1 0 0 0 0 1 0 0 0 0 0 0 0 0 0 0 0 0 0 0 0 1 0 0 0 0 1 0 1 0 0 0 0 0 0 1 0 0 0 0 0 0 0 0 0 0 0 0 0 0 0 0 0 0 0 0 0 0 1 0 0 0 0 0 8 22 10 3 10 0 0 0 0 0 0 0 0 0 9 0 0 0 2 0 0 0 0 0 1 0 0 0 0 0 0 0 0 0 2 0 0 1 0 0 1 3 3 6 0 0 0 0 0 0 0 0 0 0 0 0 0 0 0 0 0 0 0 0 0 0 0 1 2 0 0 0 0 0 0 0 0 0 0 0 0 0 0 0 0 0 0 0 0 0 0 0 0 0 0 0 0 0 0 1 0 0 0 1 0 0 0 0 0 0 0 0 0 0 0 0 0 0 0 0 1
43 8500 50 19 1 5 0 0 0 80 0 0 0 0 1 0 9 0 0 2 0 78 0 3 0 0 0 11 0 0 4 0 1 0 0 0 0 0 0 0 6 200 5 29 0 108 0 0 0 0 0 0 0 1 0 0 0 0 0 62 40 47 78 0 0 0 0 0 0 0 0 0 1 0 0 0 1 0 0 0 0 0 0 0 0 0 0 2 0 0 0 0 1 0 0 0 0 0 0 3 0 0 0 0 0 0 0 5 1 17 2 2 0 0 0 0 0 1 0 1 0 0 0 0 0 4 1 0 5 1 40 255 2546 38 95 53 2 29 3 0 0 0 3 0 17 0 16 0 0 111 0 9 0 0 0 2 0 0 6 0 0 0 0 0 40 0 0 9 0 0 2 22 321 31 0 0 24 0 0 0 1 0 0 0 0 0 0 0 0 0 0 0 0 0 0 0 0 6 122 1 1 0 0 0 2 0 0 2 0 0 0 0 0 0 0 1 0 0 0 26 0 0 0 18 0 0 41 0 0 0 0 0 0 1 0 91 52 0 0 0 0 0 0 0 1 0 0 1 0 0 11
44 11253 35 6 0 0 0 0 1 9 2 0 0 0 0 0 1 0 0 0 0 24 0 0 0 0 0 4 0 0 0 0 0 0 1 0 0 0 0 0 3 9 0 9 0 30 0 0 0 0 0 0 0 0 0 0 0 1 0 18 50 8 33 0 0 0 0 0 0 0 0 0 0 0 0 0 0 0 0 0 2 0 0 0 0 0 0 0 0 0 0 0 0 0 0 0 0 0 0 0 0 0 0 0 0 0 0 0 0 0 0 0 0 0 0 0 0 0 0 0 0 0 0 0 0 0 0 0 0 1 10 23 238 1 34 2 0 2 0 0 0 0 0 0 0 1 5 0 0 0 0 0 0 0 0 0 0 0 5 0 0 0 0 0 14 0 1 2 0 0 0 1 91 36 0 0 5 0 0 0 0 0 0 0 0 0 0 0 0 0 0 0 0 0 0 0 0 0 19 0 0 0 0 0 0 0 0 0 0 0 0 0 0 0 0 0 0 0 0 2 0 0 0 0 0 0 1 1 0 0 0 2 0 0 0 0 3 0 0 0 0 0 0 0 0 0 0 0 0 0 1
45 12069 33 8 0 0 0 0 2 3 0 0 0 0 0 0 2 0 0 5 0 24 0 2 0 0 1 4 0 0 0 0 0 0 0 0 0 0 0 0 2 21 0 27 0 50 0 0 0 0 0 0 0 0 0 0 0 0 0 20 53 10 20 0 0 0 0 0 0 0 0 0 0 0 0 0 0 0 0 0 6 0 0 0 0 0 0 0 0 0 0 0 0 1 0 0 0 0 0 0 0 0 0 0 0 0 0 0 0 0 0 0 0 0 1 0 0 0 0 0 3 0 0 0 0 3 0 0 0 0 17 19 20 1 21 0 0 0 0 0 0 0 0 0 1 0 2 0 0 0 1 0 0 0 0 0 0 0 0 0 0 0 0 0 2 0 0 10 1 0 1 3 22 10 0 0 0 0 0 0 0 0 0 0 0 0 0 0 0 0 0 0 0 0 0 0 0 4 7 0 0 0 0 0 0 0 0 0 0 0 0 0 0 0 0 0 0 0 0 0 0 0 0 0 0 0 0 0 0 0 0 0 0 0 0 0 0 0 0 0 0 0 0 0 0 0 0 1 0 0 4
46 10799 34 3 0 1 0 0 1 1 0 0 0 0 0 0 0 0 0 0 0 6 0 0 3 0 0 1 0 0 0 0 0 0 0 0 0 0 0 0 2 6 0 4 0 6 0 0 0 0 0 0 1 3 0 0 0 1 0 8 17 6 19 0 0 0 0 0 0 0 0 0 0 0 0 0 0 0 0 0 0 0 0 0 0 0 0 0 0 0 0 0 0 0 0 0 0 0 0 0 0 0 0 0 0 0 0 0 0 0 0 0 0 0 0 0 0 0 0 0 0 0 0 0 0 1 0 0 0 0 5 48 64 0 13 0 0 0 0 0 0 0 0 0 2 0 1 0 0 0 0 0 0 0 0 0 0 0 0 0 0 0 0 0 2 0 0 4 0 0 0 7 13 6 0 0 2 0 0 0 0 0 0 0 0 0 0 0 0 0 0 0 0 0 0 0 0 0 3 0 0 0 0 0 0 0 0 0 0 0 0 0 0 0 0 0 0 0 0 0 0 0 0 1 0 0 0 0 0 0 0 0 0 0 0 0 1 0 0 0 0 0 0 0 0 0 0 3 0 1 1
47 11678 43 0 0 2 0 0 0 3 0 0 0 0 0 0 0 0 0 2 0 18 0 0 1 1 0 3 0 0 0 0 0 0 0 0 0 0 0 1 3 3 0 15 0 7 0 0 0 0 0 0 0 0 0 0 0 0 0 10 58 7 16 0 0 0 0 0 0 0 0 1 0 0 0 0 0 0 0 0 0 0 0 0 0 0 0 0 0 0 0 0 1 0 0 0 0 0 0 0 1 1 0 0 0 0 0 0 0 0 0 1 0 0 0 0 0 0 0 0 1 0 0 0 0 1 0 0 0 0 15 60 33 2 19 0 0 0 1 0 0 0 2 0 6 1 0 0 0 2 0 0 0 0 0 0 0 0 0 0 0 0 0 0 0 0 0 3 0 0 0 2 27 21 0 0 0 0 0 0 0 0 0 0 0 0 0 0 1 0 0 0 0 0 0 0 0 0 2 0 0 0 0 0 0 0 0 0 0 1 0 0 0 0 0 1 0 0 0 3 0 0 0 0 0 0 1 0 0 0 0 0 0 0 0 0 0 0 0 0 0 0 0 0 0 0 0 1 0 0 1
48 11896 28 6 0 0 0 0 6 2 1 0 0 0 0 0 0 0 0 0 0 12 0 1 0 0 0 2 0 0 0 0 2 0 0 0 0 0 0 0 5 10 0 14 0 36 0 0 0 0 0 0 0 2 0 0 0 1 0 8 39 3 19 0 0 0 0 0 0 0 0 0 0 0 0 0 0 0 0 0 0 0 0 0 0 0 0 0 1 1 0 0 1 0 0 0 0 0 0 0 0 0 0 0 0 0 0 0 0 0 0 0 0 0 0 0 0 0 0 0 0 0 0 0 0 1 0 0 0 2 11 22 24 0 22 1 0 0 0 0 0 0 0 0 5 1 3 0 0 0 0 0 0 0 0 0 0 0 0 0 0 0 0 0 0 0 1 9 1 0 0 2 16 11 0 0 0 0 0 0 0 0 0 0 0 0 0 0 0 0 0 0 0 0 0 0 0 5 3 0 0 0 0 0 0 0 1 0 0 0 0 0 0 0 0 0 0 0 0 4 0 0 1 0 0 0 1 0 0 0 0 0 0 0 0 0 5 0 0 0 0 0 0 0 0 0 0 0 0 0 3
49 11482 35 3 0 1 0 0 3 8 0 0 0 0 0 0 4 0 0 1 0 12 0 0 0 0 0 6 0 0 2 2 0 0 0 0 0 0 0 0 2 5 0 5 0 9 0 0 0 0 0 0 0 1 0 0 0 0 0 14 29 8 17 0 0 0 0 0 0 0 0 0 0 0 0 0 0 0 0 0 0 0 0 0 0 0 0 0 0 0 0 0 0 0 0 0 0 0 0 0 0 0 0 0 0 0 0 0 0 0 0 0 0 0 0 0 0 0 0 1 0 0 0 0 0 2 0 1 0 0 6 6 36 2 14 0 0 1 0 0 0 0 0 0 6 0 2 0 0 0 0 0 0 0 0 0 0 0 0 0 0 0 0 0 0 0 0 5 0 0 0 3 27 8 0 0 1 0 0 0 0 0 0 0 0 0 0 0 0 0 0 0 0 0 0 0 0 1 11 0 0 0 0 0 0 0 0 0 0 0 0 0 0 0 0 0 0 2 0 6 0 0 0 0 0 0 6 1 0 0 0 0 0 3 0 1 0 0 0 0 0 0 0 0 0 0 0 2 0 0 1
50 12221 51 8 0 0 0 0 1 2 0 1 0 0 0 0 0 0 0 2 0 20 0 1 0 0 0 5 0 0 0 0 0 0 0 0 0 0 0 0 6 12 0 12 0 33 0 0 0 0 0 0 1 0 0 0 0 0 0 10 35 18 36 0 0 0 0 0 0 0 0 0 2 0 0 0 0 0 0 0 1 0 0 0 0 0 0 0 0 0 0 0 0 0 0 0 0 0 0 0 0 0 0 0 1 0 0 0 0 0 0 0 0 0 0 0 0 0 0 1 1 0 0 0 0 1 0 0 0 0 12 18 20 5 15 0 0 4 1 0 0 0 0 0 2 0 1 0 0 0 1 0 0 0 0 0 0 0 1 0 0 1 0 0 1 0 0 4 0 0 0 2 15 4 0 0 0 0 0 0 0 0 0 0 0 0 0 0 0 0 0 0 0 0 0 0 0 1 1 1 0 0 0 0 0 0 0 0 0 0 0 0 0 0 0 0 0 0 0 0 0 0 0 0 0 0 0 0 0 0 0 0 0 0 0 0 0 1 0 3 0 0 0 0 0 0 1 2 0 0 3
51 12833 56 3 2 3 0 0 1 8 0 0 0 0 0 0 2 0 0 0 0 5 0 2 0 0 0 0 0 0 0 2 1 0 0 0 0 0 0 0 6 0 0 13 0 25 0 0 0 0 0 0 0 0 0 0 0 0 0 34 29 24 41 0 0 0 1 0 0 0 0 0 0 0 0 0 0 0 0 0 0 0 0 0 0 0 0 0 0 0 0 0 0 0 0 0 0 0 0 0 3 0 0 0 0 0 0 0 0 0 0 0 0 3 0 0 0 0 0 0 0 0 0 0 0 1 0 0 0 0 8 24 52 9 28 9 0 3 0 0 0 0 0 0 9 0 10 0 0 0 0 0 0 2 1 0 0 0 1 0 0 0 0 0 8 0 0 6 0 0 0 1 74 8 0 0 3 0 0 0 0 0 0 0 0 0 0 0 0 0 0 0 0 0 1 0 0 2 9 0 0 0 0 0 0 0 0 0 0 0 0 0 0 0 0 0 0 0 0 6 0 0 0 0 0 0 1 0 0 0 0 2 0 0 0 1 11 0 0 0 0 0 0 0 0 0 0 0 0 0 2
52 11956 18 1 0 0 0 0 2 3 0 0 0 0 1 0 0 0 0 0 0 9 0 1 1 0 0 3 0 0 0 0 0 0 0 0 0 0 0 0 6 2 0 9 0 16 0 0 0 0 0 0 0 0 0 0 0 0 0 26 48 11 20 0 0 0 0 0 0 0 0 0 0 0 0 0 0 0 1 0 2 0 0 0 0 0 0 1 0 0 0 0 0 0 0 0 0 0 0 0 0 0 0 0 0 0 0 0 0 0 0 3 0 0 2 0 0 0 0 0 1 0 0 0 0 0 0 1 3 0 8 24 35 5 11 3 0 1 0 0 0 0 0 0 0 1 2 0 0 0 0 0 0 0 0 0 0 0 0 0 0 0 0 0 0 0 0 2 2 0 0 1 61 19 0 0 12 0 0 0 0 0 0 0 0 0 0 0 0 0 0 0 0 0 0 0 0 0 28 0 0 0 0 0 0 0 0 0 0 0 0 0 0 0 0 0 0 0 0 0 1 0 1 0 0 0 5 2 0 0 0 0 0 2 0 0 3 0 0 0 0 0 0 0 0 0 0 0 0 0 1
53 9951 54 34 2 6 0 0 1 88 0 0 0 0 0 0 16 0 0 1 0 67 0 1 0 0 0 5 0 0 4 0 0 0 0 0 0 0 0 0 1 343 0 13 0 99 0 4 0 0 0 0 0 12 0 0 0 0 0 50 42 32 130 2 0 0 0 0 0 0 0 1 0 0 0 0 0 0 0 0 0 0 1 0 0 0 0 0 0 0 0 0 0 0 3 0 0 0 0 4 0 0 0 0 0 0 0 0 0 7 0 0 0 0 0 0 0 0 0 0 0 0 0 0 0 4 1 0 0 0 110 86 1852 16 80 74 0 29 0 0 0 0 0 0 10 0 27 0 0 103 0 7 0 0 1 0 0 0 5 0 0 0 0 0 33 0 5 4 1 0 8 23 327 20 1 0 17 0 0 0 0 0 0 0 0 0 0 0 0 0 0 0 0 0 0 0 0 6 165 0 3 0 0 0 0 0 0 0 0 2 0 0 0 0 1 0 0 0 0 33 0 0 0 0 0 0 27 1 0 2 0 4 0 14 0 36 25 0 0 0 0 0 0 0 0 0 2 1 0 0 6
54 10383 39 6 2 1 1 0 3 32 0 0 0 0 0 0 3 0 0 0 0 31 0 2 0 0 0 10 0 0 4 0 0 0 0 0 1 0 0 0 5 129 1 14 0 166 0 0 0 0 0 0 0 1 0 0 0 0 0 71 57 27 87 0 0 0 0 0 0 0 0 1 0 0 0 0 0 0 0 0 0 0 0 0 0 0 0 3 1 1 0 0 0 0 0 0 0 0 0 0 0 0 0 0 0 0 0 0 0 0 0 0 0 0 0 0 0 0 0 0 0 0 0 0 0 1 0 0 0 1 40 54 1483 12 40 31 0 19 0 1 0 0 0 0 7 3 8 0 1 21 2 1 0 0 0 0 0 10 2 0 0 0 0 0 6 0 2 4 0 0 0 10 237 28 0 0 8 0 1 0 0 0 0 0 0 0 0 0 0 0 0 0 0 0 0 0 0 4 66 2 0 0 0 0 0 0 0 0 0 0 0 0 0 0 0 1 0 0 0 5 0 0 0 0 0 0 14 2 0 0 0 0 0 4 0 8 35 2 0 0 0 0 0 0 0 0 1 0 0 0 3
55 11208 38 0 0 0 1 0 0 9 0 0 0 0 0 0 1 0 0 0 0 15 0 0 0 0 0 0 0 0 0 0 0 0 0 0 0 0 0 0 1 10 0 14 0 17 0 0 0 0 0 0 0 2 0 0 0 1 0 7 33 8 34 0 0 0 0 0 0 0 0 0 0 0 0 0 0 0 0 2 0 0 0 0 0 0 0 0 0 0 0 0 0 0 1 0 0 0 0 0 0 0 0 0 3 0 0 0 0 0 0 0 0 0 0 0 0 0 0 0 0 0 0 0 0 0 0 0 0 0 17 25 40 2 28 0 0 2 0 0 0 0 0 0 1 0 2 0 0 5 4 0 0 0 2 0 0 0 0 0 0 0 0 0 0 0 0 4 0 0 0 3 33 4 0 0 3 0 0 0 0 0 0 0 0 0 0 0 1 0 0 0 0 0 0 0 0 2 8 0 0 0 0 0 0 0 0 0 0 0 0 0 0 0 1 0 0 0 0 0 0 0 0 0 0 0 0 1 0 0 0 0 0 1 0 0 2 0 0 0 0 0 0 0 0 0 0 5 0 0 5
56 10535 44 3 0 1 1 0 1 14 0 1 0 0 0 0 3 0 0 0 0 14 0 0 0 2 0 2 0 0 0 0 0 0 0 0 0 0 0 0 2 14 0 9 0 18 0 0 0 0 0 0 0 0 0 0 0 0 0 15 37 14 65 1 1 0 1 0 0 0 0 1 0 0 0 0 3 0 0 0 4 0 0 0 0 0 0 0 0 0 0 0 0 0 0 0 0 0 0 0 0 0 0 0 0 0 0 2 0 0 0 0 0 0 0 0 0 0 0 0 1 0 0 0 0 0 2 0 0 1 26 128 678 4 45 14 0 10 1 0 0 0 0 0 3 0 6 0 0 14 0 0 0 5 0 1 0 0 0 0 0 0 0 0 4 0 0 4 0 0 0 8 58 17 0 0 10 0 0 0 0 0 0 0 0 0 0 0 0 0 0 0 0 0 0 0 0 0 39 0 0 0 0 0 0 0 1 0 0 0 0 0 0 0 0 0 0 0 0 1 0 0 0 0 0 0 0 0 0 0 0 0 0 5 0 10 2 0 0 0 0 0 0 0 0 0 0 1 0 0 1
57 11416 19 2 0 0 0 0 0 1 0 0 0 0 0 0 2 0 0 0 0 4 0 0 0 0 0 1 0 0 0 1 0 0 0 0 0 0 0 0 5 10 0 3 0 20 0 0 0 0 0 0 0 0 0 0 0 0 0 14 27 8 26 0 0 0 0 0 0 0 0 0 0 0 1 0 0 0 0 0 0 0 0 0 0 0 0 0 0 0 0 0 0 0 0 0 0 0 0 0 0 0 0 0 0 0 0 0 0 0 0 0 0 0 0 0 0 0 0 0 0 0 0 0 0 1 0 0 0 0 4 11 23 2 17 1 0 1 0 0 0 1 0 0 2 0 6 0 0 0 1 0 0 0 0 0 0 0 0 0 0 0 0 0 0 0 0 7 0 0 0 0 25 8 0 0 3 0 0 0 0 0 0 0 0 0 0 0 0 0 0 0 0 0 0 0 0 0 15 0 0 0 0 0 0 0 0 0 0 0 0 0 0 0 0 0 2 0 0 0 0 0 0 0 0 0 0 0 0 0 0 0 0 0 0 0 3 0 0 0 0 0 0 0 0 0 0 7 0 0 1
58 12213 60 1 0 0 0 0 3 9 0 0 0 0 0 0 3 0 0 0 0 5 0 2 0 0 0 1 0 0 0 0 3 0 0 0 0 0 0 0 1 17 0 19 0 34 0 0 0 0 0 0 0 2 0 0 0 0 0 19 69 16 78 0 0 0 0 0 0 0 0 0 0 0 0 1 0 0 0 0 1 0 0 0 0 0 0 1 0 0 0 0 0 0 0 0 0 0 0 0 2 0 0 0 0 0 0 0 0 1 0 5 0 0 1 0 0 0 0 0 0 0 0 0 0 0 0 0 0 0 5 53 333 4 28 1 0 2 0 0 0 0 0 0 6 0 7 0 0 15 0 2 0 1 0 0 0 0 4 0 0 0 0 0 3 0 0 1 0 0 2 3 113 7 0 0 6 0 0 0 0 0 0 0 0 0 0 1 0 0 0 0 0 0 0 0 0 1 24 0 2 0 0 0 0 0 0 0 0 0 0 0 0 0 0 0 0 0 0 2 0 0 0 0 0 0 2 0 0 0 0 0 0 3 0 6 2 0 0 0 0 0 0 0 0 0 0 0 0 0 4
59 10712 22 7 0 0 0 0 3 0 0 0 0 0 0 0 0 1 0 0 0 13 0 0 1 0 0 1 0 0 0 0 2 0 0 0 0 0 0 0 10 14 0 17 0 29 0 5 0 0 0 0 0 1 0 0 0 0 0 22 28 6 16 0 0 0 0 0 0 0 0 0 1 0 0 0 0 0 0 0 1 0 0 0 0 0 0 0 0 0 0 0 0 0 0 0 0 0 0 0 0 0 0 0 2 0 0 0 0 0 0 0 0 0 0 0 0 0 0 0 0 0 0 0 0 0 1 0 0 0 6 16 26 1 22 0 0 1 1 0 0 0 0 0 3 0 1 0 3 2 0 0 0 0 2 0 0 0 0 0 0 0 0 0 1 0 0 9 1 0 0 1 22 7 0 0 0 0 1 0 0 0 0 0 0 0 0 0 0 0 0 0 0 0 0 0 0 0 9 0 0 0 0 0 0 0 0 0 0 0 0 0 0 0 0 0 0 0 0 3 0 0 0 0 0 0 1 0 0 0 0 1 0 0 1 0 0 0 0 0 0 0 0 0 0 0 0 0 0 0 2
60 11387 29 10 0 1 0 1 3 4 0 0 0 0 0 0 4 0 0 0 0 17 0 0 0 0 0 2 0 0 0 0 3 0 0 0 0 0 0 0 10 5 0 7 0 25 0 0 0 0 0 0 0 1 0 2 0 0 0 6 28 18 32 0 0 0 0 0 0 0 0 4 0 0 0 0 0 0 0 0 2 0 0 0 0 0 0 0 0 0 0 0 0 0 0 0 0 0 0 0 1 0 0 0 0 0 0 0 0 0 0 2 0 0 0 0 0 0 0 0 0 0 0 0 0 1 1 2 0 0 8 24 23 1 22 0 0 0 0 0 0 0 0 0 2 0 0 0 0 0 0 0 0 6 0 0 0 0 0 0 0 0 0 0 0 0 4 6 0 0 1 3 52 16 0 0 4 0 0 0 1 0 0 0 0 0 0 0 0 0 0 0 0 0 0 0 0 5 10 0 0 0 0 0 0 0 0 0 0 0 0 0 0 0 0 0 0 0 0 8 0 0 0 0 0 0 2 1 0 1 0 0 0 0 0 0 2 0 0 0 0 0 0 0 0 0 0 3 0 0 3
61 11862 26 0 0 3 0 0 0 7 0 0 0 0 0 0 4 0 0 0 0 7 0 0 0 0 0 1 0 0 0 0 0 0 0 0 0 0 0 0 5 2 0 9 0 18 0 0 0 0 0 0 2 1 0 0 0 0 0 7 22 5 30 0 0 0 0 0 0 0 0 1 0 0 0 0 0 0 0 0 1 0 0 0 1 0 0 3 0 0 0 0 0 0 0 0 0 0 0 0 0 0 0 0 0 0 0 1 0 0 1 0 0 0 0 0 0 0 0 0 0 0 0 0 0 0 0 0 0 0 14 25 40 0 14 1 0 4 0 0 0 0 0 0 14 0 1 0 0 1 0 0 0 0 0 0 0 0 0 0 0 0 0 0 4 0 0 4 0 0 2 15 18 8 0 0 1 0 0 0 0 0 0 0 0 0 0 0 0 0 0 0 0 0 0 0 0 0 13 0 0 0 0 0 0 0 0 0 0 0 0 0 0 0 0 0 0 0 0 3 0 0 0 0 0 0 2 2 0 0 0 0 0 0 0 0 1 0 0 0 0 0 0 0 0 0 0 3 0 0 3
62 11348 41 4 0 1 2 1 1 20 0 0 0 0 1 0 3 0 0 0 0 15 0 0 0 1 0 3 0 0 0 0 0 0 0 0 0 0 0 0 4 6 0 1 0 3 0 0 0 0 0 0 1 2 0 0 0 0 0 13 29 11 49 0 0 0 0 0 0 0 0 0 1 0 0 0 1 0 0 0 0 0 0 0 0 0 0 1 0 0 0 0 0 0 0 0 0 0 0 0 0 0 0 0 0 0 0 0 0 0 0 0 0 0 0 0 0 0 0 0 0 0 0 0 0 0 0 0 0 0 12 18 33 1 14 4 1 1 0 0 0 0 0 0 1 0 3 0 0 0 0 3 0 1 0 0 0 0 0 0 0 0 0 0 2 0 0 3 0 0 0 1 117 8 0 0 8 0 0 0 0 0 0 0 0 0 0 0 0 0 0 0 0 0 0 0 0 3 25 0 0 0 0 0 0 0 0 0 0 0 0 0 0 0 0 0 0 1 0 0 0 0 0 0 0 0 5 0 0 0 0 0 0 1 0 0 1 0 0 0 0 0 0 0 0 0 1 0 0 0 4
63 15858 77 40 0 1 0 0 3 18 2 0 0 4 0 0 17 0 0 0 0 36 0 4 4 5 0 6 0 0 5 4 3 0 0 0 0 0 0 2 2 41 0 48 0 136 0 0 0 0 1 0 0 14 0 0 1 1 0 43 378 71 107 0 0 0 0 0 0 2 1 3 3 0 0 0 1 0 2 0 0 0 2 0 0 0 0 3 0 0 1 0 2 0 0 0 0 0 0 1 1 0 0 1 3 0 0 1 1 0 2 0 0 0 0 0 0 0 0 0 8 0 0 0 1 4 0 0 0 1 72 138 249 47 211 0 2 0 8 0 0 0 0 0 20 0 14 0 1 9 0 3 0 11 2 1 0 0 10 1 0 2 0 0 15 0 0 14 4 0 4 22 587 230 0 0 67 5 0 0 2 0 0 1 0 0 4 0 2 0 0 0 7 0 45 2 0 34 212 0 2 0 0 0 0 0 0 0 0 0 0 0 0 0 0 1 0 0 0 11 0 0 0 0 0 1 31 12 1 2 0 0 0 5 0 0 4 0 0 0 1 0 4 0 0 0 1 9 2 0 12
64 17103 117 5 0 4 0 0 4 13 0 0 0 2 0 1 9 0 0 1 0 49 0 0 1 1 0 10 0 0 0 2 5 0 1 0 0 0 0 1 11 13 1 43 0 64 0 1 0 0 0 0 0 5 0 0 0 1 0 43 179 55 125 0 0 0 0 0 0 2 0 2 0 0 0 0 1 0 0 0 0 0 0 0 0 0 0 3 1 0 0 0 2 0 0 0 0 0 0 0 0 1 0 0 0 0 0 0 0 0 0 2 0 1 0 0 0 0 0 0 4 0 0 0 2 4 1 0 2 0 42 60 94 22 50 8 1 0 4 0 0 0 0 0 6 4 9 0 5 0 0 5 0 3 1 0 0 0 1 0 0 0 0 0 3 0 0 3 0 0 1 11 294 100 0 1 22 1 1 0 0 0 0 1 0 0 0 0 0 0 0 0 0 0 12 0 0 9 55 0 1 0 0 0 0 0 0 2 0 2 0 0 0 0 1 5 0 0 0 26 0 0 0 0 0 0 16 5 0 2 0 0 0 3 0 2 4 0 0 0 0 0 0 0 0 0 0 9 0 0 10
65 16944 36 19 0 3 1 0 2 3 0 0 0 0 0 0 4 0 1 0 0 21 0 0 0 0 0 4 0 0 1 2 1 0 0 0 0 0 0 0 3 11 0 25 0 55 0 0 0 0 0 0 0 0 0 0 0 0 0 22 105 17 48 0 0 0 3 0 0 0 0 2 0 0 0 0 0 0 0 0 1 0 0 0 0 0 0 1 0 0 0 0 1 0 0 0 0 0 0 0 0 0 1 0 2 0 0 0 0 0 0 0 0 0 0 0 0 0 0 0 0 0 0 0 0 7 0 0 1 0 27 75 100 13 64 0 0 0 1 0 0 0 0 0 17 0 10 0 4 0 0 0 0 0 0 0 0 0 0 0 0 0 0 0 6 0 0 6 0 0 1 3 84 77 0 0 13 0 0 0 0 0 0 0 0 0 0 1 1 0 0 0 0 0 0 0 0 4 58 0 0 0 0 0 3 0 0 1 0 0 0 0 0 0 0 0 0 0 0 2 0 2 0 0 0 0 0 1 0 5 0 2 0 0 0 1 4 0 0 0 0 0 0 0 0 0 0 1 0 0 5
66 16150 67 4 0 0 2 0 2 4 0 1 0 0 0 0 10 2 0 4 0 11 0 0 0 0 0 4 0 0 0 3 3 0 0 0 0 0 0 0 11 7 0 37 0 41 0 1 0 0 0 0 0 2 0 0 0 0 0 11 93 14 16 0 0 0 0 0 0 0 0 4 0 0 0 0 0 0 0 0 2 0 0 0 0 0 0 0 0 0 0 0 0 0 0 0 0 0 0 0 1 0 0 0 0 0 0 0 0 0 0 0 0 2 1 0 0 0 0 0 2 0 0 0 0 2 0 0 0 0 17 23 55 13 27 4 0 4 0 0 0 0 1 0 40 0 7 0 0 1 0 0 0 2 1 0 0 0 6 0 0 0 0 0 3 0 0 0 0 0 0 3 81 44 0 0 7 0 0 0 2 0 0 0 0 0 1 0 0 0 0 0 1 0 0 1 0 7 55 0 0 0 0 0 0 0 0 0 0 0 0 0 0 0 0 0 0 0 0 5 0 0 0 0 0 0 1 3 2 0 0 0 0 0 0 0 0 1 0 2 1 0 3 0 0 0 0 2 0 0 3
67 13737 192 10 0 4 0 0 14 34 0 1 0 0 0 0 21 0 0 14 0 87 0 26 4 7 2 48 0 0 11 2 3 0 0 0 0 0 0 2 35 77 0 132 0 46 0 2 2 0 0 0 0 5 0 0 0 2 1 66 95 54 176 0 0 0 3 0 0 0 0 2 0 0 0 0 0 0 0 0 5 0 0 0 0 0 0 4 0 0 1 0 0 0 1 0 0 0 0 1 10 0 2 1 2 0 0 0 0 1 0 4 0 0 1 3 1 0 0 0 1 0 0 0 1 16 5 5 1 0 61 359 143 54 319 9 0 1 9 2 1 0 0 0 9 5 21 0 10 6 25 1 0 30 2 2 0 0 3 0 0 0 0 0 26 2 1 13 0 0 4 9 283 122 0 0 18 0 0 0 0 0 0 0 0 0 0 0 1 0 0 1 1 0 18 9 0 6 243 0 1 0 0 0 0 0 0 0 0 0 0 5 0 0 2 3 2 1 0 26 2 0 0 0 0 0 10 30 0 4 0 0 0 7 0 1 10 0 0 0 0 0 0 0 0 0 0 7 0 0 43
68 10468 103 67 0 7 1 0 4 38 0 9 0 0 2 0 26 0 0 1 0 90 0 6 3 9 1 8 0 0 7 14 2 0 0 0 0 0 2 6 10 358 2 51 0 214 0 1 21 1 0 0 0 23 0 0 0 1 0 137 490 163 280 0 0 4 7 0 0 5 0 11 8 0 0 0 3 0 2 0 3 0 1 0 0 0 0 13 0 0 0 0 0 0 4 0 0 0 0 1 4 0 1 0 3 0 0 2 0 2 17 4 0 0 0 12 0 0 0 0 2 0 0 0 4 19 1 0 0 0 220 463 6256 157 139 79 15 58 43 0 0 0 0 0 40 1 59 0 10 137 8 45 0 35 0 4 0 0 87 0 0 0 0 4 41 0 8 2 3 0 1 84 2183 990 1 0 157 5 4 0 0 0 0 0 0 0 1 0 1 2 1 0 1 0 318 104 0 93 2143 0 6 2 0 0 1 0 0 0 0 11 0 2 0 0 0 3 1 0 0 36 0 1 1 0 0 4 80 5 3 2 3 4 0 19 5 175 105 4 0 0 0 0 122 9 0 0 0 32 0 0 83
69 19545 246 12 4 6 0 1 27 78 1 4 0 5 0 1 56 1 0 121 0 195 0 102 34 31 0 78 0 0 14 19 12 0 6 0 0 0 0 13 55 139 8 270 0 268 0 2 7 2 0 0 0 26 0 0 0 0 0 229 331 93 285 0 0 0 4 0 0 0 0 8 1 0 0 3 0 0 1 0 15 0 0 1 1 0 0 3 2 0 1 0 7 0 0 1 0 0 0 1 12 0 5 0 3 0 0 1 2 1 5 5 0 0 2 3 0 0 0 0 3 0 0 0 3 25 6 2 0 0 172 1557 2382 627 3003 38 7 5 25 0 6 11 2 0 34 18 130 0 39 42 30 43 0 224 13 21 0 0 48 1 0 2 7 3 134 25 7 71 3 0 57 57 2090 533 0 0 80 0 1 0 2 0 0 0 0 0 1 1 5 4 0 1 7 0 178 100 2 62 1254 10 4 2 0 0 0 0 0 0 1 0 0 10 4 0 10 1 10 11 0 236 0 0 1 0 1 2 152 81 5 8 0 3 0 13 0 1 57 10 0 0 0 0 26 3 0 1 2 28 3 0 97
70 15194 186 3 0 0 0 0 13 9 0 6 0 0 0 0 22 2 0 7 0 114 0 8 3 4 1 22 1 0 3 6 12 0 1 0 0 0 0 1 36 39 0 132 0 38 0 3 0 0 0 0 0 10 0 1 0 0 0 65 94 36 150 0 1 0 1 0 0 0 0 2 0 0 0 2 0 0 0 0 8 0 0 0 0 0 0 0 1 0 0 0 2 0 1 0 0 0 0 0 1 0 3 0 8 0 0 1 1 0 2 4 1 0 0 0 0 1 0 0 1 0 0 0 0 5 3 1 0 1 42 281 116 40 271 1 1 12 3 1 0 0 0 0 31 0 18 0 19 1 42 4 0 19 5 6 0 0 4 0 0 0 0 0 45 0 3 5 0 0 8 11 92 69 0 0 18 1 0 2 0 0 0 0 0 0 1 0 0 0 0 0 1 0 1 0 0 5 143 0 0 0 0 0 0 0 1 0 0 2 0 0 0 0 1 2 0 0 0 17 0 0 0 0 0 0 11 14 0 1 0 8 0 1 0 0 19 0 0 0 1 0 3 0 0 0 0 4 0 0 20
71 12091 67 40 5 0 0 0 5 30 0 5 1 0 1 1 29 0 0 2 0 62 0 1 0 1 0 8 0 0 0 15 1 1 0 0 0 0 0 3 6 226 5 26 0 168 0 0 0 0 0 0 0 5 0 0 2 4 0 121 158 54 236 0 0 0 1 1 0 8 0 3 2 0 2 0 0 1 4 0 5 0 0 0 0 2 0 2 0 0 0 0 3 0 0 0 0 0 0 1 3 3 2 0 1 0 0 0 0 5 2 2 0 0 0 9 0 0 0 0 1 0 0 0 0 14 0 0 1 0 108 164 5244 1717 136 20 2 21 24 0 0 0 0 0 18 5 12 0 1 105 0 30 0 115 7 0 0 15 46 0 0 0 0 1 19 0 2 6 1 0 0 53 743 219 0 0 40 3 2 0 0 0 0 1 0 0 0 0 0 0 1 0 5 0 163 42 0 29 683 0 1 5 0 0 0 0 0 1 0 0 0 1 0 0 0 1 0 0 0 9 0 1 0 0 0 0 38 1 1 0 1 0 0 6 1 26 33 0 0 1 1 0 33 4 0 0 0 10 1 0 52
72 15442 96 6 0 0 1 0 8 3 0 7 0 0 0 0 6 0 0 0 0 44 0 1 1 1 0 11 0 0 0 1 0 0 0 0 0 0 0 2 22 8 4 65 0 28 1 1 0 0 0 0 1 8 0 0 1 1 0 50 65 16 106 0 0 0 0 0 0 0 0 4 0 0 0 0 0 0 0 0 13 0 0 0 0 0 0 2 0 2 0 0 1 0 0 0 0 0 0 0 0 0 0 0 0 0 0 0 0 0 2 2 0 0 2 0 0 0 0 0 0 0 0 0 0 4 0 0 1 0 32 133 199 21 61 1 0 0 0 0 0 0 0 0 2 0 11 0 0 1 0 0 0 3 0 0 0 0 0 0 0 0 0 0 6 0 0 3 0 0 2 2 38 59 0 0 20 0 0 0 0 0 0 0 0 0 0 0 0 0 0 1 0 0 2 0 0 4 47 0 0 0 0 0 0 0 0 0 0 0 0 0 1 0 1 0 0 0 0 21 0 0 0 0 0 0 3 3 0 0 0 0 0 10 0 2 1 0 0 0 2 0 0 0 0 0 0 3 1 0 4
73 17569 64 2 0 0 0 0 3 6 0 0 0 0 0 0 0 0 0 1 0 12 0 3 3 0 0 2 0 0 0 0 0 0 1 0 0 0 0 2 7 14 0 20 0 10 0 1 0 0 0 0 0 2 0 0 0 0 0 12 89 9 49 0 0 0 0 0 0 0 0 2 2 0 0 0 2 0 0 0 5 0 0 0 0 0 0 0 0 0 0 0 0 0 0 0 0 0 0 0 1 0 0 1 0 0 0 0 0 0 0 0 0 0 0 0 0 0 0 0 0 0 0 0 0 0 0 0 0 0 16 46 47 4 37 2 2 1 4 0 0 0 0 0 4 0 2 0 0 0 0 0 0 1 1 0 0 0 4 0 0 0 0 0 1 0 0 12 0 0 0 0 56 65 0 0 18 0 0 0 0 0 0 0 0 0 1 0 1 0 0 0 0 0 2 0 0 13 42 0 0 0 0 0 0 0 0 0 1 0 0 0 0 0 0 1 1 0 0 1 1 0 0 0 0 0 1 1 0 0 0 0 0 1 0 1 1 0 0 0 0 0 0 0 0 0 0 4 0 0 5
74 16280 166 5 0 0 2 0 22 2 0 0 0 0 0 0 16 5 0 1 0 44 0 6 0 7 0 35 0 0 0 0 10 0 1 0 0 0 0 0 37 32 1 106 0 22 0 2 0 0 0 0 0 10 0 0 0 1 0 74 125 25 184 0 0 0 3 0 0 1 0 0 0 0 0 0 0 0 2 0 8 0 1 0 0 0 0 1 0 0 0 0 2 0 0 0 0 0 0 1 3 1 0 0 4 0 0 2 1 0 0 3 0 0 1 0 0 0 0 0 9 0 0 0 0 7 4 0 5 1 51 205 295 28 148 0 4 5 7 0 2 0 0 0 2 0 28 0 16 2 3 0 0 4 4 10 0 0 2 0 0 0 0 0 11 0 1 3 1 0 1 13 76 105 0 0 9 0 0 0 0 0 0 0 0 0 0 0 0 0 6 0 0 0 1 0 0 7 62 0 0 0 0 0 0 0 0 0 1 0 0 0 0 2 1 0 0 0 0 9 0 3 0 0 0 0 2 8 1 2 0 7 0 4 0 2 9 0 0 0 0 0 0 1 0 0 0 4 0 0 12
75 15769 92 5 0 1 2 0 6 45 0 0 1 0 0 0 9 0 0 0 0 21 0 4 0 2 0 7 0 0 0 15 3 0 0 0 1 0 0 0 5 37 0 21 0 59 0 0 0 0 0 0 0 14 0 1 0 0 0 42 363 82 134 0 0 0 3 0 0 3 0 14 3 0 0 1 0 1 0 0 4 0 0 0 0 5 0 0 1 1 0 0 1 0 0 4 0 0 0 6 0 2 0 1 0 0 0 0 0 0 6 2 0 0 0 12 0 0 0 0 4 0 0 0 1 19 2 0 1 0 89 226 1172 60 66 63 1 6 23 0 0 1 0 0 42 1 18 0 10 30 3 17 0 2 1 0 0 0 21 0 0 0 0 0 3 0 8 4 2 0 0 24 778 322 0 0 55 7 1 0 0 0 0 0 0 0 1 0 0 1 0 0 0 0 103 41 0 32 873 0 0 0 0 0 0 0 0 1 0 1 0 0 0 0 1 3 0 0 0 9 0 2 0 0 0 8 23 8 0 0 0 0 0 2 0 11 22 3 0 0 0 0 28 8 0 0 0 9 0 0 57
76 15558 149 7 0 0 0 2 37 11 2 2 0 0 0 1 24 0 0 5 0 93 0 12 0 11 0 21 0 0 0 0 3 0 0 0 0 0 0 1 29 41 2 131 0 34 1 4 0 0 0 0 0 7 1 0 0 2 1 75 78 36 179 0 0 0 2 0 0 3 0 5 1 0 0 0 0 0 0 2 18 0 1 0 0 0 0 7 0 0 0 0 2 0 1 0 0 0 0 0 1 0 2 0 2 0 0 1 0 4 2 0 0 0 0 0 1 0 0 0 0 0 0 0 0 7 0 0 1 0 45 409 197 27 334 0 1 0 9 1 1 4 0 0 7 1 47 0 14 0 55 0 0 11 4 3 0 0 0 0 0 0 2 0 37 0 2 5 0 0 3 7 123 55 0 0 14 0 0 0 0 0 0 0 0 0 0 1 0 0 0 0 0 0 7 0 0 7 97 0 3 0 0 0 0 0 1 0 0 0 0 2 0 0 2 0 0 0 0 10 0 0 0 0 1 0 3 19 0 3 0 8 0 4 0 0 8 1 0 0 1 0 0 0 0 0 0 3 1 0 10
77 17053 155 11 0 6 0 0 10 20 0 2 1 0 1 0 13 1 0 0 0 111 0 7 0 7 0 23 0 0 6 9 9 0 1 0 0 0 0 0 16 33 1 81 0 110 0 2 0 0 0 0 0 2 0 0 0 1 0 65 356 54 174 0 1 0 0 1 0 1 0 3 5 0 0 0 0 0 0 3 2 0 0 0 0 0 0 4 0 1 0 0 1 0 2 0 0 0 0 1 1 0 2 0 3 0 0 2 0 0 2 3 0 0 0 0 0 0 0 0 0 0 0 0 0 8 0 0 0 1 105 97 589 84 148 16 0 0 37 0 0 0 0 0 13 1 36 0 3 9 1 5 0 6 1 3 0 0 4 0 0 0 0 0 4 1 0 14 1 0 1 24 602 378 0 0 86 1 2 0 0 0 0 0 0 0 2 0 1 0 1 1 2 0 25 3 0 40 162 0 1 0 0 0 0 0 0 14 0 0 2 1 0 0 0 0 0 0 0 17 0 0 0 0 0 0 39 23 0 1 0 1 0 1 0 11 17 4 0 0 1 0 14 0 0 0 1 27 0 0 17
78 15338 75 5 0 0 0 0 9 13 0 1 0 0 1 0 7 0 0 0 0 49 0 5 3 4 1 35 0 0 0 1 2 0 0 0 0 0 0 0 13 26 0 57 0 41 0 0 0 0 0 0 0 6 0 0 0 1 0 31 122 24 59 0 0 0 1 0 0 1 0 13 0 0 0 3 0 0 0 0 4 0 0 0 0 0 0 2 0 1 0 0 1 0 0 0 0 0 0 1 1 0 1 0 1 0 0 0 0 0 0 0 0 0 2 0 0 0 0 0 0 0 0 0 2 4 6 3 0 0 34 82 177 21 59 1 0 0 0 0 0 0 0 0 4 0 6 0 6 0 0 0 0 0 3 2 0 0 0 0 0 0 0 0 12 1 0 6 0 0 1 6 76 115 0 0 19 1 0 0 0 0 0 0 0 0 0 0 2 0 0 0 1 0 4 0 0 8 55 0 0 0 0 0 0 0 0 0 0 0 0 2 0 0 0 0 0 0 0 0 0 0 0 0 0 0 1 4 0 1 0 0 0 1 0 0 0 2 0 0 0 0 1 0 0 0 1 8 0 0 6
79 17087 82 11 0 1 0 0 2 6 0 1 0 1 1 0 6 0 0 0 0 67 0 2 1 0 0 20 0 0 0 4 5 0 1 0 0 0 0 0 18 21 0 54 2 71 0 0 0 0 0 0 0 4 0 0 0 2 0 43 166 26 96 0 0 0 0 0 0 0 0 4 0 0 0 1 0 0 0 0 1 0 0 0 0 0 0 4 0 0 0 0 0 0 0 0 0 0 0 0 0 0 0 0 0 0 0 1 0 0 1 3 0 0 1 0 0 0 0 0 1 0 0 0 0 7 0 0 0 0 36 52 73 10 52 5 0 3 33 0 0 0 0 0 8 1 10 0 2 0 1 0 0 3 0 0 0 0 0 0 0 0 0 0 4 0 4 0 1 0 4 2 160 84 0 0 12 0 0 0 0 0 0 0 0 0 1 0 0 0 0 0 0 0 6 16 0 8 109 0 0 0 0 0 0 0 0 20 0 2 0 4 0 0 0 0 1 0 0 2 0 0 0 0 0 0 4 5 1 3 0 2 0 0 2 2 5 0 0 0 0 0 7 0 0 0 1 12 0 0 7
80 15582 83 23 0 4 0 0 15 39 0 0 0 0 0 0 22 1 0 2 0 130 0 16 3 8 0 19 0 0 12 10 8 0 0 0 0 0 0 0 13 101 0 66 0 226 0 3 0 0 0 0 0 23 0 0 0 1 0 100 468 109 115 0 0 0 0 0 0 1 0 12 1 0 0 0 0 0 2 0 1 3 0 0 0 0 0 0 0 0 0 0 0 0 3 11 0 0 0 0 0 0 1 0 1 0 0 0 0 2 4 2 0 1 0 14 0 0 0 0 2 0 1 0 1 18 0 1 2 0 91 261 791 42 255 38 0 5 23 0 0 0 0 0 21 1 108 0 1 12 4 28 0 8 0 0 0 0 23 0 0 0 1 0 12 4 0 7 5 0 10 24 813 512 0 2 45 1 0 0 0 0 0 2 0 0 6 0 0 0 0 2 8 0 35 4 0 28 518 0 0 1 0 0 0 0 0 1 0 4 6 0 1 0 4 0 0 0 0 21 0 3 0 0 0 9 37 11 0 3 0 2 0 5 0 1 20 0 0 2 0 0 1 2 0 0 0 9 0 0 43
81 16191 24 5 0 1 0 0 7 4 3 1 0 0 0 0 2 0 0 0 0 24 0 1 0 0 0 10 0 0 0 1 4 0 0 0 0 0 0 0 5 25 1 16 0 82 1 0 0 0 0 0 0 5 0 0 0 0 0 19 121 27 32 0 0 0 0 0 0 0 0 5 0 0 0 0 0 0 0 0 1 0 0 0 0 0 0 0 1 0 0 0 0 0 0 0 0 0 0 0 0 1 0 0 0 0 0 0 0 0 1 0 0 0 0 0 0 0 0 0 0 0 0 0 0 4 1 0 0 0 27 48 61 1 63 6 0 1 0 0 0 1 0 0 8 0 2 0 1 0 0 0 0 0 0 0 0 0 1 0 0 0 0 0 0 0 0 7 1 0 0 8 60 80 0 0 10 0 0 0 0 0 0 0 0 0 0 0 0 0 0 0 0 0 2 0 0 13 35 0 0 0 0 0 1 0 0 1 0 0 0 0 0 0 0 0 0 0 0 1 0 8 0 0 0 0 2 4 0 2 0 0 0 2 0 5 2 0 0 0 0 0 0 0 0 0 0 2 1 0 4
82 13240 220 13 0 1 0 0 26 16 1 0 0 0 0 0 27 2 0 1 0 106 0 10 3 3 0 38 2 0 0 2 3 0 3 0 0 0 0 1 37 49 4 181 0 89 0 1 1 0 0 0 0 4 0 1 0 0 0 86 145 51 203 0 0 0 0 0 0 1 0 2 4 0 1 0 0 0 0 0 6 1 1 0 0 0 0 2 1 2 0 0 3 0 2 0 0 0 0 0 2 0 1 0 2 0 0 0 0 0 0 3 2 1 0 1 0 0 0 0 0 0 0 0 2 10 0 5 11 0 70 448 2421 90 187 13 3 15 8 0 0 0 0 0 10 6 21 0 5 126 12 2 0 11 1 4 0 0 5 0 0 0 0 0 12 1 0 16 5 0 2 32 215 242 0 0 23 0 0 0 2 0 0 0 0 0 5 0 0 0 0 0 0 0 6 0 0 9 118 0 0 0 0 0 0 0 0 5 0 0 0 1 1 0 0 0 1 1 0 11 0 0 0 0 0 2 19 8 0 0 0 4 0 17 0 14 4 0 0 0 1 0 0 0 0 0 0 1 0 0 18
83 16438 52 2 0 2 0 0 0 5 0 0 0 0 0 0 4 0 0 0 0 12 0 0 0 0 0 7 0 0 0 0 1 0 0 0 0 0 0 0 3 18 0 11 0 59 0 0 0 0 0 0 0 6 0 0 0 0 0 27 189 22 76 0 0 0 1 0 0 2 0 2 0 0 0 0 0 0 0 0 3 0 0 0 0 0 0 0 0 1 0 0 0 0 0 0 0 0 0 0 2 0 0 0 6 0 0 0 0 0 0 3 0 0 0 0 0 0 0 0 1 0 0 0 0 0 0 1 3 1 18 37 70 38 61 0 1 0 1 0 0 0 0 0 23 0 6 0 2 1 0 6 0 1 2 0 0 0 0 0 0 0 0 0 1 3 0 1 0 0 1 10 182 188 0 0 26 0 0 0 0 0 0 0 0 0 0 0 0 0 0 4 2 0 3 6 0 5 21 0 0 0 0 0 0 0 0 0 0 0 0 0 0 0 0 0 0 0 0 5 0 1 0 0 0 0 6 9 0 0 0 0 0 5 0 0 11 0 0 0 0 0 0 0 0 0 0 5 0 0 2
84 16959 60 30 1 2 0 1 0 6 0 0 0 0 0 0 14 0 0 0 0 43 0 2 0 8 0 3 0 0 0 0 2 0 0 0 0 0 0 0 12 34 16 28 0 136 0 0 0 0 1 0 0 16 0 0 0 2 0 40 399 60 171 0 0 0 0 0 0 3 0 3 1 0 0 1 0 0 2 0 2 0 0 0 0 0 0 22 0 0 0 0 2 0 1 0 1 0 0 0 3 0 0 1 3 0 0 0 0 0 0 1 0 0 0 0 1 0 0 0 0 0 0 0 0 4 0 0 1 1 102 124 705 52 84 6 0 0 12 0 0 0 0 0 51 1 23 0 0 10 0 2 0 19 0 0 0 0 10 0 0 0 0 0 17 0 0 9 0 0 0 8 634 338 0 0 55 6 1 0 0 0 0 0 0 0 0 1 8 2 0 0 0 0 22 10 0 26 194 1 0 0 0 0 0 0 0 3 0 0 0 0 0 0 0 5 0 0 0 2 0 0 0 0 0 0 18 9 0 0 0 1 0 3 0 48 31 8 0 0 0 0 10 2 1 1 0 33 0 0 19
85 17674 38 4 0 0 0 0 3 12 0 0 0 0 0 0 3 0 0 1 0 20 0 4 0 0 0 12 0 0 0 0 0 0 0 0 0 0 0 0 4 10 0 25 0 54 0 0 0 0 0 0 0 10 0 0 0 0 0 32 223 37 79 0 0 0 1 0 0 1 0 4 1 1 0 0 0 0 1 0 4 0 0 0 0 0 0 0 0 0 0 0 0 0 1 0 0 0 0 0 2 0 0 0 0 0 0 0 0 0 0 0 0 0 0 0 1 0 0 0 0 0 0 0 0 0 0 0 0 0 20 32 89 8 58 6 1 1 7 0 0 0 0 0 17 2 22 0 5 1 0 0 0 2 0 0 0 0 1 0 0 0 0 0 3 0 0 8 0 0 4 3 227 80 0 0 22 2 0 0 0 0 0 0 0 0 1 0 0 0 0 0 0 0 14 0 0 12 110 0 1 0 0 0 0 0 0 0 0 0 0 0 0 0 0 6 0 0 0 3 0 0 0 0 0 0 3 2 0 0 0 0 0 0 0 9 6 0 0 0 0 0 9 0 0 0 0 18 0 0 9
86 17264 76 6 0 0 0 0 6 7 0 1 0 0 0 0 5 0 0 0 0 38 0 4 0 3 0 5 0 0 1 0 0 0 0 0 0 0 0 0 15 9 0 42 0 22 0 4 0 0 0 0 0 1 0 0 0 0 0 47 94 18 68 0 0 0 1 0 0 0 0 2 0 0 0 0 0 0 0 0 4 0 0 0 0 0 0 0 0 0 0 0 1 0 0 0 0 0 0 0 2 0 0 0 0 0 0 0 0 0 0 0 0 0 0 0 0 0 0 1 3 0 0 0 0 6 1 1 2 0 15 75 31 8 27 0 1 1 0 0 0 0 0 0 5 0 9 0 3 0 1 0 0 10 0 1 0 0 16 0 0 2 0 0 9 0 0 4 0 0 0 12 84 37 0 0 12 0 2 0 0 0 0 0 0 0 1 0 0 0 0 0 0 0 8 0 0 3 48 0 0 0 0 0 0 0 0 0 0 0 0 0 0 0 0 0 1 0 0 3 0 0 0 0 0 0 6 0 1 2 0 8 0 0 0 0 0 0 0 0 1 0 2 0 0 0 0 3 0 0 10
87 17955 76 4 0 0 0 0 8 4 0 0 0 0 0 1 4 0 0 0 0 15 0 1 0 0 0 2 0 0 7 3 0 0 0 0 0 0 0 0 10 9 0 23 0 30 0 3 0 0 0 0 0 0 0 0 0 1 0 25 52 17 24 0 0 0 0 0 0 0 0 2 1 0 0 0 0 0 0 0 4 0 0 0 0 0 0 0 0 0 1 0 0 0 0 0 0 0 0 1 0 0 0 0 0 0 0 0 0 0 0 2 0 0 0 0 0 0 0 0 0 0 0 0 0 2 0 0 0 0 9 24 6 14 24 0 1 0 2 0 0 0 0 0 5 0 2 0 3 0 0 0 0 1 0 0 0 0 0 0 0 0 0 0 3 0 0 5 0 0 0 6 70 26 0 0 5 0 0 0 0 0 0 0 0 0 2 0 0 0 0 0 1 0 0 0 0 2 21 0 0 0 0 0 0 0 0 0 0 0 0 0 0 0 0 0 0 0 0 1 0 0 0 0 0 0 0 0 5 0 0 3 0 1 0 4 0 0 0 0 0 0 2 0 0 0 1 0 0 0 5
88 15203 158 6 7 3 1 0 14 30 0 2 0 0 1 0 17 0 0 13 0 97 0 47 7 9 1 33 0 0 0 1 15 0 3 0 0 0 0 0 40 63 2 132 0 88 0 2 6 1 0 0 0 33 0 0 0 0 0 101 252 82 188 0 0 1 4 0 0 0 0 15 2 0 0 1 0 0 2 1 9 0 0 0 0 0 0 6 2 1 0 0 0 0 1 0 0 0 0 0 10 0 4 8 2 0 0 2 0 0 3 4 0 0 0 1 0 0 0 0 0 0 0 0 0 3 0 1 0 0 71 325 233 46 1443 32 0 2 6 0 0 6 4 1 19 7 74 0 31 10 36 11 0 98 5 0 0 0 30 0 0 0 4 2 39 18 0 12 1 0 23 37 704 300 0 0 37 0 0 0 0 0 0 0 0 0 1 0 1 1 0 0 0 0 75 32 0 24 983 0 13 0 0 0 0 0 0 1 0 0 1 3 1 0 5 0 1 0 0 50 0 3 0 0 0 3 38 30 9 1 3 1 0 14 1 1 32 0 0 0 0 0 10 3 0 0 0 12 0 0 32
89 17016 78 1 0 0 1 0 2 1 0 0 0 0 0 0 0 0 0 6 0 10 0 2 0 0 0 5 0 0 0 0 0 0 0 0 0 0 0 0 6 14 0 11 0 12 0 0 0 0 0 0 0 1 0 0 0 1 0 15 82 14 51 0 0 0 2 0 0 0 0 3 0 0 0 1 0 0 0 1 0 0 0 0 0 0 0 0 0 0 0 0 0 0 1 0 0 0 0 0 2 0 0 0 4 0 0 0 1 0 0 0 0 0 0 0 1 0 0 1 0 0 0 0 3 4 0 0 0 0 22 75 50 2 31 0 0 0 1 0 0 0 0 0 3 0 1 0 3 0 0 0 0 4 1 0 0 0 0 0 0 0 0 0 2 0 0 9 0 0 0 13 43 26 0 0 9 0 0 0 0 0 0 0 0 0 0 0 0 0 0 0 0 0 0 0 0 7 22 0 0 0 0 0 0 0 0 0 0 0 0 0 0 0 1 0 0 0 0 9 1 0 0 0 0 0 0 0 0 0 0 0 0 1 0 0 0 2 0 0 0 0 0 0 0 0 0 1 0 0 7
90 16129 56 12 0 0 1 0 2 3 0 0 0 0 0 0 6 0 0 1 0 11 0 4 0 5 0 15 0 0 0 0 0 0 0 0 0 0 0 0 7 6 0 19 0 30 0 0 0 0 0 0 0 7 0 0 0 1 0 34 138 30 79 0 0 0 0 0 0 0 0 4 5 0 2 0 0 0 0 0 4 0 0 0 0 0 0 2 0 0 0 0 0 0 0 0 0 0 0 0 0 0 0 0 1 0 0 0 0 0 1 4 0 1 1 0 0 0 0 0 4 0 0 0 0 1 0 0 3 11 42 49 145 80 40 0 0 1 4 0 0 0 0 0 24 0 5 0 1 0 0 2 0 7 0 0 0 1 1 0 0 0 0 0 0 0 0 1 0 0 0 3 165 110 0 0 12 0 0 0 1 0 0 0 0 0 0 0 0 0 0 0 0 0 1 0 0 13 69 0 0 1 0 0 0 0 0 0 0 0 0 0 0 0 0 3 6 0 0 3 0 0 0 0 0 0 0 3 6 1 0 0 0 0 0 1 3 0 0 0 0 0 0 0 0 0 0 4 0 0 2
