0 4238 78 0 0 0 0 2 32 10 0 2 0 0 2 1 22 0 0 11 0 92 0 23 2 8 0 54 0 0 0 0 5 0 3 0 0 0 0 3 45 43 0 154 0 75 0 1 0 0 0 0 0 4 0 0 0 0 0 66 19 17 34 0 0 0 0 0 0 0 0 0 0 0 0 1 0 0 0 0 1 0 1 0 0 0 0 0 0 1 0 0 0 0 0 0 0 0 0 0 4 0 1 0 3 0 0 0 1 0 0 0 0 0 0 0 0 0 0 1 0 0 0 0 0 6 0 0 0 0 29 83 3 10 196 0 0 1 3 0 0 1 2 0 10 1 4 0 30 0 14 0 0 10 0 3 0 0 0 0 0 0 1 0 6 1 1 22 1 0 9 16 22 32 0 0 4 0 0 0 1 0 0 0 0 0 0 0 0 0 0 1 0 0 0 0 0 2 40 0 0 0 0 0 0 0 0 0 0 0 1 2 2 0 1 0 0 0 0 11 0 0 0 0 0 0 1 11 1 0 0 0 0 4 0 0 1 0 0 0 0 0 0 0 0 0 0 1 2 0 7
1 6602 59 5 0 0 0 0 11 1 0 0 0 0 0 0 7 0 1 1 0 26 0 1 1 0 0 11 2 0 0 0 1 0 0 0 0 0 0 0 21 7 0 65 0 21 0 0 0 0 0 0 0 3 0 0 0 0 0 27 34 14 46 0 0 0 0 1 0 0 0 0 0 0 0 0 0 0 0 0 2 0 0 0 0 0 0 0 0 0 0 0 1 0 5 0 0 0 0 0 2 0 0 0 0 0 0 0 0 0 0 0 0 0 0 0 0 0 0 0 0 0 0 0 3 4 0 0 2 2 9 31 6 5 31 0 2 2 2 0 0 0 0 0 0 2 2 0 3 0 2 0 0 3 0 3 0 0 0 0 0 0 0 0 1 0 1 0 0 0 0 2 15 8 0 1 1 0 0 0 0 0 0 0 0 0 0 0 0 0 0 0 0 0 0 0 0 1 8 0 0 0 0 0 0 0 0 0 0 0 0 0 0 0 1 0 0 0 0 10 0 0 1 0 0 0 0 0 0 0 0 0 0 0 0 0 0 0 0 0 0 0 0 0 0 0 0 0 0 0 5
2 2799 31 1 0 0 0 1 15 1 0 0 0 0 0 0 5 0 0 0 0 15 0 3 0 0 0 1 0 0 0 0 2 0 0 0 1 0 0 0 15 5 0 22 0 9 0 0 0 0 0 0 0 0 0 0 0 0 0 16 10 6 20 0 0 0 0 0 0 0 0 0 0 0 0 0 0 0 0 0 0 0 0 0 0 0 0 0 0 0 0 0 0 0 0 0 0 0 0 0 1 0 0 0 0 0 0 0 0 0 0 0 0 0 0 0 0 0 0 0 0 0 0 0 0 1 0 0 0 0 2 12 2 0 26 0 0 0 0 0 0 0 0 0 0 0 1 0 2 0 2 0 0 0 0 1 0 0 0 0 0 0 0 0 1 0 0 5 0 0 0 0 11 1 0 0 0 0 0 0 0 0 0 0 0 0 0 0 1 0 0 0 0 0 0 0 0 1 2 0 0 0 0 0 0 0 0 0 0 0 0 0 0 0 0 0 0 0 0 0 0 0 0 0 0 0 0 1 0 0 0 0 0 0 0 0 0 0 0 0 0 0 0 0 0 0 0 0 0 0 1
3 2293 12 0 0 0 0 0 1 1 0 0 0 0 0 0 1 0 0 0 0 15 0 1 0 1 0 5 0 0 0 0 0 0 0 0 0 0 0 0 1 6 0 17 0 10 0 0 0 0 0 0 0 0 0 0 0 0 0 7 12 4 7 0 0 0 0 0 0 0 0 1 0 0 0 0 0 0 0 0 0 0 0 0 0 0 0 0 0 0 0 0 1 0 0 0 0 0 0 0 0 0 0 0 0 0 0 1 0 0 0 0 0 0 0 0 0 0 0 0 0 0 0 0 0 0 0 0 1 0 4 3 4 0 6 0 0 0 0 0 0 0 0 0 3 0 0 0 0 0 0 0 0 0 0 0 0 0 0 0 0 0 0 0 0 0 0 2 0 0 0 2 3 7 0 0 0 0 0 0 0 0 0 0 0 0 0 0 0 0 0 0 0 0 0 0 0 0 2 0 0 0 0 0 0 0 0 0 0 0 0 0 0 0 0 0 0 0 0 1 0 0 0 0 0 0 0 0 0 0 0 0 0 0 0 0 0 0 0 0 0 0 0 0 0 0 0 0 0 0 0
4 3698 49 0 0 0 0 1 8 6 0 0 0 0 3 0 14 0 0 15 0 40 0 29 5 6 3 28 0 0 1 0 1 0 1 0 0 0 0 0 17 30 0 130 0 14 0 1 0 0 0 0 0 9 2 0 0 0 0 37 13 9 47 0 0 0 0 0 0 0 0 4 0 0 1 0 0 0 0 0 2 0 0 0 0 0 0 0 0 0 0 0 1 0 1 1 0 0 0 0 3 1 0 0 1 0 0 0 0 0 0 1 0 0 2 0 1 0 0 0 0 0 0 0 0 0 0 2 0 0 9 97 9 1 324 0 0 0 2 0 0 0 0 0 2 0 3 0 12 0 13 0 0 6 0 0 0 0 0 0 0 0 2 0 3 1 2 15 2 0 9 5 41 4 0 0 1 0 0 0 0 0 0 0 0 0 0 0 0 0 0 0 0 0 0 0 0 1 39 0 1 0 0 0 0 0 0 0 0 0 0 0 0 0 0 0 0 5 0 2 0 0 0 0 0 0 0 2 0 0 0 0 0 0 3 0 0 0 0 0 0 0 0 0 0 0 0 1 3 0 5
5 2310 15 0 0 0 0 0 5 1 0 0 0 0 0 0 1 0 0 0 0 9 0 0 0 0 0 0 0 0 0 0 0 0 0 0 0 0 0 0 4 0 0 10 0 3 0 0 0 0 0 0 0 0 0 0 0 0 0 5 2 0 6 0 0 0 0 0 0 0 0 0 0 0 0 0 0 0 0 0 0 0 0 0 0 0 0 3 0 0 0 0 0 0 0 0 0 0 0 0 0 0 0 0 0 0 0 0 0 0 0 0 0 0 0 0 0 0 0 0 0 0 0 0 0 0 0 0 0 0 2 1 0 0 3 0 0 0 0 0 0 0 0 0 0 0 0 0 1 0 1 0 0 0 0 0 0 0 0 0 0 0 0 0 1 0 0 0 0 0 0 0 0 2 0 0 0 0 0 0 0 0 0 0 0 0 0 0 0 0 0 0 0 0 0 0 0 0 0 0 0 0 0 0 0 0 0 0 0 0 0 0 0 0 0 0 0 0 0 0 0 0 0 0 0 0 0 0 0 0 0 0 0 0 0 0 1 0 0 0 0 0 0 0 0 0 0 0 0 0 0
6 2273 11 0 0 0 0 0 2 0 0 0 0 0 0 0 8 0 0 0 0 2 0 0 0 0 0 3 0 0 0 0 0 0 0 0 0 0 0 0 1 1 0 13 0 6 0 0 0 0 0 0 0 0 0 0 0 0 0 9 9 0 21 0 0 0 0 0 0 0 0 0 0 0 0 0 0 0 0 0 0 0 0 0 0 0 0 0 0 0 0 0 0 0 0 0 0 0 0 0 0 0 0 0 0 0 0 0 0 0 0 0 0 0 0 0 0 0 0 0 0 0 0 0 0 0 0 0 0 0 0 1 0 0 5 0 0 0 0 0 0 0 0 0 0 0 0 0 0 0 0 0 0 1 0 0 0 0 0 0 0 0 0 0 0 0 0 1 0 0 0 0 1 5 0 0 0 0 0 0 0 0 0 0 0 0 0 0 0 0 0 0 0 0 0 0 0 0 0 0 0 0 0 0 0 0 0 0 0 0 0 0 0 0 0 0 0 0 0 0 0 0 0 0 0 0 0 0 0 0 0 0 0 1 0 0 0 0 0 0 0 0 0 0 0 0 1 0 0 0 2
7 2444 20 0 0 0 0 0 0 0 0 0 0 0 0 0 0 0 0 0 0 4 0 0 0 0 0 2 0 0 0 0 0 0 0 0 0 0 0 0 4 0 0 7 0 0 0 0 0 0 0 0 0 0 0 0 0 0 0 12 8 0 14 0 0 0 1 0 0 0 0 0 0 0 0 0 0 0 0 0 0 0 0 0 0 0 0 0 0 0 0 0 0 0 0 0 0 0 0 0 0 0 0 0 0 0 0 0 0 0 0 0 0 0 0 0 0 0 0 0 0 0 0 0 0 1 0 0 0 0 3 2 0 0 3 0 0 3 0 0 0 0 0 0 2 0 0 0 2 0 0 0 0 0 0 0 0 0 0 0 0 0 0 0 0 0 0 0 0 0 0 1 0 1 0 0 1 0 0 0 0 0 0 0 0 0 0 0 0 0 0 0 0 0 0 0 0 1 0 0 0 0 0 0 0 0 0 0 0 0 0 0 0 0 0 0 0 0 0 0 0 0 0 0 0 0 0 0 0 0 0 0 0 0 0 0 0 0 0 0 0 0 0 0 0 0 0 1 0 0 0
8 4825 43 2 0 1 0 0 15 0 0 0 0 0 0 2 6 0 0 4 0 27 0 3 0 0 0 7 2 0 0 0 1 0 0 0 0 0 0 0 11 12 0 54 0 49 0 0 0 0 0 0 0 3 0 0 0 0 0 19 42 11 47 0 0 0 1 0 0 0 0 1 0 0 0 0 0 0 0 0 1 0 0 0 0 0 0 5 0 0 0 0 0 0 0 0 0 0 0 0 0 0 0 0 2 0 0 0 0 0 0 1 0 0 0 0 0 0 0 0 1 0 0 0 1 0 4 0 0 0 23 41 7 0 37 0 2 0 0 0 0 0 0 0 8 0 3 0 3 0 1 0 0 1 0 6 0 0 0 0 0 0 0 0 1 0 0 4 0 0 0 5 21 18 0 0 4 0 1 0 0 0 0 0 0 0 0 0 0 0 0 0 0 0 0 0 0 2 17 0 0 0 1 1 0 0 0 0 0 0 0 0 0 0 0 0 0 0 0 0 0 0 0 0 0 0 0 3 0 1 0 0 0 0 0 0 0 0 0 0 0 0 0 0 0 0 0 2 0 0 3
9 2369 8 0 0 0 0 0 2 0 0 1 0 0 0 0 0 0 0 0 0 11 0 0 0 0 0 3 0 0 0 0 0 0 0 0 0 0 0 0 1 0 0 9 0 17 0 0 0 0 0 0 0 0 0 0 0 0 0 6 10 1 10 0 0 0 0 0 0 0 0 0 0 0 0 0 0 0 0 0 0 0 0 0 0 0 0 1 0 0 0 0 0 0 1 0 0 0 0 0 0 0 0 0 0 0 0 0 1 0 0 0 0 0 0 0 0 0 0 0 0 0 0 0 0 1 0 0 0 0 3 13 1 0 2 0 0 0 0 0 0 0 0 0 10 0 0 0 0 0 0 0 0 0 0 5 0 0 0 0 0 0 0 0 0 0 0 1 1 0 0 4 4 3 0 0 0 0 0 0 0 0 0 0 0 0 0 0 0 0 0 0 0 0 0 0 0 0 4 0 0 0 0 0 0 0 1 0 0 0 0 0 0 0 0 0 0 0 0 0 0 0 0 0 0 0 0 1 0 0 0 0 0 0 0 0 0 0 0 0 0 0 0 0 0 0 0 0 0 0 0
10 2880 9 2 0 2 0 0 3 4 0 0 0 0 0 0 2 1 0 0 0 6 0 0 0 0 0 1 0 0 0 0 0 0 0 0 0 0 0 0 1 1 0 6 0 11 0 0 0 0 0 0 0 0 0 0 0 0 0 11 4 3 14 0 0 0 0 0 0 0 0 1 0 0 0 0 0 0 0 0 2 0 0 0 0 0 0 0 0 1 0 0 0 0 0 0 0 0 0 0 0 0 0 0 0 0 0 0 0 0 0 0 0 0 0 0 0 0 0 0 0 0 0 0 0 0 0 0 0 0 6 1 4 0 4 0 0 0 0 0 0 0 0 0 16 0 0 0 2 0 0 0 0 0 0 0 0 0 0 0 0 0 0 0 0 0 0 0 0 0 0 0 4 1 0 0 1 0 0 0 0 0 0 0 0 0 0 0 0 0 0 0 0 0 0 0 0 0 0 0 0 0 0 0 0 0 0 0 0 0 0 0 0 0 0 0 0 0 0 0 0 0 0 0 0 0 0 0 0 0 0 0 0 0 0 0 0 0 0 0 0 0 0 0 0 0 0 0 0 0 1
11 5153 24 3 0 0 0 0 7 1 0 0 0 0 0 0 6 0 0 0 0 14 0 0 0 1 0 7 0 0 0 0 0 0 0 0 0 0 0 0 8 2 0 13 0 7 0 0 0 0 0 0 0 0 0 0 0 1 0 6 9 5 21 0 0 0 0 0 0 0 0 1 0 0 0 0 0 0 1 0 2 0 0 0 0 0 0 0 0 0 0 0 0 0 0 0 0 0 0 0 0 0 0 0 0 0 0 0 0 0 0 0 0 0 0 0 0 0 0 3 1 0 0 0 0 1 0 2 0 0 5 21 12 0 38 0 0 0 0 0 0 0 0 0 6 0 0 0 1 0 0 0 0 0 0 0 0 0 0 0 0 0 0 0 0 0 0 0 0 0 2 1 9 1 0 0 0 0 0 0 0 0 0 0 0 0 0 0 0 0 0 0 0 0 0 0 0 1 3 0 0 0 0 0 0 0 0 0 0 0 0 0 0 0 0 0 1 0 0 1 0 0 1 0 0 0 0 1 0 0 0 0 0 0 0 0 0 0 0 0 0 0 0 0 0 0 0 0 0 0 1
12 4962 26 4 0 2 0 0 3 3 0 0 0 0 0 0 1 0 0 0 0 15 0 0 0 0 0 3 0 0 0 0 1 0 0 0 0 0 0 0 6 10 0 9 0 15 0 0 0 0 0 0 0 0 0 0 0 0 0 10 30 19 9 0 0 0 0 0 0 0 0 0 1 0 0 0 0 0 0 0 1 0 0 0 0 0 0 1 0 0 0 0 0 0 0 0 0 0 0 0 0 0 0 0 0 0 0 0 0 0 0 0 0 0 0 0 0 0 0 0 0 0 0 0 0 0 0 0 0 0 2 10 0 4 11 0 0 0 0 0 0 0 0 0 2 0 0 0 0 0 0 0 0 0 2 0 0 0 0 0 0 0 0 0 3 0 0 1 0 0 3 0 27 6 0 0 2 0 0 0 0 0 0 0 0 0 0 0 0 0 0 0 0 0 0 0 0 0 6 0 0 0 0 0 0 0 0 0 0 0 0 0 0 0 0 0 0 0 0 0 0 0 0 0 0 0 0 0 0 0 0 0 0 0 0 0 0 0 0 0 0 0 0 0 0 0 0 0 0 0 3
13 4789 23 2 0 0 0 0 2 2 0 0 0 0 0 0 4 0 0 0 0 11 0 0 0 0 1 2 0 0 0 0 0 0 0 1 0 0 0 1 8 2 1 11 0 17 0 1 0 0 0 0 0 0 0 0 0 0 0 15 27 13 17 0 0 0 0 0 0 0 0 2 0 0 0 0 0 0 0 0 0 0 0 0 0 0 0 0 0 0 0 0 0 0 0 0 0 0 0 0 0 0 0 0 0 0 0 0 0 0 0 1 0 0 0 0 0 0 0 0 0 0 0 0 0 0 0 0 0 3 3 5 0 0 13 0 0 1 0 0 0 0 0 0 0 1 1 0 0 0 1 0 0 0 0 0 0 0 0 0 0 0 0 0 5 0 0 2 0 0 2 0 5 16 0 0 5 0 0 0 0 0 0 0 0 0 0 0 0 0 0 0 0 0 0 0 0 0 3 0 0 0 0 0 0 0 0 0 0 0 0 0 0 0 0 0 0 0 0 1 0 0 0 0 0 0 0 0 0 0 0 0 0 2 0 0 0 1 0 0 0 0 0 0 0 0 0 1 0 0 0
14 4324 51 4 0 1 0 0 20 7 0 4 0 0 0 0 14 1 0 11 0 51 0 9 3 0 0 29 0 0 0 0 1 0 1 0 0 0 0 1 18 38 2 140 0 78 0 2 0 0 0 0 0 2 1 0 0 0 0 57 47 13 65 0 0 0 0 0 0 2 0 1 0 0 0 0 0 0 0 0 0 0 0 0 0 0 0 1 0 0 0 0 1 0 0 0 0 0 0 0 4 0 0 0 1 0 0 2 1 1 0 1 0 0 0 0 0 0 0 0 0 0 0 0 0 0 0 0 0 0 29 65 2 4 175 0 0 0 2 0 0 3 0 0 7 1 1 0 8 0 15 0 0 5 2 0 0 0 0 0 0 0 0 0 3 3 1 9 0 0 4 8 25 61 0 0 10 0 0 0 0 0 0 0 0 0 0 0 1 0 0 0 1 0 0 0 0 2 23 0 0 0 0 0 0 0 2 0 0 0 0 0 2 0 0 0 0 0 0 1 0 1 0 0 0 0 4 6 0 0 4 0 0 1 0 1 1 1 0 0 0 0 0 0 0 0 0 1 1 0 10
15 4926 49 1 0 0 0 0 13 0 0 3 0 0 1 0 8 0 0 0 0 19 0 2 0 1 0 10 0 0 0 0 0 0 0 0 0 0 0 0 20 18 2 72 0 13 0 1 0 0 0 0 0 1 0 0 0 1 0 17 45 18 25 0 0 0 0 0 0 0 0 3 0 0 0 0 0 0 0 0 1 0 0 0 0 0 0 0 0 0 0 0 0 0 0 0 0 0 0 0 2 0 0 0 0 0 0 0 0 0 0 0 0 0 0 0 0 0 0 1 1 0 0 0 0 1 0 1 0 0 18 29 9 9 25 0 0 0 1 0 0 0 1 0 6 0 4 0 0 0 0 0 0 0 1 1 0 0 0 0 0 0 0 0 2 1 0 1 0 0 2 8 9 42 0 0 3 0 0 0 0 0 0 0 0 0 0 0 0 0 0 0 0 0 0 0 0 9 8 0 0 0 0 0 0 0 0 0 0 0 0 0 0 0 0 0 0 0 0 2 0 0 0 0 0 0 0 0 0 0 0 0 0 1 0 0 0 0 0 0 0 0 0 0 0 0 0 0 0 0 1
16 3878 40 2 0 0 0 2 18 6 0 0 0 0 0 0 17 0 0 0 0 36 0 5 0 0 0 14 0 0 1 0 2 0 1 0 0 0 0 0 41 19 0 87 0 31 0 1 0 0 0 0 0 3 0 0 0 1 0 41 33 9 35 0 0 0 0 0 0 0 0 0 0 0 0 0 0 0 0 0 0 0 0 0 0 0 0 3 0 0 0 0 0 0 0 0 0 0 0 0 1 0 1 0 0 0 0 1 0 0 0 0 0 0 0 0 0 0 0 0 0 0 0 0 1 0 0 0 0 0 15 33 0 0 83 0 0 0 0 1 0 1 0 0 3 0 4 0 7 0 3 0 0 1 1 18 0 0 0 0 0 0 0 0 0 0 0 3 0 0 0 1 20 29 0 0 2 0 0 0 0 0 0 0 0 0 0 0 0 0 1 0 0 0 0 0 0 0 21 0 0 0 0 0 0 0 0 0 0 0 0 1 0 0 0 0 0 0 0 0 0 0 0 0 0 0 0 6 0 0 0 0 1 0 0 0 0 0 0 0 0 0 0 0 0 0 0 0 0 0 4
17 4944 53 1 0 0 0 0 13 0 0 1 0 0 0 0 3 0 0 1 0 39 0 3 0 0 0 25 0 0 0 0 2 0 1 0 1 0 0 0 7 21 0 102 0 26 0 1 0 0 0 0 0 3 0 0 0 1 0 25 14 3 47 0 0 0 0 0 0 0 0 0 0 0 0 0 0 0 1 0 6 0 0 0 0 0 0 2 0 0 0 0 0 0 0 0 0 0 0 0 0 0 0 0 1 0 0 0 0 0 1 1 0 0 1 0 0 0 0 0 0 0 0 0 0 0 0 0 1 0 7 26 0 8 37 0 1 0 0 0 0 2 0 0 6 0 1 0 3 0 0 0 0 3 1 0 0 0 0 0 0 0 0 0 6 1 0 2 0 0 1 7 13 9 0 0 1 0 0 0 0 0 0 0 0 0 0 0 0 0 0 0 0 0 0 0 0 0 16 0 0 0 0 0 0 0 0 0 0 0 0 0 0 0 0 0 0 0 0 2 0 0 0 0 0 0 0 0 0 0 0 0 0 0 0 0 0 0 0 0 0 0 0 0 0 0 0 0 0 0 1
18 2589 8 0 0 0 0 0 2 1 0 1 0 0 0 0 1 0 0 0 0 7 0 1 0 0 0 1 0 0 0 0 0 0 0 0 0 0 0 0 2 2 0 5 0 3 0 0 0 0 0 0 0 0 0 0 0 3 0 3 1 1 7 0 0 0 0 0 0 0 0 0 0 0 0 0 0 0 0 0 0 0 0 0 0 0 0 0 0 0 0 0 0 0 0 0 0 0 0 0 0 0 0 0 0 0 0 0 0 0 0 0 0 0 0 0 0 0 0 0 0 0 0 0 0 0 0 0 0 0 1 1 0 0 7 0 0 0 1 0 0 0 0 0 16 0 0 0 1 0 0 0 0 0 0 0 0 0 0 0 0 0 1 0 1 0 0 3 0 0 0 0 0 0 0 0 0 0 1 0 0 0 0 0 0 0 0 0 0 0 0 0 0 0 0 0 0 0 0 0 0 0 0 0 0 0 0 0 0 0 0 0 0 0 0 0 0 0 0 0 0 0 0 0 0 0 0 0 0 0 0 0 0 1 0 0 0 0 0 0 0 0 0 0 0 0 0 0 0 0 11
19 5634 19 2 0 0 1 0 5 1 0 0 0 0 0 2 1 0 0 0 0 12 0 0 0 0 0 1 0 0 1 0 0 0 0 0 0 0 0 0 4 4 0 13 0 45 1 0 0 0 0 0 0 0 0 0 0 1 0 6 10 2 12 0 0 0 0 0 0 0 0 0 0 0 0 0 0 0 0 0 0 0 0 0 0 0 0 2 0 0 0 0 0 0 0 0 0 0 0 0 0 0 0 0 0 0 0 0 0 0 0 0 0 0 0 0 0 0 0 0 0 0 0 0 0 0 0 0 0 0 6 14 0 11 10 0 0 0 0 0 0 0 0 0 11 0 0 0 2 0 0 0 0 0 1 0 0 0 0 0 0 0 0 0 0 0 0 2 0 0 1 1 14 4 0 0 0 0 0 0 0 0 0 0 0 0 0 0 0 0 0 0 0 0 0 0 0 0 12 0 0 0 0 0 0 0 0 0 0 0 0 0 0 0 0 0 0 0 0 0 0 2 0 0 0 0 0 0 0 1 0 0 0 0 1 1 0 0 0 0 0 0 0 0 0 0 0 1 0 0 1
20 4954 12 2 0 0 0 0 2 1 0 0 0 0 0 0 4 0 0 0 0 6 0 0 0 0 0 1 0 0 0 0 0 0 0 0 0 0 0 0 1 4 0 14 0 19 0 0 0 0 0 0 0 1 0 0 0 0 0 12 4 1 18 0 0 0 1 0 0 0 0 1 0 0 0 0 0 0 0 0 0 0 0 0 0 0 0 0 0 0 0 0 0 0 0 0 0 0 0 0 0 0 0 0 0 0 0 0 0 0 0 1 0 0 0 0 0 0 0 0 0 0 0 0 0 0 0 0 0 0 5 11 0 3 16 0 0 0 0 0 0 0 0 0 5 0 0 0 0 0 0 0 0 3 0 0 0 0 0 0 0 0 0 0 1 0 0 2 0 0 0 0 4 5 0 0 0 0 0 0 0 0 0 0 0 0 0 0 0 0 0 0 0 0 0 0 0 0 1 0 0 0 0 0 0 0 0 0 0 0 0 0 0 0 0 0 0 0 0 1 0 0 0 0 0 0 0 1 0 0 0 0 0 0 0 0 1 0 0 0 0 0 0 0 0 0 0 0 0 0 4
21 5134 60 3 0 0 1 5 15 6 0 0 0 0 0 0 5 0 0 3 0 45 0 2 0 0 0 37 0 0 0 0 2 0 1 0 0 0 0 0 13 9 0 43 0 56 0 0 0 0 0 0 0 5 0 0 0 0 0 34 47 8 55 0 0 0 0 0 0 1 0 1 0 0 0 0 0 3 0 0 6 0 0 0 0 0 0 0 0 0 0 0 0 0 1 0 0 0 0 0 3 0 0 0 0 0 0 0 0 0 0 0 0 1 0 0 0 0 0 0 0 0 0 0 0 0 0 0 2 0 14 93 23 1 43 0 0 0 1 0 0 0 0 0 5 2 1 0 3 0 2 0 0 7 0 0 0 0 1 0 1 0 0 0 5 1 0 6 0 0 1 4 22 46 0 0 9 0 0 0 0 0 0 0 0 0 0 0 0 0 0 0 0 0 0 0 0 2 26 0 0 0 0 0 1 0 0 0 0 0 0 0 0 0 0 2 0 0 0 0 0 0 0 0 0 0 0 1 0 0 0 0 0 2 0 0 0 0 0 0 0 0 0 0 0 0 0 0 0 0 6
22 4945 42 0 0 6 0 0 15 5 0 2 0 0 0 1 18 0 0 0 0 22 0 2 0 0 0 18 0 0 1 0 2 0 0 0 0 0 0 3 6 20 0 18 0 90 0 0 0 0 0 0 0 3 0 0 0 0 0 31 46 11 27 0 0 0 0 0 0 2 0 3 0 0 0 0 0 0 0 0 1 0 0 0 0 0 0 0 0 0 0 0 0 0 0 0 0 0 0 0 2 0 0 0 0 0 0 1 1 0 0 0 0 0 0 0 0 0 0 0 0 0 0 0 1 0 0 0 0 0 11 63 6 31 43 0 1 0 0 0 0 0 2 0 14 1 0 0 2 0 4 0 0 5 0 3 0 0 0 0 0 0 0 0 0 0 0 7 0 0 3 11 29 34 0 0 6 0 0 0 1 0 0 0 0 0 0 0 0 0 0 0 0 0 0 0 0 1 31 0 0 0 0 0 0 0 0 0 0 0 0 0 0 0 9 0 0 1 0 8 1 0 0 0 0 0 0 0 0 0 0 0 0 0 0 0 3 0 0 0 0 0 0 0 0 0 0 0 0 0 5
23 5133 35 1 0 1 0 0 11 4 1 1 0 0 0 0 3 0 0 3 0 42 0 3 0 0 0 10 0 0 0 0 2 0 0 0 0 0 0 1 14 14 0 56 0 56 0 1 0 0 0 0 0 3 0 0 0 0 0 24 36 7 29 0 0 0 1 0 0 0 0 0 0 0 0 0 0 0 0 0 3 0 0 0 0 0 0 2 2 0 0 0 0 0 0 0 0 1 0 0 1 0 0 0 0 0 0 1 0 1 1 0 0 0 0 0 0 0 0 0 1 0 0 0 0 0 0 0 0 0 16 40 7 18 162 0 1 0 0 0 0 0 0 0 3 0 5 0 2 1 2 0 0 6 0 1 0 0 0 0 0 0 0 0 3 3 0 3 0 0 2 2 14 40 0 0 7 0 0 0 0 0 0 0 0 0 0 0 0 0 0 0 0 0 0 0 0 0 21 0 0 0 0 0 0 0 0 0 0 0 0 0 0 0 0 6 0 0 0 0 0 0 0 0 1 0 0 3 0 0 0 1 0 1 0 0 1 0 0 0 0 0 0 0 0 0 0 0 0 0 5
24 5107 19 4 0 0 0 0 1 3 0 1 0 0 0 0 0 0 0 0 0 3 1 1 0 0 0 6 0 0 0 0 0 0 0 0 0 0 0 0 2 3 0 15 0 4 0 1 0 0 0 0 0 0 0 0 0 4 0 18 7 7 13 0 0 0 0 0 0 0 0 0 0 0 0 0 0 0 0 0 1 0 0 0 0 0 0 0 1 0 0 0 0 0 0 0 0 0 0 0 0 0 0 0 0 0 0 0 0 0 0 0 0 0 0 0 0 0 0 0 0 0 0 0 0 0 0 0 0 0 6 9 0 0 21 0 0 0 0 0 0 0 0 0 16 0 0 0 4 0 0 0 0 0 0 1 0 0 0 0 0 0 0 0 0 0 0 3 0 0 1 3 3 1 0 0 0 0 0 0 0 0 0 0 0 0 0 0 0 0 0 0 0 0 0 0 0 4 3 0 0 0 0 0 0 0 0 0 0 0 0 0 0 0 0 0 0 0 0 0 0 0 0 0 0 0 0 1 0 0 0 0 0 0 0 0 0 0 0 0 0 0 0 0 0 0 0 0 0 0 4
25 6087 26 1 0 1 0 0 7 0 0 0 0 0 0 1 8 0 0 0 0 17 0 1 0 0 0 7 0 0 0 0 1 0 0 0 0 0 0 0 6 3 0 29 0 39 0 0 0 0 0 0 0 1 0 1 0 0 0 28 38 2 20 0 0 0 0 0 0 0 0 0 0 0 0 0 0 0 0 0 0 0 0 0 0 0 0 0 0 0 0 0 0 0 0 0 0 0 0 0 0 0 0 0 1 0 0 0 0 0 0 0 0 1 0 0 0 0 0 0 0 0 0 0 0 0 0 0 0 0 4 34 0 4 16 0 2 0 0 0 4 0 0 0 6 0 1 0 3 0 0 0 0 0 0 2 0 0 0 0 0 0 0 0 4 0 0 9 0 0 0 1 13 7 0 0 0 0 0 0 0 0 0 0 0 0 0 0 0 0 0 0 0 1 0 0 0 1 4 0 0 0 0 0 0 0 0 0 0 0 0 0 0 0 0 0 0 0 0 1 0 0 0 0 0 0 0 1 0 0 0 1 0 0 0 0 0 0 0 0 0 0 0 0 0 0 0 0 0 0 1
26 2417 14 0 0 0 0 0 1 0 0 0 0 0 0 0 0 0 0 0 0 1 0 0 0 0 0 1 0 0 0 0 0 0 0 0 0 0 0 0 0 0 0 1 0 0 0 0 0 0 0 0 0 0 0 0 0 0 0 3 4 1 8 0 0 0 0 0 0 0 0 0 0 0 0 0 0 0 0 0 0 0 0 0 0 0 0 0 0 0 0 0 0 0 0 0 0 0 0 0 0 0 0 0 0 0 0 0 0 0 0 0 0 0 0 0 0 0 0 0 0 0 0 0 0 0 0 0 0 0 0 6 2 0 4 0 0 0 0 0 0 0 0 0 0 0 0 0 0 0 0 0 0 0 0 0 0 0 0 0 0 0 0 0 0 0 0 0 0 0 0 0 1 0 0 0 0 0 0 0 0 0 0 0 0 0 0 0 0 0 0 0 0 0 0 0 0 0 9 0 0 0 0 0 0 0 0 0 0 0 0 0 0 0 0 0 0 0 0 0 0 0 0 0 0 0 0 0 0 0 0 0 0 0 0 0 0 0 0 0 0 0 0 0 0 0 0 0 0 0 0
27 5392 16 2 0 0 0 0 4 4 0 0 0 0 0 1 2 0 0 0 0 6 0 1 0 0 0 0 0 0 0 0 1 0 0 0 0 0 0 0 6 5 0 17 0 34 0 4 0 0 0 0 0 0 0 0 0 1 0 7 24 12 22 0 0 0 0 0 0 0 0 0 0 0 0 0 0 0 0 0 0 0 0 0 0 0 0 0 0 0 0 0 0 0 0 2 0 0 0 0 0 0 0 0 0 0 0 0 0 0 0 0 0 0 1 0 0 0 0 0 0 0 0 0 0 0 0 0 0 0 4 3 0 7 1 0 0 0 0 0 0 0 0 0 19 2 0 0 1 0 0 0 0 0 0 0 0 0 0 0 0 0 0 0 0 0 0 0 0 0 0 0 9 3 0 0 0 0 0 0 0 0 0 0 0 0 0 0 0 0 0 0 0 0 0 0 0 0 4 0 0 0 0 0 0 0 0 0 0 0 0 0 1 0 0 0 0 0 0 0 0 0 0 0 0 0 0 0 0 0 0 0 0 0 0 0 0 0 0 0 0 0 0 0 0 0 0 0 0 0 2
28 3878 14 4 0 0 0 0 4 0 0 0 0 0 0 0 1 0 0 0 0 6 0 3 0 0 0 12 0 0 0 0 0 0 0 0 0 0 0 0 4 0 2 16 0 6 0 0 0 0 0 0 0 0 0 0 0 0 0 5 11 7 14 0 0 0 0 0 0 0 0 0 0 0 0 0 0 0 0 0 2 0 0 0 0 0 0 0 0 0 0 0 0 0 0 0 0 0 0 0 0 0 1 0 0 0 0 0 0 0 0 0 0 0 0 0 0 0 0 0 0 0 0 0 0 0 0 0 0 0 5 16 12 0 16 0 0 0 0 0 0 0 0 0 4 0 3 0 0 0 0 0 0 0 0 0 0 0 1 0 0 0 0 0 1 0 0 2 0 0 0 1 9 4 0 0 0 0 0 0 0 0 0 0 0 0 0 0 3 0 0 0 0 0 0 0 0 0 2 0 0 0 0 0 0 0 0 0 0 0 0 0 0 0 0 0 0 0 0 0 0 0 0 0 0 0 0 2 0 0 0 0 0 0 0 0 0 0 0 0 0 0 0 0 0 0 0 0 0 0 2
29 5014 18 0 0 0 0 0 2 3 0 0 0 0 0 1 4 0 0 0 0 19 0 1 0 2 0 15 0 0 2 0 0 0 2 0 0 0 0 1 5 13 0 18 0 72 0 0 0 0 0 0 0 2 0 0 0 0 0 23 41 7 15 0 0 0 2 0 0 0 0 0 0 0 0 0 0 0 0 0 0 0 0 0 0 0 0 1 0 0 0 0 0 0 0 0 0 0 0 0 0 0 0 0 0 0 0 0 0 1 0 0 0 0 0 0 0 0 0 0 1 0 0 0 0 0 0 0 0 1 16 27 15 30 39 0 0 0 0 0 0 0 0 0 12 0 2 0 0 0 1 0 0 0 0 0 0 0 0 0 0 1 0 0 0 2 1 0 0 0 1 0 30 42 0 0 3 0 0 0 0 0 0 0 0 0 0 0 0 0 0 0 0 0 0 0 0 6 7 0 0 0 0 0 0 0 0 0 0 0 0 1 0 0 0 1 0 0 0 2 0 0 0 0 0 0 0 0 0 0 0 0 0 0 0 0 0 0 0 0 0 0 0 0 0 0 0 0 0 0 4
30 2546 10 0 0 0 0 0 1 0 0 0 0 0 0 0 0 0 0 0 0 8 0 0 0 0 0 1 0 0 0 0 0 0 0 0 1 0 0 0 2 0 0 3 0 1 0 0 0 0 0 0 0 0 0 0 0 0 0 7 4 7 4 0 0 0 0 0 0 0 0 1 0 0 0 0 0 0 0 0 0 0 0 0 0 0 0 0 0 0 0 0 0 0 0 0 0 0 0 0 0 0 0 0 0 0 0 0 0 0 0 0 0 0 0 0 0 0 0 0 0 0 0 0 0 0 0 0 0 0 3 5 0 0 6 0 1 0 0 0 0 0 0 0 4 0 0 0 0 0 0 0 0 0 0 0 0 0 0 0 0 0 0 0 1 0 0 0 0 0 0 1 4 2 0 0 0 0 0 0 0 0 0 0 0 0 0 0 0 0 0 0 0 0 0 0 0 0 0 0 0 0 0 0 0 0 0 0 0 0 0 0 0 0 0 0 0 0 0 0 0 0 0 0 0 0 0 1 0 0 0 0 0 0 0 0 0 0 0 0 0 0 0 0 0 0 0 0 0 0 0
31 4703 30 4 0 0 0 0 1 5 0 1 0 0 0 0 2 0 0 0 0 22 0 2 1 0 0 12 0 0 0 0 0 0 0 0 1 0 0 0 2 14 0 20 0 64 0 0 0 0 0 0 0 2 0 0 0 0 0 10 128 12 26 0 0 0 0 0 0 1 0 2 0 0 0 0 0 0 0 0 7 0 0 0 0 0 0 1 0 0 0 0 0 0 2 0 0 0 0 0 2 0 0 0 1 0 0 0 1 0 0 2 0 0 0 0 0 0 0 0 0 0 0 0 0 0 0 0 1 0 21 39 10 13 16 0 0 0 0 0 0 0 1 0 2 0 0 0 2 0 0 0 0 0 1 0 0 0 0 0 0 0 0 0 0 0 0 6 0 0 0 12 19 64 0 0 15 0 0 0 0 0 0 0 0 0 0 0 0 0 0 0 0 0 0 0 0 7 2 0 0 0 0 0 0 0 0 0 0 0 0 0 0 0 0 0 0 0 0 0 0 0 0 0 0 0 0 0 0 0 0 0 0 0 0 0 2 0 0 0 0 0 0 0 0 0 0 0 0 0 1
32 4893 68 0 0 0 0 0 24 9 1 1 0 0 0 0 10 2 0 3 0 48 0 7 1 1 0 27 0 0 0 0 2 0 0 0 0 0 0 0 23 49 0 109 0 71 0 3 0 0 0 0 0 1 0 0 0 3 0 43 51 20 38 0 0 0 0 0 0 0 0 0 0 0 0 0 0 0 0 0 4 0 1 0 0 0 0 1 1 0 0 0 1 0 0 0 0 0 0 0 3 0 0 0 0 0 0 0 0 0 0 1 0 0 1 0 0 0 0 0 3 0 0 0 1 1 0 1 1 1 28 34 12 18 90 0 0 0 0 0 0 1 1 0 9 1 7 0 5 0 6 0 0 1 1 3 0 0 0 0 0 0 0 0 6 1 0 8 0 0 8 5 19 82 0 0 0 0 1 0 1 0 0 0 0 0 1 0 0 0 0 0 1 0 0 0 0 2 21 0 0 0 0 0 0 0 0 0 0 0 0 0 0 0 0 1 0 0 0 3 0 0 1 0 0 0 0 3 0 0 0 0 0 4 0 0 0 0 1 0 0 0 0 0 0 0 0 2 0 0 3
33 5637 10 2 0 2 0 0 5 0 0 0 0 0 0 0 4 0 0 0 0 12 0 0 0 0 0 6 0 0 0 0 0 0 0 0 0 0 0 1 6 5 0 11 0 11 0 0 0 0 0 0 0 0 0 0 0 1 0 16 19 6 14 0 0 0 0 0 0 0 0 0 0 0 0 0 0 0 0 0 0 0 0 0 0 0 0 0 0 0 0 0 0 0 0 2 0 0 0 0 1 0 0 0 0 0 0 0 0 0 0 0 0 0 0 0 0 0 0 0 0 0 0 0 0 1 0 0 0 0 5 19 0 1 9 0 0 0 0 0 0 0 0 0 17 1 6 0 1 0 0 0 0 0 0 0 0 0 0 0 0 0 0 0 0 0 0 0 0 0 0 0 7 8 0 0 1 0 0 0 0 0 0 0 0 0 0 0 0 0 0 0 0 0 0 0 0 0 1 0 0 0 0 0 0 0 0 0 0 0 0 0 0 0 0 0 0 0 0 1 0 0 0 0 0 0 0 0 0 0 0 0 0 1 0 0 0 0 0 0 0 0 0 0 0 0 0 0 0 0 4
34 5632 43 0 0 0 0 0 7 6 0 4 0 0 0 0 6 1 0 5 0 57 0 9 0 1 0 17 0 0 0 0 2 0 0 0 0 0 0 0 17 18 0 56 0 75 0 2 0 0 0 0 0 0 0 0 0 0 0 24 48 13 49 0 0 0 2 0 0 0 0 0 0 0 0 2 0 0 0 0 1 0 0 0 0 0 0 2 0 0 0 0 0 0 1 0 0 0 0 0 5 1 0 0 1 0 0 0 0 0 0 0 0 0 0 0 0 0 0 0 0 0 0 0 0 0 1 2 0 0 16 49 9 13 147 0 1 0 0 0 0 0 1 0 4 1 6 0 1 0 1 0 0 3 0 1 0 0 0 0 0 0 0 0 4 0 1 4 0 0 4 2 30 36 0 0 2 0 0 0 0 0 0 0 0 0 0 0 0 0 0 0 0 0 0 0 0 1 12 0 0 0 0 0 0 0 0 0 0 0 0 0 0 0 0 0 0 0 0 5 0 0 0 0 0 0 0 1 0 1 0 0 0 1 0 0 1 0 0 0 0 0 0 0 0 0 0 0 0 0 1
35 4643 44 2 0 0 0 0 9 0 0 4 1 0 0 0 2 0 0 1 0 27 0 3 0 0 0 14 0 0 0 0 2 0 0 0 0 0 0 0 24 14 0 41 0 17 0 1 0 0 0 0 0 0 0 0 0 2 0 32 30 10 26 0 0 0 0 0 0 0 0 0 0 0 0 0 0 0 0 0 1 0 0 0 0 0 0 2 0 0 0 0 0 0 0 0 0 0 0 0 8 0 0 0 0 0 0 0 0 0 0 0 0 0 0 0 0 0 0 0 3 0 0 0 0 0 0 0 0 0 24 109 11 16 41 0 0 0 0 0 0 0 0 0 46 1 0 0 1 0 3 0 0 1 1 0 0 0 0 0 0 0 0 0 6 0 0 2 0 0 0 2 20 32 0 0 2 0 1 0 0 0 0 0 0 0 0 0 0 0 0 0 0 0 0 0 0 6 15 0 0 0 0 0 0 0 0 0 0 0 0 0 0 0 0 0 0 0 0 0 0 0 0 0 0 0 5 0 0 0 7 0 0 0 0 0 0 0 0 0 0 0 0 0 0 0 0 8 0 0 1
36 4595 57 4 0 0 0 1 27 6 3 1 0 0 0 0 14 0 0 3 0 60 0 7 1 1 0 27 0 0 2 0 5 0 0 0 0 0 0 0 33 35 1 105 0 82 0 1 0 0 0 0 0 8 1 0 0 1 0 59 34 13 72 0 0 0 0 1 0 1 0 3 0 0 0 0 0 0 0 0 5 0 1 0 0 0 0 1 1 0 0 0 1 0 0 0 0 0 0 0 2 0 0 0 0 0 0 0 0 0 0 0 0 0 0 0 0 0 0 0 0 0 0 0 0 4 0 0 1 0 19 70 4 12 206 0 0 0 0 0 0 2 1 0 4 5 3 0 12 0 9 0 0 11 0 2 0 0 0 0 0 0 1 0 13 7 0 20 0 0 5 2 22 16 0 0 2 0 0 0 0 0 0 0 0 0 0 0 0 0 0 0 2 0 0 0 0 2 12 0 0 0 0 0 0 0 0 0 0 0 0 0 0 0 0 0 0 0 0 7 0 0 1 0 0 0 0 2 0 0 1 0 0 0 0 0 4 0 0 0 0 0 0 0 0 0 0 3 0 0 8
37 9176 183 13 0 2 0 0 48 35 0 5 0 0 8 2 16 0 0 4 0 166 0 16 8 1 0 40 0 0 0 3 4 0 1 0 0 0 0 0 50 59 1 263 0 168 0 3 4 2 0 0 0 6 0 1 0 0 0 171 481 119 167 0 0 0 0 0 0 19 0 28 7 0 0 3 0 0 0 0 6 0 0 0 0 0 0 5 0 2 0 0 3 0 2 1 0 0 0 0 4 0 0 0 0 0 0 0 2 1 0 7 0 8 1 1 0 0 0 0 1 0 0 0 2 16 1 3 0 1 127 150 553 63 104 3 0 11 2 2 0 0 0 0 10 3 16 0 4 5 7 4 0 1 4 1 0 0 3 0 0 0 1 3 11 0 1 9 0 0 19 33 1470 927 0 1 349 0 6 0 0 0 0 2 0 0 9 5 1 2 1 0 0 0 401 55 0 230 65 1 0 0 0 0 0 0 3 0 0 0 1 0 0 0 3 0 1 1 0 3 1 1 0 0 0 0 28 15 0 0 1 2 0 7 0 0 12 2 0 0 0 0 63 25 0 0 0 1 0 6 24
38 10959 87 5 0 1 0 0 7 16 0 1 0 0 1 0 5 0 0 2 0 78 0 0 1 0 0 8 0 0 0 0 1 0 0 0 0 0 0 0 7 48 0 40 0 368 0 1 0 0 0 0 0 19 0 0 0 0 0 57 125 12 37 0 0 0 1 1 0 1 0 5 4 0 0 0 0 1 0 0 1 0 0 0 0 0 0 0 0 1 0 0 0 0 1 0 0 0 0 0 0 0 1 0 3 0 0 0 0 1 0 8 0 1 1 0 0 0 0 0 0 0 0 0 0 0 0 0 0 0 36 111 20 30 24 0 1 0 2 0 0 0 0 0 13 2 5 0 1 0 8 0 0 0 4 3 0 0 0 0 0 0 0 0 5 0 0 2 2 0 4 17 108 60 0 0 27 0 0 0 0 0 0 0 0 0 0 0 2 0 3 0 0 0 8 1 0 11 14 0 0 0 0 0 0 0 1 0 0 0 0 0 0 0 0 0 0 0 0 0 0 0 0 0 0 0 2 0 0 0 1 1 0 6 0 1 0 0 0 5 2 0 2 0 0 0 0 19 0 0 4
39 10985 116 12 0 2 0 0 19 14 0 2 0 0 0 0 3 0 0 1 0 90 0 4 0 2 0 27 0 0 1 0 0 0 0 0 0 0 0 8 16 57 4 93 0 175 0 0 0 0 0 0 0 3 0 0 0 1 0 69 150 32 80 0 0 2 3 0 0 0 0 2 0 0 0 0 0 1 0 0 0 0 0 0 1 0 0 3 1 0 0 0 2 0 1 0 0 0 0 0 3 0 0 0 5 0 0 0 0 1 0 1 0 0 1 0 0 0 0 0 0 0 0 0 0 4 0 1 1 0 48 78 30 18 32 0 1 1 1 0 0 0 0 0 32 1 3 0 6 0 1 0 0 2 0 0 0 0 0 0 0 0 0 0 14 0 4 9 0 0 1 2 56 39 0 0 19 0 0 0 0 0 0 0 0 0 0 0 0 0 0 0 0 0 7 0 0 1 12 0 0 1 0 0 0 0 1 0 0 0 0 0 0 0 0 0 0 2 0 5 1 1 1 0 0 0 0 5 0 0 0 0 0 1 0 0 0 1 0 0 0 0 6 0 0 0 0 2 0 0 4
40 11444 233 16 0 5 0 1 33 12 0 0 0 1 2 0 8 0 0 7 0 118 0 5 24 5 0 48 0 0 0 2 4 0 2 0 0 0 0 0 54 50 0 151 0 96 0 4 0 0 0 0 0 6 0 0 0 2 1 91 153 65 163 0 0 0 1 1 0 4 0 5 7 0 0 2 0 0 0 0 12 0 1 0 0 0 0 1 0 0 0 0 1 0 0 0 0 0 0 0 8 0 1 0 2 0 0 0 0 1 1 6 0 1 1 0 3 0 0 0 1 0 0 1 0 0 1 3 2 0 51 147 67 42 90 5 1 1 1 0 0 1 2 0 10 0 7 0 1 0 7 2 0 6 5 5 0 0 1 1 0 0 0 0 14 1 0 8 0 0 7 18 173 123 0 0 62 0 0 0 0 0 0 0 0 0 0 0 1 1 0 0 0 0 12 2 0 33 31 0 1 0 0 1 0 0 2 0 0 1 0 0 0 0 3 0 5 2 0 11 0 2 0 0 0 0 8 3 0 0 0 3 0 2 0 0 0 0 0 0 0 0 0 0 0 0 1 0 0 0 14
41 10737 67 7 0 1 0 1 3 9 0 0 0 0 0 0 3 0 0 0 0 30 0 0 0 0 0 5 0 0 1 0 0 0 0 0 0 0 0 0 2 11 0 17 0 87 0 0 0 0 0 0 0 3 0 0 0 1 0 27 159 34 28 0 0 0 0 0 0 0 1 1 1 0 0 0 0 0 0 0 0 0 0 0 0 0 0 0 0 0 0 0 4 0 2 0 0 0 0 0 0 0 0 0 0 0 0 0 0 0 0 0 0 0 0 0 0 0 0 0 1 0 0 0 0 2 0 1 0 0 30 45 20 16 32 3 0 0 0 0 0 0 0 0 1 1 4 0 1 0 2 0 0 2 0 0 0 0 0 0 0 0 0 0 1 0 8 2 1 0 0 1 58 33 0 0 9 0 0 0 0 0 0 0 0 0 1 0 0 0 3 0 0 0 12 0 0 8 7 0 6 0 0 0 0 0 0 0 0 0 0 0 0 0 0 1 0 0 0 2 0 8 0 0 0 0 0 0 0 0 0 0 0 0 0 0 0 2 0 1 0 0 0 0 0 0 0 1 0 0 8
42 9992 67 1 0 3 0 2 8 29 0 1 0 0 1 0 4 0 0 1 0 61 0 3 1 0 0 16 0 0 0 0 2 0 0 0 0 0 0 0 14 49 0 47 0 232 0 0 0 0 0 0 0 3 0 0 0 0 0 43 158 26 78 0 0 0 1 0 0 0 0 5 0 0 0 1 0 0 0 0 1 0 0 0 0 0 0 0 0 0 2 0 3 0 0 0 0 0 0 0 2 0 0 0 3 0 0 0 0 1 0 2 0 1 0 0 0 0 0 0 0 0 0 0 0 1 0 1 0 0 38 61 78 36 44 0 0 1 1 0 0 0 2 0 16 0 7 0 6 0 0 0 0 1 0 0 0 0 0 0 0 0 0 0 7 1 0 5 0 0 0 10 155 105 0 0 84 0 1 0 0 0 0 0 0 0 0 3 1 0 0 0 1 0 4 0 0 11 16 0 0 0 0 0 0 0 0 0 0 0 0 0 0 0 1 0 0 0 0 2 0 0 0 0 0 0 0 2 0 0 0 0 0 0 1 0 0 1 0 0 5 0 1 0 0 0 0 3 0 0 7
43 9705 87 2 0 1 0 0 5 41 0 0 0 0 0 0 18 0 0 0 0 67 0 3 0 1 1 45 0 0 5 0 0 0 0 0 0 0 0 1 18 58 0 51 0 185 0 0 0 0 0 0 0 3 0 0 0 0 0 55 194 25 55 0 0 0 0 0 0 0 0 4 0 0 0 0 0 0 0 0 1 0 1 0 0 0 0 1 0 0 0 0 0 0 0 0 0 3 1 0 0 0 0 2 2 0 0 1 0 14 0 0 0 0 0 0 0 0 0 0 0 0 0 0 0 2 0 0 0 0 35 92 99 11 55 0 0 0 1 1 0 0 0 0 0 0 1 0 4 0 1 0 0 7 3 13 0 0 1 0 0 0 0 0 3 0 0 5 0 0 0 7 127 88 0 0 36 0 0 0 0 0 0 0 0 0 0 0 0 4 0 0 0 0 12 9 0 30 23 0 2 0 0 2 0 0 0 0 0 1 0 1 0 0 1 0 0 0 0 1 0 0 0 0 0 0 5 2 0 0 0 0 0 0 1 0 0 0 0 0 0 0 4 1 0 0 0 1 0 0 7
44 9992 162 17 0 3 0 1 52 36 3 7 0 0 1 0 53 1 0 50 0 195 0 77 27 11 1 99 0 0 1 1 14 0 3 0 0 0 0 2 66 104 1 422 0 113 1 7 1 4 0 0 1 15 1 0 0 0 1 195 185 78 205 0 0 0 0 0 0 4 2 12 0 0 0 2 0 0 1 0 7 0 0 0 0 2 0 5 0 1 1 0 3 0 3 0 0 0 0 0 26 2 0 0 0 0 0 2 0 0 0 1 0 2 2 0 0 1 0 1 2 0 0 0 1 9 1 3 2 0 57 533 137 25 1161 1 0 5 3 1 1 11 2 0 32 5 15 0 38 1 25 3 0 68 6 3 0 0 2 0 2 2 6 0 34 8 3 66 7 0 19 30 681 143 0 0 71 0 19 0 0 0 0 2 0 0 0 0 0 0 3 0 2 0 52 16 0 24 143 0 4 0 0 0 0 0 1 4 0 1 0 3 2 0 2 0 2 2 0 14 2 0 0 0 0 0 11 23 3 1 0 4 0 2 2 0 7 7 0 0 1 0 22 12 0 0 0 11 2 0 20
45 9172 148 5 0 1 0 0 57 13 0 7 0 0 2 0 27 0 0 1 0 91 0 17 1 1 1 45 0 0 0 0 8 0 3 0 0 0 0 0 64 41 1 210 0 44 0 3 0 0 0 0 0 8 0 0 0 2 1 78 108 31 143 0 0 0 0 1 0 1 0 1 0 0 0 3 0 0 0 0 5 0 1 0 0 0 0 1 0 1 0 0 2 0 0 1 0 0 0 0 7 0 0 0 1 0 0 2 2 0 0 4 0 0 0 0 1 0 1 2 0 0 0 0 1 1 2 0 2 1 34 132 24 2 246 5 1 1 2 0 0 1 0 0 6 0 7 0 6 0 18 0 0 14 2 2 0 0 0 0 0 0 0 0 19 1 2 16 0 0 5 10 100 41 0 0 16 0 0 0 1 0 0 0 0 0 0 0 0 0 0 0 0 0 1 1 0 15 72 0 0 0 0 0 0 0 0 0 0 1 0 4 1 0 0 0 2 0 0 8 0 1 1 0 0 0 1 7 0 0 0 0 0 8 1 2 1 5 1 0 0 0 1 0 0 0 0 4 0 0 7
46 8409 137 4 0 0 0 2 60 13 1 15 0 0 3 0 18 1 0 6 0 91 0 20 7 4 0 83 0 0 0 0 24 0 1 0 1 0 0 0 47 42 0 268 2 76 0 2 0 0 0 0 0 6 0 0 0 1 0 93 66 54 146 0 0 0 0 0 0 0 0 1 0 0 0 3 0 0 0 0 9 0 0 0 0 0 0 2 0 0 0 0 3 0 1 0 0 0 0 0 4 0 2 0 0 0 0 3 1 0 0 2 0 0 2 0 0 1 0 0 0 0 0 0 0 6 0 2 1 0 44 129 39 15 247 2 1 1 0 0 0 1 0 0 2 0 4 0 14 1 17 0 0 15 4 6 0 0 0 0 0 0 0 0 18 2 0 25 0 0 6 18 76 25 0 0 17 0 1 0 0 0 0 0 0 0 0 0 0 0 0 0 0 0 2 0 0 11 33 1 0 0 0 1 0 0 1 0 0 0 0 0 0 0 5 0 0 0 0 13 0 0 1 0 0 0 5 4 1 2 0 2 0 1 0 0 0 2 0 0 0 0 0 0 0 0 0 1 0 0 19
47 10319 172 13 0 0 0 0 34 12 1 5 0 0 0 0 31 3 0 4 0 121 0 23 1 0 0 60 0 0 0 0 8 0 4 0 0 0 0 0 45 34 2 231 0 67 1 1 0 0 0 0 0 13 2 1 0 3 2 84 69 56 178 0 0 0 1 0 0 2 0 4 0 0 0 2 0 0 1 0 13 0 0 0 0 0 0 3 0 0 0 0 1 0 1 0 0 0 0 1 8 0 0 0 1 0 0 0 0 0 0 3 2 0 0 0 0 0 0 1 1 0 0 0 2 7 1 3 1 0 50 191 40 10 166 1 2 2 1 1 0 1 0 0 3 0 4 0 22 0 6 0 0 7 5 4 0 0 0 0 0 0 0 0 16 1 1 18 0 0 5 12 133 49 0 0 27 0 0 0 0 0 0 0 0 0 0 0 1 1 0 0 1 0 5 14 0 14 43 0 0 0 0 0 0 0 0 1 0 0 0 0 0 0 0 0 2 0 0 8 1 0 0 0 0 0 0 3 0 1 1 1 0 5 0 0 0 0 1 0 1 0 5 0 0 0 1 0 0 0 7
48 7103 127 59 1 1 0 3 22 61 3 8 0 0 2 1 15 0 0 2 0 162 0 11 2 0 0 26 0 0 6 1 10 0 0 0 0 0 0 1 29 95 1 126 1 376 0 0 0 2 0 0 1 18 0 0 0 4 0 126 494 86 174 1 0 0 0 0 0 7 0 18 1 0 0 1 0 1 0 0 7 0 0 1 0 0 0 4 2 1 1 0 0 1 0 1 0 1 0 0 4 0 1 1 5 0 0 0 0 0 2 5 1 0 0 4 0 0 0 0 0 0 0 0 1 1 0 0 1 2 84 384 947 245 63 8 0 3 7 3 0 0 1 0 29 1 3 0 1 0 2 0 0 10 4 13 0 0 1 0 0 0 0 0 5 1 0 4 0 0 7 48 727 840 0 0 256 0 0 0 6 0 0 0 0 0 1 0 0 0 0 2 3 1 219 11 0 90 61 2 2 0 0 0 0 0 1 0 0 0 0 0 0 0 1 2 0 1 0 5 0 0 1 0 0 0 29 10 0 0 0 0 0 8 0 90 3 5 1 4 1 0 11 0 0 0 2 2 0 0 33
49 7386 117 13 0 0 0 0 8 24 0 2 0 0 0 0 8 0 0 0 0 100 0 4 1 1 0 30 0 0 2 3 0 0 0 0 0 0 0 0 16 61 2 71 0 194 0 0 0 0 0 0 0 1 0 0 0 1 0 92 434 40 153 0 0 0 1 0 0 3 0 16 4 0 0 0 0 0 1 0 1 0 0 0 0 0 0 2 0 3 0 1 2 1 0 0 0 0 0 3 1 0 0 0 7 0 0 0 0 0 2 1 0 0 0 0 0 0 0 0 0 0 0 1 1 8 4 1 0 1 57 481 913 219 85 3 2 2 1 0 0 2 4 0 11 1 14 0 5 0 4 7 0 6 6 14 0 0 1 2 0 0 0 1 22 0 4 13 4 0 8 52 653 496 0 0 145 0 1 0 0 0 0 0 0 0 0 0 6 2 0 0 2 0 70 12 0 75 71 0 1 0 0 0 0 0 1 0 0 1 0 0 0 0 4 0 0 1 0 16 0 1 0 0 0 0 18 5 0 1 0 3 0 2 0 35 7 0 0 0 2 0 3 0 0 0 0 4 1 0 43
50 10535 80 2 0 1 0 0 4 19 0 5 0 0 0 0 3 0 0 0 0 61 1 1 0 0 0 18 0 0 0 0 5 0 2 0 1 0 0 0 5 39 0 32 0 215 0 0 0 0 0 0 0 6 0 0 0 0 0 59 278 43 33 0 0 0 0 0 0 0 2 0 0 0 0 1 0 0 0 0 2 0 0 0 0 0 0 0 5 0 0 0 3 0 0 0 0 0 0 0 1 0 0 0 0 0 0 0 0 0 0 2 0 1 1 0 0 0 0 0 2 0 0 0 0 0 0 0 0 0 37 30 65 10 47 0 0 2 1 0 1 0 0 0 141 0 1 0 0 0 1 1 0 20 0 6 0 0 2 0 0 3 0 0 6 0 0 5 0 0 1 5 268 56 0 0 21 0 0 0 0 0 0 0 0 0 0 0 3 2 1 0 1 0 6 0 0 3 12 0 0 0 0 0 0 0 0 0 0 0 0 0 0 0 0 1 0 2 0 1 0 0 0 0 0 0 0 2 0 1 0 1 0 3 0 2 0 0 0 0 0 1 2 1 0 0 0 0 0 0 24
51 8837 103 6 0 1 1 0 12 17 4 3 0 0 0 0 5 1 0 0 0 65 1 8 6 3 0 18 0 0 10 0 1 0 1 0 0 0 0 0 7 42 0 59 0 122 0 2 0 0 0 0 0 16 2 0 0 1 0 51 272 50 94 0 0 0 0 0 0 3 0 5 1 0 0 0 1 0 0 0 4 0 0 0 0 3 0 2 0 0 2 0 0 0 5 0 0 0 0 0 1 0 0 0 2 0 0 1 1 0 0 4 0 0 0 0 0 0 0 0 0 0 0 0 2 1 0 0 0 0 54 200 310 134 79 5 0 7 2 0 1 0 0 0 32 7 4 0 0 0 0 0 0 4 6 2 0 0 0 1 0 0 0 1 8 1 0 5 5 0 3 26 356 261 0 0 59 0 0 0 0 0 0 0 0 0 0 0 1 0 0 0 1 0 33 9 0 25 38 0 1 0 0 0 0 0 0 0 1 0 1 0 0 0 1 0 0 1 0 7 0 0 0 0 0 0 4 4 0 1 0 2 0 0 0 0 2 0 0 0 0 0 1 7 0 0 0 2 0 0 42
52 10732 50 13 0 3 0 0 0 2 0 2 0 0 2 0 2 0 0 0 0 37 0 1 0 0 0 11 0 0 0 0 0 0 0 0 0 0 0 0 5 16 0 16 0 63 0 0 0 0 0 0 0 0 0 0 0 0 0 35 151 24 17 0 0 0 0 0 0 0 0 1 0 0 1 1 0 0 0 0 0 0 0 3 0 1 0 0 0 0 0 0 0 0 0 0 0 0 0 0 0 0 0 0 1 0 0 0 0 0 0 3 0 0 0 0 1 0 0 0 1 0 0 0 0 2 0 0 0 0 19 49 11 2 11 0 0 0 1 0 0 0 0 0 12 1 0 0 0 0 0 0 0 0 1 0 0 0 0 0 0 0 0 0 3 0 0 2 0 0 0 7 57 41 0 0 17 0 0 0 0 0 0 0 0 0 0 0 0 0 0 0 0 0 2 0 0 20 12 0 0 0 0 0 0 0 0 0 0 0 0 0 0 0 0 0 0 0 0 3 0 0 0 0 0 0 5 0 0 0 0 0 0 0 0 0 1 0 0 0 0 0 0 0 0 0 0 0 0 0 0
53 8810 73 5 0 4 3 0 5 18 0 5 2 0 1 0 13 0 0 1 0 79 0 1 2 0 0 19 0 0 1 0 0 0 0 0 0 0 0 0 13 67 1 61 0 172 0 0 0 0 0 0 0 5 0 0 0 2 0 62 198 41 56 0 0 0 4 0 0 3 0 8 0 0 0 0 0 1 0 0 2 1 0 0 0 1 0 2 0 0 0 0 0 0 0 0 0 0 0 0 2 0 0 0 7 0 0 0 3 0 0 0 0 0 0 0 0 0 0 0 4 0 0 0 0 1 0 0 0 1 34 184 72 84 46 3 0 1 2 0 0 0 0 0 31 0 8 0 1 0 8 0 0 2 0 1 0 0 0 0 0 0 0 0 9 0 0 3 0 0 1 14 207 105 0 0 22 0 0 0 0 0 0 0 0 0 0 0 0 0 0 0 1 0 6 3 0 25 28 0 0 1 0 0 0 0 1 0 0 0 0 0 0 0 0 0 0 0 0 11 0 0 1 0 0 0 5 1 0 0 0 0 0 2 0 0 0 0 0 0 0 0 0 3 0 0 0 5 0 0 8
54 10769 83 3 0 0 0 0 1 12 0 3 0 0 0 0 2 0 0 0 1 13 0 0 0 0 0 20 0 0 0 0 2 0 0 0 0 0 0 0 1 21 0 14 0 149 0 0 0 0 0 0 0 2 0 0 0 1 0 27 110 20 29 0 0 0 0 0 0 1 0 1 1 0 0 0 0 0 0 0 1 0 0 1 2 1 0 0 0 0 0 0 1 0 0 0 0 0 0 0 1 0 0 0 1 0 0 0 0 0 0 3 0 0 0 0 0 0 0 0 0 0 0 0 0 3 1 0 1 0 27 64 40 20 26 0 0 0 3 0 0 0 0 0 14 0 2 0 2 0 0 0 0 0 0 1 0 0 0 0 0 0 0 0 8 0 0 5 0 0 0 13 85 57 0 0 14 0 0 0 0 0 0 0 0 0 0 0 0 0 0 0 0 0 1 0 0 13 6 0 0 0 0 0 0 0 0 0 0 0 0 1 0 0 0 1 1 1 0 0 0 0 0 0 0 0 0 4 0 0 0 0 0 0 0 0 3 0 0 0 2 0 0 1 0 0 0 0 0 0 6
55 9113 96 6 0 4 0 0 15 5 1 0 0 0 0 0 13 0 0 1 0 66 0 15 5 7 0 60 0 0 0 1 1 0 0 0 0 0 0 0 38 31 0 107 0 25 0 0 0 0 0 0 0 3 0 0 0 0 0 39 55 23 124 0 0 0 0 2 0 0 0 4 0 0 0 0 0 0 0 0 6 0 0 0 0 0 0 5 0 0 0 0 0 0 1 0 0 0 0 0 2 0 1 1 0 0 0 0 0 0 0 2 0 0 1 0 1 0 0 0 0 0 0 0 0 7 3 0 4 0 24 119 35 10 70 0 0 2 2 0 0 0 2 0 3 0 5 0 9 0 3 0 0 2 0 4 0 0 0 4 0 0 0 0 11 1 0 1 0 0 0 10 43 44 0 0 28 0 1 0 0 0 0 0 0 0 0 0 0 0 0 0 0 0 2 0 0 12 23 0 0 0 0 0 0 0 0 0 0 0 0 0 0 0 2 0 2 0 0 10 0 1 0 0 0 0 3 1 0 0 0 0 0 0 0 0 6 0 0 0 0 0 0 0 0 0 0 1 0 0 12
56 9831 93 4 0 1 1 0 1 15 1 0 0 0 2 1 7 1 0 0 0 53 0 8 1 0 0 25 0 0 3 0 4 0 0 0 0 0 0 5 10 61 0 60 0 193 0 1 1 0 0 0 0 20 0 0 0 0 0 67 352 42 102 0 0 0 0 0 0 1 0 15 5 0 0 0 0 0 0 0 2 0 0 0 0 2 0 0 1 4 0 1 0 0 2 0 0 0 0 0 3 0 0 0 0 0 0 0 0 0 1 3 0 2 0 0 0 0 0 1 1 0 0 0 0 5 0 0 2 0 67 342 462 168 73 6 0 1 2 0 0 0 0 0 31 0 7 0 0 0 2 1 0 1 9 0 0 0 1 0 0 0 0 1 21 0 4 14 7 0 6 46 422 356 0 0 92 0 0 0 3 0 0 0 0 0 0 0 0 2 1 0 2 0 103 26 0 67 36 0 0 0 0 0 0 0 5 0 0 0 0 0 2 0 0 0 0 0 0 2 0 0 0 0 0 0 22 0 0 0 0 0 0 2 0 7 2 0 0 0 0 0 3 0 1 0 0 6 0 0 53
57 9488 147 7 0 4 0 0 15 33 0 3 0 0 1 0 11 0 0 6 0 107 0 6 4 4 0 69 0 0 0 0 8 0 0 0 0 0 0 0 28 51 0 116 0 213 0 1 0 0 0 0 0 4 1 0 0 1 1 87 242 55 123 0 0 0 0 0 0 2 2 5 1 0 0 2 0 0 0 0 6 0 0 0 2 0 0 3 0 1 0 0 3 0 0 2 0 0 0 0 3 0 1 0 2 0 0 0 0 0 0 1 0 1 2 3 0 0 0 0 4 0 0 0 1 4 4 1 3 0 54 532 105 82 78 12 0 6 4 1 0 0 0 0 23 1 31 0 3 4 4 5 0 3 3 0 0 0 0 0 0 3 0 3 19 2 1 10 0 0 22 28 344 187 0 0 100 0 0 0 0 0 0 0 0 0 0 0 0 3 0 1 2 0 74 2 0 67 51 0 0 0 0 0 0 0 0 0 0 0 0 0 0 0 1 0 1 1 0 18 0 0 1 0 0 0 10 1 0 0 0 3 0 1 0 3 0 1 1 0 0 0 0 0 0 0 0 2 0 0 18
58 9047 73 9 0 0 0 1 3 7 0 1 0 2 0 0 2 1 0 0 0 53 0 6 2 1 0 14 0 0 0 0 2 0 0 0 1 0 0 0 14 38 4 66 0 160 0 0 0 0 0 0 0 3 0 0 0 0 0 55 154 24 41 0 0 0 0 0 0 0 0 1 0 0 0 0 0 0 0 0 4 0 0 0 0 0 0 0 0 0 1 0 0 0 0 0 0 0 0 0 0 0 0 0 0 0 0 0 0 0 1 0 0 2 0 0 0 0 0 0 0 0 0 0 0 0 0 2 0 0 16 32 35 16 19 3 0 3 0 0 0 0 1 0 36 0 2 0 2 0 6 4 0 2 1 0 0 0 0 2 0 0 0 0 14 0 0 5 0 0 0 16 151 63 0 0 34 0 0 0 0 0 0 0 0 0 0 0 0 0 0 0 15 0 3 1 0 20 7 0 2 0 0 0 0 0 0 0 0 3 0 0 0 0 1 0 0 1 0 7 0 0 0 0 0 0 1 1 0 0 0 2 0 1 0 0 1 0 0 0 0 0 0 0 0 0 0 6 0 0 7
59 9690 98 10 0 1 0 0 7 20 0 0 0 0 0 0 9 0 0 0 0 91 0 6 1 0 2 28 0 0 0 0 2 0 0 0 0 0 0 0 17 40 0 53 0 166 0 0 3 0 0 0 0 6 0 0 0 0 0 62 153 30 51 0 0 1 1 1 0 0 0 2 0 0 0 1 0 0 0 0 7 0 0 0 0 0 0 9 0 0 0 0 0 0 0 0 0 0 0 0 1 0 0 0 0 0 0 0 0 0 0 1 0 0 0 0 0 0 1 0 0 0 0 0 0 0 0 0 0 0 30 93 301 24 44 0 0 0 2 0 0 0 0 0 23 0 1 0 3 0 0 0 0 0 1 0 0 0 0 0 0 0 0 0 4 0 4 3 0 0 2 5 74 54 0 0 17 1 0 0 0 0 0 0 0 0 0 0 0 0 0 0 0 0 6 0 0 12 15 0 0 0 0 0 0 0 0 0 0 0 0 0 0 0 0 1 0 0 0 8 0 0 0 0 0 0 3 5 0 0 1 0 0 1 0 0 0 0 0 0 1 0 0 0 0 0 0 2 0 0 3
60 7133 150 28 0 5 0 1 32 52 0 12 0 0 1 0 29 0 0 8 0 151 0 16 5 2 3 47 0 0 0 4 7 0 1 0 0 0 0 1 20 113 2 158 0 349 0 5 24 0 0 0 1 1 0 0 0 4 1 127 706 147 131 0 0 0 0 0 0 2 0 27 20 0 1 6 0 0 3 0 7 1 0 0 0 0 0 4 1 1 0 0 1 0 3 0 0 0 0 0 2 0 1 0 6 0 0 0 1 3 2 7 0 0 4 1 0 0 0 0 1 0 0 0 6 11 0 1 5 1 98 501 976 329 196 15 2 3 2 0 2 0 8 0 42 4 7 0 3 0 3 26 0 13 5 39 0 1 25 7 0 0 0 2 31 1 17 22 12 0 12 46 3474 1123 0 0 479 0 0 0 0 0 0 0 0 0 1 0 0 1 4 0 5 0 871 98 0 301 151 2 15 0 0 0 0 0 0 0 0 0 0 1 1 0 1 1 4 6 0 16 0 3 0 0 0 0 75 13 0 2 0 4 0 3 0 10 32 3 0 5 2 0 140 11 0 0 1 1 0 0 26
61 7646 81 13 2 5 0 3 6 11 0 6 0 0 0 0 14 0 0 7 0 81 0 11 2 2 0 20 0 0 0 3 1 0 0 0 0 0 0 0 12 67 0 61 0 303 0 1 0 0 0 0 0 4 0 0 0 2 0 82 338 57 84 0 0 0 1 0 0 4 0 10 5 0 0 0 0 1 1 0 0 0 1 0 2 0 0 1 2 1 0 0 1 0 0 0 0 0 0 0 3 0 0 0 4 0 0 0 0 1 0 1 0 1 0 6 0 0 0 0 4 0 0 0 0 1 2 0 0 0 68 319 480 189 107 12 0 12 2 0 0 0 0 0 57 5 11 0 3 1 1 4 0 2 11 1 0 0 4 0 0 0 0 2 10 0 0 3 0 0 10 46 568 464 0 0 267 0 3 1 0 0 0 0 1 0 0 0 0 0 0 0 16 0 122 23 0 150 46 0 0 0 0 0 0 0 0 0 0 0 0 0 0 0 0 2 0 0 0 6 0 1 0 0 0 0 9 3 0 0 0 2 0 0 0 0 1 2 0 0 3 0 6 13 2 0 0 0 0 0 31
62 9724 179 5 0 1 0 0 33 7 2 1 0 0 0 0 9 1 0 2 0 117 1 16 7 3 0 24 0 0 0 0 11 0 0 0 0 0 0 0 31 48 0 209 0 77 0 2 0 0 0 0 0 3 0 0 0 0 0 97 90 31 202 0 0 0 1 0 0 0 0 7 0 0 0 0 0 0 0 0 9 0 0 0 0 0 0 1 0 0 0 0 0 0 0 0 0 0 0 0 11 1 0 0 0 0 0 0 0 0 0 5 0 1 0 0 0 0 0 0 0 0 0 0 1 9 0 1 1 1 60 112 115 17 112 1 0 0 1 1 0 0 1 0 4 0 5 0 6 0 13 2 0 2 5 1 0 0 1 0 1 0 0 0 5 0 0 11 0 0 1 35 73 55 0 0 42 0 0 0 0 0 0 0 0 0 0 0 0 0 0 0 0 0 15 2 0 31 38 0 0 2 0 0 0 0 0 0 0 0 1 0 1 0 0 0 0 1 0 13 0 1 1 0 0 0 3 7 0 1 1 0 0 4 1 0 2 1 0 0 0 0 1 0 0 0 1 0 0 0 9
63 9371 91 9 0 0 0 0 4 31 0 11 0 0 0 0 5 0 0 1 0 79 1 3 1 4 0 15 0 0 0 0 10 0 0 0 0 0 0 0 4 72 0 53 0 232 0 0 0 0 0 0 0 4 0 0 0 5 0 63 208 30 63 0 0 0 2 0 0 0 0 2 0 0 0 2 0 0 0 0 3 0 0 0 2 1 0 0 0 0 0 0 1 0 0 0 0 0 0 0 1 0 0 2 0 1 0 0 3 1 0 0 0 2 0 0 0 0 0 0 1 0 0 0 0 3 0 0 2 0 32 456 47 85 57 0 1 4 0 0 0 1 0 0 183 0 6 0 2 0 5 0 0 1 1 6 0 0 0 0 0 0 0 0 13 1 1 11 0 0 0 21 311 131 0 0 28 0 0 0 0 0 0 0 0 0 0 0 0 0 0 0 1 2 23 0 0 47 27 0 4 0 0 0 0 0 0 0 0 0 0 0 0 0 0 2 0 1 0 1 0 0 0 0 0 0 1 1 0 1 0 0 1 8 0 0 3 3 0 0 0 0 2 14 0 0 0 2 0 0 9
64 10324 163 7 0 5 0 0 44 33 0 2 0 0 0 0 16 0 0 4 0 97 0 19 3 1 0 61 0 0 2 0 7 0 1 0 1 0 0 0 32 81 2 188 0 184 0 0 0 0 0 0 0 4 0 0 0 1 0 71 215 42 117 0 0 0 0 0 0 1 0 3 0 0 0 0 0 0 0 0 2 0 0 0 0 0 0 4 2 0 0 0 1 1 3 2 0 0 0 0 3 0 0 0 2 0 0 0 1 0 0 1 0 1 0 0 1 0 0 0 2 0 0 0 1 2 0 1 4 1 50 125 57 34 85 1 3 0 0 0 0 0 0 0 7 1 3 0 4 0 7 1 0 2 1 0 0 0 0 0 0 1 0 0 6 1 0 16 1 0 2 11 125 76 0 0 48 0 0 0 1 0 0 0 0 0 0 0 0 0 0 0 0 0 1 0 0 16 42 0 0 0 0 0 1 0 0 0 0 0 0 0 1 0 0 1 1 0 0 10 0 0 0 0 0 0 3 7 0 1 0 1 0 0 0 0 0 3 0 0 0 0 10 0 1 0 0 1 0 0 8
65 10433 58 20 0 5 0 0 9 6 0 0 0 0 0 0 6 0 1 0 0 44 1 4 8 0 0 10 0 0 1 0 1 0 0 1 0 0 0 0 9 43 0 36 0 155 0 0 0 0 0 0 0 5 0 1 0 0 0 42 183 21 66 0 0 1 0 0 0 0 0 2 0 0 0 0 1 0 0 0 1 0 0 0 1 1 0 0 2 1 0 0 0 0 1 0 0 0 0 1 5 0 1 0 0 0 0 0 0 0 0 2 0 1 0 0 0 0 0 0 1 0 0 0 0 1 0 0 2 0 23 115 95 70 61 0 0 0 0 0 0 0 0 0 28 0 2 0 0 0 2 0 0 1 6 0 0 0 1 0 0 0 0 0 4 0 1 18 11 0 0 5 199 178 0 0 35 1 0 1 0 0 0 0 0 0 0 0 0 0 0 0 0 0 18 3 0 20 17 0 0 0 0 1 0 0 0 0 0 0 0 0 0 0 0 1 1 0 0 3 0 0 0 0 0 0 9 3 0 0 0 0 0 0 1 1 0 0 0 0 0 0 1 0 0 0 0 11 0 0 16
66 8675 117 15 0 4 2 0 11 12 1 7 0 0 0 0 13 1 0 0 0 104 0 0 1 2 0 15 0 0 0 0 1 0 0 0 0 0 0 1 16 72 0 81 0 347 0 1 0 0 0 0 0 7 0 0 0 7 0 101 295 60 88 0 0 0 0 0 0 3 0 4 0 0 0 0 0 0 0 0 0 0 1 0 0 0 0 1 0 0 0 0 1 0 1 0 0 0 0 0 5 0 0 0 0 0 0 1 0 0 0 4 0 1 0 0 0 0 0 0 0 0 3 0 0 6 0 0 0 0 54 268 222 47 42 0 0 0 1 0 0 1 0 0 33 0 5 0 1 0 2 1 0 3 1 1 0 0 1 0 0 0 0 2 20 0 0 3 2 0 4 18 335 287 0 0 109 0 0 0 0 0 0 0 0 0 7 0 1 3 0 4 13 0 59 10 0 94 18 0 1 0 0 0 0 0 15 0 0 0 0 0 0 0 1 4 0 1 0 3 1 0 1 0 0 0 39 6 0 0 1 0 0 1 0 9 3 0 0 0 0 0 3 0 0 0 0 8 0 0 38
67 10083 58 0 0 0 0 0 2 0 0 1 0 0 0 0 6 0 0 0 0 15 0 0 2 2 0 15 0 0 0 0 2 0 0 0 0 0 0 0 4 15 0 18 0 40 0 0 0 0 0 0 2 2 0 0 0 0 0 31 116 13 13 0 0 0 0 0 0 1 0 2 1 0 0 1 0 0 0 0 0 0 0 0 0 0 0 1 0 0 1 0 0 0 0 0 0 0 0 0 4 0 0 0 2 0 0 0 1 0 0 0 0 1 0 0 0 0 0 0 2 0 0 0 0 0 0 0 1 0 15 56 26 13 37 1 1 2 1 0 0 0 0 0 10 0 2 0 0 0 0 0 0 0 0 1 0 0 0 0 0 0 0 0 1 0 1 2 1 0 7 0 71 30 0 0 7 0 0 0 0 0 0 0 0 0 0 0 0 0 0 0 0 0 3 2 0 19 10 0 0 0 0 0 0 0 0 0 0 1 0 0 0 0 0 0 5 0 0 1 0 0 0 0 0 0 5 5 0 0 0 1 0 0 0 0 0 0 0 0 0 0 0 0 0 0 0 0 0 0 7
68 7885 70 5 1 1 0 1 25 3 0 4 0 0 0 0 29 0 0 5 0 52 0 12 4 0 1 36 0 0 0 0 2 0 0 0 0 0 0 2 31 14 2 133 0 21 0 0 0 0 0 0 0 5 0 0 0 1 0 55 39 16 107 0 0 0 1 1 0 1 0 3 0 0 0 0 0 0 0 0 1 0 0 0 0 0 0 3 0 0 1 0 9 0 1 0 0 0 0 0 1 0 0 0 0 0 1 2 0 0 0 2 0 0 0 0 0 0 0 1 0 0 0 0 0 3 2 0 1 0 23 154 76 3 129 1 1 0 0 0 0 2 6 0 6 1 19 0 4 0 18 0 0 2 2 4 0 0 0 0 0 0 1 0 12 3 2 5 0 0 5 7 64 14 0 0 18 0 0 0 0 0 0 0 0 0 0 0 0 0 0 0 0 0 0 0 0 8 27 0 2 0 0 0 0 0 0 0 0 0 0 0 0 0 0 0 1 2 0 16 1 0 0 0 0 0 0 6 0 1 0 0 0 0 0 14 0 0 0 0 1 0 0 0 0 0 1 2 0 0 9
69 9306 102 1 0 0 2 0 15 12 0 1 0 0 0 0 18 3 0 3 0 66 0 15 7 0 0 34 0 0 0 0 2 0 3 0 0 0 0 0 16 29 0 112 1 46 0 6 0 0 0 0 0 11 0 0 0 2 0 34 86 20 96 0 0 0 0 1 0 0 0 3 0 0 0 0 0 1 0 0 3 0 0 0 0 0 0 4 2 1 0 0 2 0 0 0 0 0 0 0 2 0 0 0 0 0 0 0 0 0 1 1 0 0 0 0 1 0 0 1 1 0 0 0 0 2 0 0 0 1 28 156 46 0 139 0 1 1 0 0 0 0 2 0 3 1 9 0 9 0 61 0 0 7 6 0 0 0 0 0 0 0 0 1 15 1 0 11 0 0 1 13 54 24 0 0 10 0 0 0 0 0 0 0 0 0 0 0 0 0 0 0 0 0 6 0 0 3 21 0 0 0 0 0 0 0 0 0 0 0 0 5 0 0 1 1 3 1 0 13 0 0 0 0 0 0 11 1 0 0 0 0 0 2 0 0 0 2 0 0 0 0 1 0 0 0 0 2 0 0 6
70 10253 46 16 0 0 0 0 3 4 0 2 0 0 0 0 3 1 0 0 0 15 0 0 3 0 0 8 0 0 0 0 0 0 0 0 0 0 0 0 3 9 0 11 0 34 0 1 0 0 0 0 0 0 0 0 0 0 0 33 99 20 32 0 0 0 0 0 0 0 0 4 0 0 0 0 0 0 0 0 1 0 0 0 0 0 0 0 0 0 0 0 0 0 0 0 0 0 0 0 0 0 0 0 0 0 0 0 0 1 1 5 0 0 0 0 0 0 0 0 2 0 0 0 0 0 1 0 0 0 19 8 25 3 11 0 0 1 0 0 0 0 0 0 13 0 1 0 0 0 1 0 0 0 0 0 0 0 0 0 0 0 0 0 1 0 0 5 0 0 0 8 60 27 0 0 5 0 0 0 0 0 0 0 0 0 0 0 2 0 0 0 0 0 1 0 0 12 3 0 0 0 0 0 0 0 0 0 0 0 0 0 0 0 0 0 0 0 0 1 0 1 0 0 0 0 0 6 0 0 0 0 0 0 0 0 2 0 0 0 0 0 0 0 0 0 0 3 0 1 8
71 10368 137 8 0 0 0 1 36 36 0 5 0 0 0 0 9 0 0 2 0 144 3 7 5 0 1 31 0 0 0 2 7 0 1 1 1 0 0 2 34 81 0 149 1 185 0 0 0 0 0 0 0 8 0 0 0 0 0 86 273 66 126 0 0 0 2 0 0 2 0 12 0 0 0 0 0 0 0 0 4 0 0 0 0 3 0 1 0 0 1 0 1 0 2 0 0 0 0 3 2 0 3 0 1 0 0 1 0 0 1 3 0 0 0 1 0 0 0 0 0 0 0 0 2 2 3 2 0 0 63 98 295 32 68 1 0 2 5 1 0 0 1 0 63 1 10 0 3 0 2 2 0 3 3 1 0 0 1 0 0 0 0 0 17 0 1 10 0 0 0 11 227 125 0 0 96 4 1 0 0 0 0 0 0 0 0 0 5 0 3 0 0 0 30 6 0 17 53 0 0 1 0 0 0 0 0 0 0 0 0 4 0 0 1 0 0 2 0 3 3 0 2 0 0 0 4 11 0 0 0 2 0 1 1 0 1 0 0 0 1 0 1 0 0 0 0 3 0 0 10
72 5644 39 0 0 0 0 0 2 3 0 0 0 0 0 0 1 0 0 0 0 29 0 3 2 0 0 4 0 0 0 0 1 0 0 0 0 0 0 1 10 3 0 22 0 13 0 0 0 0 0 0 0 1 0 0 0 0 0 5 24 13 24 0 0 0 1 0 0 0 0 0 0 0 0 0 0 0 0 0 0 0 1 0 0 0 0 0 0 0 0 0 0 0 0 0 0 0 0 0 0 0 0 0 0 0 0 0 0 0 0 0 0 0 0 0 0 0 0 0 2 0 0 0 0 0 0 0 0 0 7 22 5 0 2 0 0 1 1 0 0 0 0 0 9 0 1 0 0 0 0 0 0 0 0 0 0 0 0 0 0 0 0 0 1 0 0 2 0 0 0 2 10 9 0 0 1 0 0 0 0 0 0 0 0 0 0 0 0 0 0 0 0 0 0 0 0 0 5 0 0 0 0 0 0 0 0 0 0 0 0 0 0 0 2 0 1 0 0 0 0 0 0 0 0 0 0 0 0 0 0 0 0 0 0 0 0 0 0 0 0 0 0 0 0 0 1 0 0 0 0
73 10442 47 14 0 0 0 1 7 15 0 0 0 0 0 0 21 0 0 1 0 30 0 1 0 0 0 10 0 0 0 0 6 0 0 0 0 0 0 0 5 14 0 57 0 37 0 1 0 0 0 0 0 0 0 0 0 0 0 44 38 13 28 0 0 0 1 0 0 1 0 4 0 0 0 0 0 0 0 0 0 0 0 0 0 0 0 1 0 0 0 0 0 0 0 0 0 0 0 0 0 0 0 0 0 0 0 0 1 0 0 0 0 0 0 0 0 0 0 0 0 0 0 0 0 1 0 1 1 0 7 30 5 0 72 0 0 0 0 0 0 0 0 0 4 1 0 0 3 0 2 0 0 2 0 0 0 0 0 0 0 0 0 0 0 0 0 3 0 0 0 3 20 8 0 0 4 0 0 0 0 0 0 0 0 0 0 0 0 0 0 0 0 0 0 0 0 0 7 0 0 0 0 0 0 0 0 0 0 0 0 0 0 0 1 0 0 0 0 2 1 0 0 0 0 0 2 5 0 0 0 0 0 0 4 0 1 0 0 0 0 0 0 0 0 0 0 2 0 0 4
74 3617 26 0 0 0 0 0 5 0 0 1 0 0 0 0 1 0 0 3 0 6 0 1 0 0 0 4 0 0 0 0 0 0 1 0 0 0 0 0 9 9 0 24 0 16 0 0 0 0 0 0 0 0 0 0 0 0 0 9 7 7 11 0 0 0 0 0 0 0 0 1 0 0 0 0 0 0 0 0 3 0 0 0 0 0 0 0 0 1 0 0 0 0 0 0 0 0 0 0 0 0 0 0 0 0 0 0 0 0 0 0 0 0 0 0 0 0 0 0 0 0 0 4 0 0 0 0 0 0 4 8 0 6 10 0 1 0 0 0 0 0 0 0 1 1 0 0 1 0 0 0 0 0 1 0 0 0 0 0 0 0 0 0 1 0 0 2 0 0 2 0 5 3 0 0 0 0 0 0 0 0 0 0 0 0 0 0 0 0 0 0 0 0 0 0 0 0 2 0 0 0 0 0 0 0 0 0 0 0 0 0 0 0 0 1 0 0 0 0 0 0 0 0 0 0 0 0 0 0 0 0 0 0 0 0 0 0 0 0 0 0 0 0 0 0 0 0 0 0 0
75 3057 16 2 0 0 0 0 0 1 0 0 0 0 0 0 4 0 0 0 0 15 0 0 1 0 0 5 0 0 0 0 1 0 0 0 2 0 0 0 7 3 0 18 0 27 0 0 0 0 0 0 0 0 0 0 0 2 0 10 12 7 5 0 0 0 0 0 0 0 0 0 0 0 0 0 0 0 0 0 0 0 0 0 0 0 0 0 0 0 0 0 0 0 1 0 0 0 0 0 0 0 0 0 0 0 0 0 3 0 0 0 0 0 0 0 0 0 0 0 0 0 0 0 0 0 0 0 0 0 3 9 0 21 5 0 0 0 0 0 0 0 0 0 0 0 0 0 0 0 0 0 0 0 0 0 0 0 0 0 0 0 0 0 0 0 0 1 0 0 0 1 1 5 0 0 0 0 0 0 0 0 0 0 0 0 0 0 0 0 0 0 0 0 0 0 0 0 1 0 0 0 0 0 0 0 0 0 0 0 0 0 0 0 0 0 0 0 0 0 0 0 0 0 0 0 0 1 0 0 0 0 0 0 0 0 0 0 0 0 0 0 0 0 0 0 0 0 0 0 1
76 3160 16 0 0 0 0 0 2 6 0 0 0 0 0 0 4 0 0 0 0 6 0 0 0 0 0 0 0 0 0 0 1 0 0 0 0 0 0 0 7 4 0 20 0 27 0 0 0 0 0 0 0 1 0 0 0 0 1 8 7 2 9 0 0 0 0 0 0 0 0 0 0 0 0 0 0 0 0 0 0 0 1 0 0 0 0 0 0 0 0 0 0 0 0 0 0 0 0 0 0 0 0 0 0 0 0 0 0 0 0 0 0 0 0 0 0 0 0 0 0 0 0 0 0 1 0 0 0 0 3 11 3 1 2 0 0 0 0 0 0 0 0 0 2 0 0 0 0 0 0 0 0 0 1 0 0 0 0 0 0 0 0 0 0 0 0 3 7 0 0 0 4 3 0 0 0 0 0 0 0 0 0 0 0 0 0 0 0 0 0 0 0 0 0 0 0 1 1 0 0 0 0 0 0 0 0 0 0 0 0 0 0 0 0 0 0 0 0 0 0 0 0 0 0 0 0 0 0 0 0 0 0 0 0 0 0 0 0 0 0 0 0 0 0 0 0 0 0 0 0
77 2380 27 0 0 0 0 0 4 2 0 0 0 0 0 0 5 0 0 0 0 7 0 2 7 0 0 6 0 0 0 0 0 0 0 0 0 0 0 0 9 2 0 12 0 13 0 0 0 0 0 0 0 0 0 0 0 0 0 9 2 0 9 0 0 0 0 0 0 0 0 0 0 0 0 0 0 0 0 0 0 0 0 0 0 0 0 1 0 0 0 0 0 0 0 0 0 0 0 0 0 0 0 0 0 0 0 0 0 0 0 0 0 0 0 0 0 0 0 0 0 0 0 0 0 0 0 0 0 0 2 1 0 1 9 0 0 0 1 0 0 0 0 0 8 0 0 0 1 0 0 0 0 0 0 0 0 0 0 0 0 0 0 0 0 0 0 2 0 0 0 0 4 2 0 0 1 0 0 0 0 0 0 0 0 0 0 0 0 0 0 0 0 0 0 0 0 0 0 0 0 0 0 0 0 0 0 0 0 0 0 0 0 0 0 1 0 0 0 1 0 0 0 0 0 0 0 0 0 0 0 0 0 0 0 0 0 0 0 0 0 0 0 0 0 0 0 0 0 0 0
78 2939 12 3 0 0 0 0 2 2 0 0 0 0 0 1 0 0 0 0 0 12 0 1 0 0 0 3 0 0 0 0 0 0 0 0 0 0 0 0 4 1 0 12 0 24 0 0 0 0 0 0 0 0 0 0 0 0 0 12 5 1 8 0 0 0 0 0 0 0 0 0 0 0 0 0 0 0 0 0 0 0 0 0 0 0 0 0 0 0 0 0 0 0 0 0 0 0 0 0 0 0 0 0 0 0 0 0 0 0 0 1 0 0 0 0 0 0 0 0 0 0 0 0 0 0 0 0 0 0 0 5 2 19 7 0 0 0 0 0 0 0 0 0 6 0 0 0 0 0 0 0 0 0 0 0 0 0 0 0 0 0 0 0 3 0 0 1 0 0 1 1 1 5 0 0 0 0 0 0 0 0 0 0 0 0 0 0 0 0 0 0 0 0 0 0 0 1 0 0 0 0 0 0 0 0 0 0 0 0 0 0 0 0 0 0 0 0 0 0 0 0 0 0 0 0 0 0 0 0 0 0 0 0 0 0 0 0 0 0 0 0 0 0 0 0 0 1 0 0 0
79 2673 14 0 0 0 0 0 4 1 0 0 0 0 0 0 2 0 0 0 0 4 0 2 0 0 0 0 0 0 0 0 0 0 0 0 0 0 0 0 1 1 0 8 0 5 0 1 0 0 0 0 0 0 0 0 0 0 0 4 4 0 5 0 0 0 0 0 0 0 0 0 0 0 0 0 0 0 0 0 0 0 0 0 0 0 0 0 0 0 0 0 0 0 0 0 0 0 0 0 0 0 0 0 0 0 0 0 0 0 0 0 0 0 0 0 0 0 0 0 0 0 0 0 0 0 0 0 0 0 2 5 1 0 3 0 0 0 0 0 0 0 0 0 1 0 1 0 0 0 0 0 0 0 0 0 0 0 0 0 0 0 0 0 1 0 0 0 0 0 0 0 0 1 0 0 2 0 0 0 0 0 0 0 0 0 0 0 0 0 0 0 0 0 0 0 0 2 0 0 0 0 0 0 0 0 0 0 0 0 0 0 0 0 0 0 0 0 0 1 0 0 0 0 0 0 0 0 0 0 0 0 0 0 0 0 0 0 0 0 0 0 0 0 0 0 0 0 0 0 0
80 2955 15 0 0 0 0 0 1 0 0 0 0 0 0 0 1 0 0 0 0 3 0 2 0 0 0 2 0 0 0 0 0 0 0 0 0 0 0 0 1 6 0 7 0 25 0 0 0 0 0 0 1 1 0 0 0 0 0 11 13 2 6 0 0 0 0 0 0 0 0 0 0 0 0 0 0 0 0 0 0 0 0 0 0 0 0 0 0 0 0 0 0 0 0 0 0 0 0 0 0 0 0 0 0 0 0 0 0 0 0 0 0 0 0 0 0 0 0 0 0 0 0 0 0 0 0 0 0 0 2 2 0 1 5 0 0 0 0 0 0 0 0 0 0 0 0 0 0 0 0 0 0 0 0 0 0 0 0 0 0 0 0 0 0 0 0 5 0 0 0 0 1 2 0 0 0 0 0 0 0 0 0 0 0 0 0 0 0 0 0 0 0 0 0 0 0 1 0 0 0 0 0 0 0 0 0 0 0 0 0 0 0 0 0 0 0 0 0 0 0 0 0 0 0 0 0 0 0 0 0 0 0 0 0 0 0 0 0 0 0 0 0 0 0 0 0 0 0 0 0
81 3106 13 2 0 0 0 0 1 5 0 0 0 0 0 0 2 0 0 0 0 11 0 0 0 0 0 2 0 0 0 0 0 0 0 0 0 0 0 0 1 14 0 10 0 17 0 0 0 0 0 0 0 0 0 0 0 0 0 9 6 0 13 0 0 0 0 0 0 0 0 0 0 0 0 0 0 0 0 0 0 0 0 0 0 0 0 0 0 0 0 0 0 0 0 0 0 0 0 0 0 0 0 0 0 0 0 0 1 0 0 0 0 0 0 0 0 0 0 0 0 0 0 0 0 0 0 0 1 0 3 12 1 13 6 0 0 0 0 0 0 0 0 0 0 0 0 0 0 0 0 0 0 0 0 0 0 0 0 0 0 0 0 0 0 0 0 3 0 0 0 0 0 1 0 0 0 0 0 0 0 0 0 0 0 0 0 0 0 0 0 0 0 0 0 0 0 0 2 0 0 0 0 0 0 0 0 0 0 0 0 0 0 0 1 0 0 0 0 0 0 0 0 0 0 0 0 0 0 0 0 0 0 0 0 0 0 0 0 0 0 0 0 0 0 0 0 5 0 0 0
82 3290 21 53 0 0 0 0 2 1 0 2 0 0 0 0 4 0 0 0 0 5 0 2 0 0 0 8 0 0 0 0 0 0 0 0 0 0 0 0 4 5 0 13 0 5 0 0 0 0 0 0 0 0 0 0 0 0 0 10 10 5 12 0 0 0 0 0 0 0 0 0 0 0 0 0 0 0 0 0 1 0 0 0 0 0 0 0 0 0 0 0 0 0 0 0 0 0 0 0 0 0 0 0 0 0 0 0 0 0 0 0 0 0 0 0 0 0 0 0 0 0 0 0 0 1 0 0 0 0 5 12 0 0 6 0 0 1 1 0 0 0 0 0 1 0 0 0 0 0 0 0 0 0 0 0 0 0 0 0 0 0 0 0 0 0 3 1 1 0 0 1 2 1 0 0 0 0 0 0 0 0 0 0 0 0 0 0 0 0 0 0 0 0 0 0 0 0 1 0 0 0 0 0 0 0 0 0 0 0 0 1 0 0 0 0 0 0 0 0 0 0 0 0 0 0 1 0 0 0 0 0 0 0 0 0 0 1 0 0 0 0 0 0 0 0 0 1 0 0 3
83 2450 31 1 0 0 0 0 3 0 0 0 0 0 0 0 6 0 0 0 0 25 0 7 0 0 0 1 0 0 0 0 0 0 0 0 0 0 0 0 3 2 0 23 0 13 0 0 0 0 0 0 0 0 0 0 0 0 0 14 4 1 26 0 0 0 0 0 0 0 0 0 0 0 0 0 0 0 0 0 0 0 0 0 0 0 0 0 0 0 0 0 0 0 0 0 0 0 0 0 0 0 0 0 1 0 0 0 0 0 0 1 0 0 0 0 0 0 0 0 0 0 0 0 0 0 0 0 0 0 3 12 2 0 10 0 0 0 0 0 0 0 0 0 1 0 0 0 0 0 0 0 0 0 1 0 0 0 0 0 0 0 0 0 0 0 0 0 0 0 0 0 2 1 0 0 0 0 0 0 0 0 0 0 0 0 0 0 0 0 1 0 0 0 0 0 0 0 8 0 0 0 0 0 0 0 2 0 0 0 0 0 0 0 0 0 0 0 0 0 0 0 0 0 0 0 0 0 0 0 0 0 0 0 0 0 0 0 0 0 0 0 0 0 0 0 0 0 0 0 0
84 4107 28 0 0 0 0 0 10 1 1 0 0 0 0 0 0 0 0 1 0 3 0 3 0 0 2 6 0 0 0 0 2 0 0 0 0 0 0 0 9 5 0 22 0 5 0 0 0 0 0 0 0 0 0 0 0 0 0 18 9 17 21 0 0 0 0 0 0 0 0 0 0 0 0 0 0 0 0 0 0 0 0 0 0 0 0 0 0 0 0 0 0 0 0 0 0 0 0 0 0 0 0 0 2 0 0 0 0 0 0 0 0 0 0 0 0 0 0 0 0 0 0 0 0 0 0 0 0 0 3 7 3 0 11 0 1 0 0 0 0 0 0 0 0 0 0 0 2 0 1 0 0 1 0 0 0 0 0 0 0 0 0 0 0 0 0 0 0 0 0 2 4 2 0 0 0 0 0 0 1 0 0 0 0 0 0 0 0 0 0 0 0 0 0 0 0 0 2 0 0 0 0 0 0 0 0 0 0 0 0 0 0 0 0 0 0 0 0 0 0 0 0 0 0 0 1 0 0 0 0 0 0 0 0 0 0 0 0 0 0 0 0 0 0 0 0 1 0 0 1
85 6194 45 6 0 0 0 0 3 1 0 0 0 0 0 0 3 1 0 2 0 22 0 3 4 0 0 2 0 0 0 0 0 0 0 0 1 0 0 0 4 2 0 11 0 13 0 0 0 0 0 0 0 1 0 0 0 0 0 14 9 0 16 0 0 0 0 0 0 0 0 0 0 0 0 0 0 0 0 0 3 0 0 0 0 0 0 0 0 0 0 0 0 0 0 0 0 0 0 0 0 0 0 0 0 0 0 0 0 0 0 0 0 0 0 0 0 0 0 0 0 0 0 0 0 0 0 0 0 0 1 17 4 1 16 0 1 0 0 0 0 0 0 0 2 0 1 0 2 0 0 0 0 0 0 0 0 0 0 0 0 0 0 0 0 0 0 3 0 0 0 3 2 0 0 0 1 0 0 0 0 0 0 0 0 0 0 0 0 0 0 0 0 0 0 0 0 0 0 0 0 0 0 0 0 0 0 0 0 0 0 0 0 0 0 0 0 0 0 0 0 0 0 0 0 0 1 0 0 1 0 0 0 0 0 0 0 0 0 0 1 0 0 0 0 0 0 0 0 0 0
86 3214 12 20 0 0 0 0 2 0 1 0 0 0 0 0 4 0 0 0 0 1 0 1 1 0 0 0 0 0 0 0 1 0 0 0 0 0 0 0 3 2 0 13 0 16 0 0 0 0 0 0 0 0 0 0 0 0 0 6 14 1 18 0 0 0 0 0 0 0 0 2 0 0 0 0 0 0 0 0 3 0 0 0 0 0 0 0 0 0 0 0 0 0 0 0 0 0 0 0 0 0 0 0 0 0 0 0 0 0 0 0 0 1 0 0 0 0 0 0 0 0 0 0 0 0 0 0 0 0 3 4 3 0 5 0 0 1 0 0 0 0 0 0 1 0 0 0 0 0 0 0 0 1 0 0 0 0 0 0 0 0 0 0 0 0 0 1 0 0 0 1 7 7 0 0 0 0 0 0 0 0 0 0 0 0 0 0 0 0 0 0 0 0 0 0 0 1 6 0 0 0 0 0 0 0 0 0 0 0 0 0 1 0 0 0 0 0 0 0 0 0 0 0 0 0 0 1 0 0 0 0 0 0 0 0 1 0 0 0 0 0 0 0 0 0 0 0 0 0 0
87 6315 30 1 0 0 0 0 2 0 0 0 0 0 1 0 3 1 0 0 0 24 0 2 0 3 0 5 0 0 0 0 0 0 0 0 0 0 0 0 7 4 1 15 0 15 0 0 0 0 0 0 0 6 0 0 0 1 0 13 5 15 13 0 0 0 0 0 0 0 0 0 0 0 0 0 0 0 0 0 1 0 0 0 0 0 0 1 0 0 0 0 0 0 0 0 0 0 0 0 0 0 0 0 0 0 0 0 0 0 0 0 0 0 0 0 0 0 0 0 0 0 0 0 0 0 0 0 0 0 3 27 12 1 21 0 1 1 1 0 0 0 0 0 3 0 0 0 0 0 0 0 0 1 1 0 0 0 0 0 0 0 0 0 1 0 0 0 0 0 0 6 12 1 0 0 0 0 0 0 0 0 0 0 0 0 0 0 0 0 0 0 0 0 0 0 0 1 5 0 0 0 0 0 0 0 0 0 0 0 0 0 0 0 0 0 0 0 0 0 0 0 0 0 0 0 0 1 0 0 0 1 0 0 0 0 0 0 0 0 0 0 0 0 0 0 0 0 0 0 1
88 8671 32 8 0 0 0 0 6 3 0 1 0 0 0 0 2 0 0 2 0 15 0 0 0 1 0 3 0 0 0 0 4 0 0 0 0 0 0 0 14 8 0 33 0 26 0 0 0 0 0 0 0 0 1 0 0 1 2 32 24 8 26 0 0 0 0 0 0 0 0 0 0 0 0 0 0 0 0 0 0 0 0 0 0 0 0 0 0 0 0 0 0 0 0 0 0 0 0 0 1 0 0 0 0 0 0 0 0 0 0 1 0 0 0 0 0 0 0 0 2 0 0 0 0 0 0 0 0 0 6 33 10 2 25 0 0 2 0 0 0 0 2 0 14 1 1 0 2 0 0 0 0 1 1 0 0 0 0 0 0 0 0 0 0 0 0 2 1 0 0 0 9 3 0 0 2 0 0 0 0 0 0 0 0 0 0 0 0 0 0 0 0 0 0 0 0 0 0 0 0 0 0 0 0 0 0 0 0 0 0 0 0 0 0 0 0 0 0 0 0 0 0 0 0 0 0 0 0 0 0 0 0 0 0 0 0 0 0 0 0 0 0 0 0 0 0 1 0 0 0
89 3368 12 0 0 0 0 0 3 0 0 0 0 0 0 0 3 0 0 0 0 3 0 1 0 0 0 3 0 0 0 0 0 0 0 0 0 0 0 0 0 12 0 12 0 9 0 0 0 0 0 0 0 0 0 0 0 0 0 7 14 5 10 0 0 0 0 0 0 0 0 1 0 0 0 0 0 0 0 0 0 0 0 0 0 0 0 0 0 0 0 0 0 0 0 0 0 0 0 0 0 0 0 0 0 0 0 0 0 0 0 0 0 0 0 0 0 0 0 0 0 0 0 0 0 0 0 0 0 0 5 20 2 0 11 0 0 0 0 0 0 0 0 0 0 0 0 0 0 0 0 0 0 1 0 0 0 0 0 0 0 0 0 0 4 0 0 1 1 0 0 2 1 3 0 0 1 0 0 0 0 0 0 0 0 0 1 0 0 0 0 0 0 0 0 0 0 0 1 0 0 0 0 0 0 0 3 0 0 0 0 0 0 0 0 0 0 1 0 1 1 0 0 0 0 0 0 1 0 1 0 0 0 0 0 0 0 0 0 0 0 0 0 0 0 0 0 0 0 0 0
90 3579 27 0 0 0 0 0 1 7 0 0 0 0 2 0 7 1 0 0 0 17 0 1 0 0 0 8 0 0 0 0 1 0 0 0 0 0 0 0 8 11 0 32 0 32 0 0 0 0 0 0 0 3 0 0 0 1 0 25 15 2 35 0 0 0 0 0 0 0 0 0 0 0 0 0 0 0 0 0 3 0 0 0 0 0 0 0 0 0 0 0 0 0 0 0 0 0 0 0 0 0 0 0 0 0 0 0 0 0 0 0 0 0 0 0 1 0 0 0 0 0 0 0 0 0 0 0 0 0 11 21 5 11 12 0 0 0 0 0 0 0 0 0 4 0 0 0 1 0 0 0 0 2 2 0 0 0 0 0 0 0 0 0 3 0 0 2 0 0 0 0 1 3 0 0 0 0 0 0 0 0 0 0 0 0 0 0 0 0 0 0 0 0 0 0 0 0 10 0 0 0 0 0 0 0 0 0 0 0 0 0 4 0 0 0 0 0 0 7 0 0 0 0 0 0 0 1 0 0 0 0 0 0 0 0 0 0 0 0 0 0 0 0 0 0 0 0 0 0 2
91 2674 23 0 0 0 0 0 2 0 0 0 0 0 0 0 1 0 0 0 0 12 0 1 0 0 0 1 0 0 0 0 0 0 1 0 0 0 0 0 3 1 0 13 0 7 0 0 0 0 0 0 0 0 0 0 0 4 0 8 6 6 8 0 0 0 0 0 0 0 0 0 0 0 0 0 0 0 0 0 0 0 0 0 0 0 0 0 0 0 0 0 0 0 0 0 0 0 0 0 0 0 0 0 0 0 0 0 0 0 0 0 0 0 0 0 0 0 0 0 0 0 0 0 0 3 0 0 0 0 5 17 1 0 3 0 0 0 0 0 0 0 0 0 4 0 0 0 0 0 0 0 0 0 0 0 0 0 0 0 0 0 0 0 0 0 0 3 0 0 0 0 4 0 0 0 0 0 0 0 0 0 0 0 0 0 0 0 0 0 0 0 0 0 0 0 0 0 1 0 0 0 0 0 0 0 0 0 0 0 0 0 0 0 0 0 0 0 0 0 0 0 0 0 0 0 0 0 0 0 0 0 0 0 0 0 0 0 0 0 0 0 0 0 0 0 4 0 0 0 0
92 5567 14 0 0 0 0 0 7 1 0 0 0 0 0 0 2 0 0 0 0 11 0 2 0 3 0 4 1 0 0 0 0 0 0 0 0 0 0 0 3 10 0 21 0 13 0 0 0 0 0 0 0 1 0 0 0 0 0 22 19 11 26 0 0 0 0 0 0 0 0 0 0 0 0 0 0 0 0 0 4 0 0 0 0 0 0 0 0 0 0 0 1 0 0 0 0 0 0 0 1 0 0 0 0 0 0 0 0 0 0 3 0 0 0 0 0 0 0 0 0 0 0 0 0 0 0 0 0 0 6 11 0 6 23 0 0 0 3 0 0 1 0 0 5 0 0 0 0 0 2 0 0 3 0 0 0 0 0 0 0 0 0 0 2 0 0 5 0 0 1 1 5 6 0 0 0 0 0 0 0 0 0 0 0 0 0 0 0 0 0 0 0 0 0 0 0 0 1 0 0 0 0 0 0 0 0 0 0 0 0 0 0 0 0 0 1 0 0 0 0 0 0 0 0 0 0 0 0 0 0 0 0 0 1 0 0 0 0 0 0 0 0 0 0 0 0 1 0 0 0
93 3038 20 1 0 0 1 0 3 0 0 1 0 0 0 0 0 0 0 0 0 2 0 0 0 0 0 3 0 0 0 0 0 0 0 0 0 0 0 0 8 2 0 12 0 1 0 0 0 0 0 0 0 0 0 0 0 0 0 4 9 4 4 0 0 0 0 0 0 0 0 0 0 0 0 0 0 0 0 0 2 0 0 0 0 0 0 0 0 0 0 0 0 0 0 0 0 0 0 0 1 0 0 0 0 0 0 0 0 0 0 0 0 0 0 0 0 0 0 0 0 0 0 0 0 0 0 0 0 0 4 11 0 1 5 0 0 0 2 0 0 0 0 0 0 0 0 0 1 0 0 0 0 0 0 0 0 0 0 0 0 0 0 0 4 0 0 1 0 0 0 0 4 1 0 0 0 0 0 0 0 0 0 0 0 0 0 0 0 0 0 0 0 0 0 0 0 0 2 0 0 0 0 0 0 0 0 0 0 0 0 0 0 0 0 0 0 0 0 0 0 0 0 0 0 0 0 1 0 0 0 0 0 0 0 0 0 0 0 0 0 0 0 0 0 0 1 0 0 0 1
94 2887 21 6 0 0 0 0 0 3 0 0 0 0 0 0 2 0 0 0 0 14 0 0 0 0 0 1 0 0 0 0 0 0 0 0 0 0 0 0 3 3 0 6 0 18 0 0 0 0 0 0 0 1 0 0 0 0 0 9 5 2 10 0 0 0 0 0 0 0 0 4 0 0 0 1 0 0 0 0 0 0 0 0 0 0 0 0 0 0 0 0 0 0 0 0 0 0 0 0 0 0 0 0 0 0 0 0 0 0 0 0 0 0 0 0 0 0 0 0 0 0 0 0 0 0 0 0 0 0 1 23 2 9 1 0 0 0 0 0 0 0 0 0 3 0 2 0 1 0 0 0 0 0 0 0 0 0 0 0 0 0 0 0 1 0 0 0 0 0 0 1 5 1 0 0 1 0 0 0 0 0 0 0 0 0 0 0 0 0 0 0 0 0 0 0 0 0 0 0 0 0 0 0 0 0 0 0 0 0 0 0 0 0 0 0 0 1 0 0 0 0 0 0 0 0 0 0 0 0 0 1 0 0 0 0 0 0 0 0 0 0 0 0 0 0 0 0 0 0 12
95 3119 18 0 0 0 0 0 2 4 0 0 1 0 0 0 0 0 0 0 0 8 0 0 0 0 0 2 0 0 0 0 0 0 0 0 3 0 0 0 2 10 0 11 0 14 0 0 0 0 0 0 0 0 0 0 0 1 0 7 17 8 8 0 0 0 0 0 0 0 0 0 0 0 0 0 0 0 0 0 0 0 0 0 0 0 0 0 1 0 0 0 0 0 0 0 0 0 0 0 0 0 0 0 0 0 0 0 0 0 0 0 0 0 0 0 0 0 0 0 0 0 0 0 0 0 0 0 0 0 3 5 0 0 6 0 0 0 0 0 0 0 0 0 0 1 0 0 0 0 0 0 0 0 0 0 0 0 0 0 0 0 0 0 0 0 0 1 0 0 0 0 4 0 0 0 0 0 0 0 0 0 0 0 0 0 0 0 0 0 0 0 0 0 0 0 0 0 2 0 0 0 0 0 0 0 0 0 0 0 0 0 0 0 0 0 0 0 0 0 0 0 0 0 0 0 0 0 0 0 0 1 0 0 0 0 0 0 0 0 0 0 0 0 0 0 0 0 0 0 0
96 5086 61 4 0 7 0 0 1 45 0 0 0 0 0 0 7 0 0 4 0 39 0 15 2 0 0 6 0 0 0 0 0 0 0 0 1 0 0 0 3 73 0 45 0 230 0 0 0 0 0 0 0 1 0 2 0 2 0 64 38 9 43 0 0 0 0 0 0 0 0 0 0 0 0 0 0 0 0 0 3 0 0 0 1 0 0 0 0 0 0 0 0 0 1 0 0 0 0 0 0 0 0 1 0 0 0 0 0 0 0 0 0 1 0 0 0 0 0 0 0 0 0 0 0 0 0 0 0 0 15 65 3 62 70 0 2 0 0 2 0 0 1 0 47 0 6 0 0 0 0 0 0 1 0 0 0 0 0 0 0 0 0 0 1 0 0 3 0 0 4 6 44 23 0 0 7 0 0 0 0 0 0 0 0 0 0 0 1 0 0 0 0 0 0 0 0 1 7 0 0 0 0 0 0 0 0 0 0 0 0 0 0 0 0 1 0 2 0 10 0 0 0 0 0 0 4 0 0 0 0 0 0 0 0 0 1 4 0 0 0 0 0 0 0 0 1 0 0 0 8
97 8273 58 1 0 0 1 0 10 18 0 1 0 0 0 0 4 0 0 0 0 33 0 3 8 2 0 6 0 0 0 0 1 0 0 0 0 0 0 0 9 54 0 44 0 117 0 0 0 0 0 0 0 0 0 0 0 2 0 33 29 18 23 0 0 0 0 0 0 0 0 0 0 0 0 0 0 0 0 0 3 0 0 0 0 0 0 0 0 0 0 0 0 0 0 0 0 0 0 0 0 0 0 0 4 0 0 0 0 0 0 0 0 0 0 0 0 0 0 1 0 0 0 0 0 0 0 0 0 0 5 65 11 17 31 0 0 0 0 0 0 0 0 0 4 0 4 0 0 0 0 0 0 1 0 0 0 0 0 0 0 0 0 0 1 0 3 0 0 0 4 3 46 13 0 0 0 0 0 0 0 0 0 0 0 0 0 0 0 0 0 0 0 0 0 0 0 1 7 0 0 0 0 0 0 0 0 0 0 0 0 0 0 0 0 4 0 5 0 1 0 0 0 0 0 0 1 3 0 0 0 0 0 0 1 0 0 0 0 2 0 0 0 0 0 0 0 8 0 0 0
98 12573 62 15 0 0 0 0 2 27 0 1 0 0 0 1 16 0 2 2 0 49 1 7 13 0 0 6 0 0 0 0 1 0 0 0 0 0 0 0 4 28 1 57 1 191 0 0 0 0 0 0 0 8 5 0 0 0 0 66 34 14 50 0 0 0 0 0 0 0 0 1 0 0 0 0 0 0 0 0 0 0 0 0 0 0 0 1 0 0 0 0 0 0 0 0 0 0 0 0 2 0 0 0 3 0 0 0 0 0 1 1 0 2 0 0 0 0 0 0 0 0 0 0 2 2 0 0 0 0 21 64 2 26 58 1 2 0 0 0 0 0 0 0 11 2 2 0 2 0 2 0 0 2 2 0 0 0 0 0 1 0 0 0 3 0 0 14 0 0 3 4 34 7 0 0 0 0 0 0 0 0 0 0 0 0 1 0 0 0 0 0 0 0 0 0 0 2 16 0 0 0 0 0 0 0 1 0 0 0 0 0 0 0 0 0 0 1 0 3 0 0 0 0 0 0 1 3 0 0 0 0 0 1 0 0 2 0 0 1 0 0 0 0 0 0 0 3 0 0 3
99 8589 56 1 0 0 0 1 0 1 0 0 0 0 0 0 4 0 0 3 0 25 0 4 4 0 1 5 0 0 0 0 3 0 0 0 0 0 0 0 6 13 0 17 0 24 0 0 0 0 0 0 0 0 0 0 0 0 0 29 32 3 19 0 0 0 0 0 0 0 0 0 0 0 0 0 0 0 1 0 2 0 0 0 0 0 0 0 0 0 0 0 0 0 0 0 0 0 0 0 0 0 0 0 0 0 0 1 0 0 0 0 0 0 0 0 0 0 0 0 0 0 0 0 0 0 0 0 0 0 4 10 0 6 26 0 1 0 0 0 0 0 0 0 4 4 1 0 1 0 0 0 0 3 0 0 0 0 0 0 0 0 0 0 2 0 0 2 0 0 0 1 6 10 0 0 0 0 0 0 1 0 0 0 0 0 0 0 0 0 0 1 0 0 0 0 0 2 3 0 0 0 0 0 0 0 0 0 0 0 0 0 2 0 0 0 0 0 0 5 0 0 0 0 0 0 1 4 0 0 0 0 0 2 0 0 0 0 0 0 0 0 0 0 0 0 0 0 0 0 1
100 9214 38 2 0 0 0 0 3 15 2 2 0 0 0 0 4 0 0 1 0 20 0 4 4 0 0 3 0 0 0 0 1 0 0 0 0 0 0 0 6 19 0 28 0 35 0 3 0 0 0 0 0 3 0 1 0 0 0 10 15 10 39 0 0 0 0 0 0 0 0 4 0 0 0 0 0 0 0 0 3 0 0 0 0 0 0 0 0 1 0 0 0 0 0 0 0 0 0 0 1 0 1 0 0 0 0 0 0 0 0 0 0 0 0 0 0 0 0 0 0 0 0 0 0 0 0 2 2 1 5 8 2 18 22 0 1 0 0 0 0 1 0 0 2 0 2 0 2 0 0 0 0 2 0 0 0 0 0 0 0 0 0 0 0 0 0 1 0 0 1 0 9 7 0 0 2 0 0 0 0 0 0 0 0 0 0 0 0 0 0 0 0 0 0 0 0 3 4 0 0 0 0 0 0 0 0 0 0 0 0 0 0 0 0 2 0 0 0 1 0 0 0 0 0 0 2 0 0 0 0 1 0 1 0 0 0 0 0 0 0 0 0 0 0 0 0 0 0 1 2
101 9498 51 9 0 1 0 0 3 15 0 0 0 0 0 0 7 0 0 0 0 39 0 9 1 0 0 5 0 0 0 0 2 0 0 0 0 0 0 0 6 12 0 27 0 132 0 3 0 0 0 0 0 0 0 0 0 0 0 39 95 29 45 0 0 0 0 0 0 0 0 2 1 0 0 0 0 0 0 0 1 0 0 0 0 0 0 0 0 0 1 0 0 0 2 0 0 0 0 0 0 0 0 0 0 0 0 0 1 0 0 3 0 1 0 0 0 0 0 0 0 0 0 0 0 1 0 0 0 0 17 134 1 34 42 0 1 0 0 0 0 1 0 0 17 0 0 0 0 0 0 4 0 1 1 0 0 0 0 0 0 0 0 0 0 0 0 7 0 0 2 2 36 12 0 0 1 0 0 0 0 0 0 0 0 0 0 0 0 0 0 0 0 0 0 0 0 3 0 0 0 0 0 0 0 0 0 1 0 0 0 0 0 0 0 1 1 0 0 0 0 0 0 0 0 0 0 1 0 0 1 0 0 0 0 1 0 1 1 0 0 0 0 0 0 0 0 0 0 0 2
102 9311 47 6 0 0 0 0 3 35 1 0 0 0 0 1 4 0 0 0 0 30 0 2 3 0 0 3 0 0 0 0 0 0 1 0 0 0 0 0 6 14 0 20 0 85 0 0 0 0 0 0 0 0 0 0 0 0 0 31 32 10 17 0 0 0 0 0 0 0 0 1 0 0 1 0 0 0 0 0 2 0 0 0 0 0 0 0 0 1 0 0 0 0 1 0 0 0 0 0 0 0 0 0 1 0 0 0 2 0 0 0 0 0 0 0 0 0 0 0 0 0 0 0 0 0 0 0 2 0 6 51 11 33 26 0 0 0 0 0 0 0 0 0 7 1 3 0 2 0 0 0 0 0 0 0 0 0 0 0 0 0 0 0 0 0 0 1 0 0 5 2 55 6 0 0 0 0 0 0 0 0 0 0 0 0 0 0 1 0 0 0 0 0 0 0 0 1 0 0 0 0 0 0 0 0 1 1 0 0 0 1 0 0 1 0 0 8 0 1 0 0 0 0 0 0 2 0 0 0 0 0 0 0 0 0 0 1 0 0 0 0 0 0 0 0 0 0 0 0 0
103 7755 75 6 0 1 0 0 9 20 0 1 0 0 0 0 6 1 0 3 0 57 0 3 6 0 1 7 0 0 0 0 0 0 0 0 0 0 0 2 12 60 1 46 0 188 0 0 0 0 0 0 0 1 0 0 0 0 0 48 43 12 22 0 0 0 0 0 0 0 0 1 0 0 0 0 0 0 0 0 0 0 0 0 1 0 0 1 0 3 0 0 0 0 0 0 0 0 0 0 1 0 0 0 0 0 0 0 0 0 0 0 0 0 0 0 0 0 0 0 0 0 0 0 0 0 0 0 0 0 10 29 2 9 16 0 0 0 0 0 0 0 0 0 16 1 3 0 0 0 0 0 0 0 0 0 0 0 0 0 0 0 0 0 1 0 0 5 0 0 7 4 36 16 0 0 3 0 0 1 0 0 0 0 0 0 0 0 1 0 0 0 0 0 0 0 0 3 14 0 0 0 0 0 0 0 0 0 0 0 0 0 1 0 0 1 0 3 0 1 0 0 0 0 0 0 0 0 0 0 0 2 0 0 1 0 0 0 0 0 0 0 0 0 1 0 0 0 0 0 3
104 2886 14 0 0 0 0 0 2 0 0 0 0 0 0 0 1 0 0 0 0 4 0 1 0 0 0 2 0 0 0 0 0 0 0 0 0 0 0 0 4 4 0 4 0 4 0 0 0 0 0 0 0 0 0 0 0 0 0 4 9 2 1 0 0 0 0 0 0 0 0 0 0 0 0 0 0 0 0 0 0 0 0 0 0 0 0 0 0 0 0 0 0 0 0 0 0 0 0 0 0 0 2 0 0 0 0 0 0 0 0 0 0 0 0 0 0 0 0 0 0 0 0 0 0 0 0 0 2 0 4 12 0 0 4 0 0 0 0 0 0 0 0 0 1 0 0 0 1 0 0 0 1 0 0 0 0 0 0 0 0 0 0 0 0 0 0 1 0 0 1 0 1 4 0 0 0 0 0 0 0 0 0 0 0 0 0 0 0 0 0 0 0 0 0 0 0 0 3 0 0 0 0 0 0 0 0 0 1 0 0 0 0 0 0 0 0 0 0 1 0 0 0 0 0 0 0 0 0 1 0 0 0 0 0 0 0 0 0 0 0 0 0 0 0 0 0 0 0 0 0
105 7284 43 6 0 3 0 0 25 1 0 1 0 0 0 0 5 0 0 0 0 19 0 11 0 0 0 10 0 0 0 0 2 0 0 0 0 0 0 0 15 4 0 70 0 7 0 0 0 0 0 0 0 1 0 0 0 1 0 36 37 7 43 0 0 0 0 0 0 0 0 1 0 0 1 0 0 0 0 0 7 0 0 0 0 0 0 2 0 0 0 0 1 0 1 0 0 0 0 0 1 0 0 0 0 0 0 0 0 0 0 2 0 1 0 0 0 0 0 0 0 0 0 0 0 0 0 1 0 0 14 34 17 0 29 0 0 0 0 0 1 0 0 0 1 0 4 0 2 0 7 0 0 1 0 0 0 0 0 0 0 0 1 0 1 0 0 2 0 0 1 5 4 12 0 0 1 0 0 0 0 0 0 0 0 0 0 0 0 0 0 0 0 0 0 0 0 0 6 0 0 0 0 0 0 0 0 0 0 0 0 0 0 0 0 0 0 0 0 0 0 0 0 0 0 0 0 1 0 0 0 0 0 0 0 0 0 0 0 0 0 0 0 0 0 0 0 0 0 0 0
106 2735 22 0 0 0 0 0 1 0 0 0 0 0 0 0 0 0 0 0 0 11 0 0 0 0 0 2 0 0 0 0 0 0 0 0 0 0 0 0 4 1 0 9 0 6 0 0 0 0 0 0 0 0 0 0 0 0 0 12 7 1 11 0 0 0 0 0 0 0 0 0 0 0 0 0 0 0 0 0 0 0 0 0 0 0 0 1 0 0 0 0 0 0 0 0 0 0 0 0 0 0 0 0 0 0 0 0 0 0 0 3 0 0 0 0 0 0 0 0 0 0 0 0 0 1 0 1 0 0 5 1 0 0 2 0 0 0 0 0 0 0 0 0 3 0 1 0 0 0 0 0 0 0 0 0 0 0 0 0 0 0 0 0 0 0 0 2 0 0 0 1 2 4 0 0 0 0 0 0 0 0 0 0 0 0 0 0 0 0 0 0 0 0 0 0 0 0 1 0 0 0 0 0 0 0 0 0 0 0 0 0 0 0 0 0 0 1 0 0 0 0 0 0 0 0 0 0 0 0 0 0 0 0 0 0 0 0 0 0 0 0 0 0 0 0 0 0 0 0 0
107 8903 27 9 0 0 0 0 11 3 0 0 0 0 0 0 2 1 0 0 0 19 0 1 2 8 0 2 0 0 0 0 0 0 0 0 1 0 0 0 10 9 0 30 0 18 0 0 0 0 0 0 0 1 0 0 0 0 0 22 32 11 34 0 0 0 0 0 0 0 0 0 0 0 0 0 0 0 0 0 1 0 0 0 0 0 0 0 0 0 0 0 0 0 0 0 0 0 0 0 1 0 0 0 0 0 0 0 1 0 0 0 0 0 0 0 0 0 0 0 0 0 0 0 0 1 0 0 0 0 7 19 1 1 17 0 0 0 0 0 0 0 0 0 27 0 0 0 1 0 0 0 0 1 0 0 0 0 0 0 0 0 0 0 3 0 3 5 0 0 0 0 2 6 0 0 0 0 0 0 1 0 0 0 0 0 0 0 0 0 0 0 0 0 0 0 0 0 9 0 0 0 0 0 0 0 3 0 0 0 0 0 0 0 0 0 0 0 0 0 0 0 0 0 0 0 0 2 0 0 0 0 0 0 0 0 0 0 0 0 0 0 0 0 0 0 0 0 0 0 5
108 3881 31 13 0 0 0 0 0 0 0 0 0 0 0 0 1 0 0 0 0 8 0 0 0 0 0 2 0 0 0 0 3 0 0 0 0 0 0 0 2 7 1 23 0 17 0 0 0 0 0 0 0 1 0 0 0 0 0 9 20 10 11 0 0 0 0 0 0 0 0 0 0 0 0 0 0 0 0 0 2 0 0 0 0 0 0 0 0 0 0 0 0 0 0 0 0 0 0 0 0 0 0 0 0 0 0 0 0 0 0 1 0 0 0 0 0 0 0 0 0 0 0 0 0 0 0 0 0 0 0 15 6 5 10 1 0 0 0 0 0 0 0 0 0 1 0 0 0 0 0 0 0 0 0 0 0 0 0 0 0 0 0 0 1 0 0 1 0 0 0 2 4 13 0 0 0 0 0 0 0 0 0 0 0 0 0 0 0 0 0 1 0 0 0 0 0 0 1 0 0 0 0 0 0 0 0 0 0 0 0 0 0 0 0 0 0 0 0 6 0 0 0 0 0 0 0 0 0 0 0 0 0 0 0 0 0 0 0 0 5 0 0 0 0 0 0 0 0 0 0
109 3370 17 1 0 0 0 0 6 1 0 1 0 0 0 0 0 0 0 0 0 2 0 0 0 0 0 2 0 0 0 0 0 0 0 0 0 0 0 0 9 0 0 10 0 3 0 0 0 0 0 0 0 0 0 0 0 0 0 8 23 4 11 0 0 0 0 0 0 0 0 0 0 0 0 0 0 0 0 0 0 0 0 0 0 0 0 0 0 0 0 0 0 0 0 0 0 0 0 0 0 0 0 0 0 0 0 0 0 0 0 1 0 0 0 0 0 0 0 0 0 0 0 0 0 0 0 0 0 0 0 14 0 1 9 0 0 0 0 0 0 0 0 0 0 1 0 0 0 0 0 0 0 1 0 0 0 0 0 0 0 0 0 0 0 0 6 1 0 0 2 0 4 1 0 0 0 0 0 0 0 0 0 0 0 0 0 0 0 0 0 0 0 0 0 0 0 0 0 0 0 0 0 0 0 0 0 0 0 0 0 0 0 0 0 0 0 0 0 0 0 0 0 0 0 0 0 0 0 0 0 0 0 0 0 0 0 0 0 0 0 0 0 0 0 0 0 0 0 0 0
110 7078 48 20 0 0 0 0 9 0 0 1 0 0 0 0 6 0 0 0 0 15 0 1 0 0 0 2 0 0 0 0 1 0 0 0 0 0 0 0 14 8 0 26 0 4 0 0 0 0 0 0 0 0 0 0 0 3 0 28 27 5 25 0 0 1 0 0 0 0 0 0 0 0 0 0 0 0 0 0 1 0 0 0 1 0 0 0 0 1 0 3 0 0 0 0 0 0 0 0 0 0 0 0 1 0 0 0 0 0 0 0 0 0 0 0 0 0 0 0 0 0 0 0 0 1 0 0 0 0 7 10 4 2 20 0 0 1 0 0 0 0 0 0 3 0 0 0 1 0 0 0 0 1 0 0 0 0 0 0 0 0 0 0 1 0 0 9 0 0 1 3 19 18 0 0 0 0 0 0 0 0 0 0 0 0 0 0 0 0 0 0 0 0 0 0 0 0 7 0 0 0 0 0 0 0 0 0 0 0 0 0 0 0 0 0 0 0 0 0 0 0 0 0 0 0 0 1 0 0 0 1 0 1 0 0 1 0 0 0 0 0 1 0 0 0 0 3 1 0 0
111 6497 34 4 0 1 0 0 3 17 0 6 0 0 0 0 6 1 0 0 0 38 0 4 2 0 0 15 0 0 0 0 9 0 0 0 0 0 0 3 14 53 3 51 0 151 0 1 0 0 0 0 0 1 0 0 0 0 0 74 50 18 39 0 0 0 0 0 0 0 0 3 0 0 1 2 0 0 0 0 6 0 0 0 0 0 0 1 1 0 0 0 1 0 1 0 0 0 0 0 1 0 0 0 1 0 0 0 0 0 0 0 0 0 0 0 1 0 0 0 2 0 0 0 0 3 0 0 1 0 24 437 71 13 121 3 0 1 0 0 0 0 0 0 9 19 5 0 6 1 2 0 0 8 3 5 0 0 0 0 0 0 0 0 8 0 0 5 2 0 3 20 47 20 0 0 11 0 1 0 0 0 0 0 0 0 0 0 0 0 0 0 0 0 0 0 0 5 47 0 3 0 0 0 0 0 0 0 0 0 0 1 0 0 0 0 0 0 0 3 0 1 0 0 0 0 0 0 0 0 0 0 0 0 0 0 2 0 0 0 1 0 0 0 0 0 0 0 0 0 3
112 2986 9 5 0 0 0 0 1 15 0 6 0 0 0 0 7 0 0 0 0 37 0 2 1 1 0 20 0 0 0 0 1 0 0 0 0 0 0 6 3 17 1 29 0 122 0 4 0 0 0 0 0 1 0 0 0 2 0 32 27 11 31 0 0 0 0 0 0 0 0 0 0 0 0 0 0 1 0 0 0 0 0 0 0 0 0 0 0 0 0 0 1 0 0 0 0 0 0 0 0 0 0 0 0 0 0 0 0 0 0 0 0 0 0 0 0 0 0 0 0 0 0 0 0 1 0 0 1 0 10 193 28 2 31 0 0 0 1 0 2 0 2 0 3 10 0 0 3 0 0 0 0 1 5 4 0 0 0 0 0 0 0 0 9 0 0 3 0 0 0 5 42 10 0 0 5 0 0 0 1 0 0 0 0 0 0 0 0 0 0 0 0 0 0 0 0 0 39 0 0 0 0 0 0 0 0 0 0 0 0 0 0 0 0 0 0 4 0 10 0 0 0 0 0 0 1 0 0 0 0 1 0 0 0 0 0 0 0 0 0 0 0 0 0 0 0 3 0 0 3
113 7662 40 7 0 0 0 0 8 13 0 1 0 0 0 0 7 0 0 0 0 46 0 6 3 0 1 14 0 0 0 0 4 0 0 0 0 0 0 1 15 76 0 69 0 198 0 7 0 0 0 0 0 2 0 0 0 1 0 90 53 24 62 0 0 0 0 0 0 0 0 0 0 0 0 1 0 0 0 0 11 0 0 0 0 0 0 1 0 1 0 0 0 0 0 0 0 0 0 0 2 0 0 0 5 0 0 1 0 0 0 2 0 0 0 0 0 0 0 0 0 0 0 0 0 1 0 1 1 0 19 358 51 1 137 6 1 0 1 0 0 0 0 0 15 11 2 0 5 0 4 0 0 2 8 2 0 0 0 0 0 0 0 0 21 1 1 2 0 0 1 6 85 23 0 0 9 0 0 1 1 0 0 0 0 0 0 0 0 0 0 0 0 0 0 0 0 5 32 0 0 0 0 0 0 0 0 0 0 0 0 0 0 0 2 0 0 0 0 3 0 3 0 0 0 0 1 7 0 0 0 1 0 0 0 0 4 0 0 0 0 0 0 0 0 0 0 2 1 0 7
114 4373 28 10 0 0 0 0 3 2 0 0 0 0 0 1 0 0 0 1 0 13 0 0 0 0 0 0 0 0 0 0 1 0 0 0 0 0 0 0 6 2 0 14 0 6 0 0 0 0 0 0 0 0 0 0 0 0 0 26 31 1 11 0 0 0 0 0 0 0 0 0 0 0 0 0 0 0 0 0 0 0 0 0 0 0 0 0 0 0 0 0 0 0 0 0 0 0 0 0 0 0 1 0 1 0 0 0 0 0 0 2 0 0 0 0 0 0 0 0 0 0 0 0 0 0 0 0 0 0 3 19 20 4 4 1 0 0 0 0 0 0 0 0 1 0 1 0 1 0 1 0 0 1 0 0 0 0 0 0 0 0 0 0 2 0 0 0 0 0 0 4 28 35 0 0 7 0 0 0 0 0 0 0 0 0 1 0 0 1 0 0 0 0 0 0 0 5 0 0 0 0 0 0 0 0 0 0 0 0 0 0 0 0 0 0 0 0 0 1 0 0 0 0 0 0 0 1 0 0 0 0 0 0 0 0 0 1 0 0 0 0 1 0 0 0 0 1 0 0 1
115 6595 33 4 0 0 0 0 5 0 0 1 0 0 0 0 0 0 0 1 0 12 0 3 0 0 4 2 0 0 0 0 0 0 0 0 0 0 0 0 4 9 0 22 0 6 0 3 0 0 0 0 0 1 0 0 0 0 0 4 26 1 15 0 0 1 0 0 0 2 0 0 0 0 0 0 0 0 0 0 2 0 0 0 0 0 0 0 0 0 0 0 0 0 0 0 0 0 0 0 0 0 0 0 0 0 0 0 0 0 0 0 0 0 0 0 0 0 0 0 0 0 0 0 0 0 0 0 0 0 2 30 1 7 10 0 0 0 0 0 0 0 0 0 1 0 0 0 0 0 0 0 0 0 3 0 0 0 0 0 0 0 0 0 0 0 0 8 0 0 4 0 0 5 0 0 1 0 0 0 0 0 0 0 0 0 0 0 0 0 0 0 0 0 0 0 0 0 1 0 0 0 0 0 0 0 0 0 0 0 0 0 0 0 0 0 0 0 0 1 0 0 0 0 0 0 0 1 0 0 0 0 0 0 0 0 0 1 0 0 0 0 0 0 0 0 0 2 0 0 0
116 3275 12 1 0 0 0 0 2 0 0 0 0 0 0 0 1 0 0 0 0 3 0 1 1 0 0 3 0 0 0 0 0 0 0 0 0 0 0 0 9 6 0 14 0 1 0 0 0 0 0 0 0 0 0 0 0 0 0 10 5 1 10 0 0 0 0 0 0 0 0 0 0 0 0 0 0 0 0 0 0 0 0 0 0 0 0 0 0 0 0 0 0 0 0 0 0 0 0 0 0 0 0 0 0 0 0 0 0 0 0 0 0 0 0 0 0 0 0 0 0 0 0 0 0 0 0 0 0 0 4 3 0 0 5 0 0 0 0 0 0 0 0 0 1 0 0 0 0 0 0 0 0 0 2 0 0 0 0 0 0 0 0 0 0 0 0 1 0 0 0 2 0 1 0 0 0 0 0 0 0 0 0 0 0 0 0 0 2 0 0 0 0 0 0 0 0 0 0 0 0 0 0 0 0 0 0 0 0 0 0 0 0 0 0 0 0 3 0 0 0 0 0 0 0 0 0 1 0 0 0 0 0 0 0 0 0 0 0 0 0 0 0 0 0 0 0 0 0 0 1
117 7223 22 1 0 5 0 0 6 1 0 0 0 0 0 0 1 0 0 0 0 15 0 2 0 0 0 3 0 0 0 0 0 0 0 0 0 0 0 1 2 31 0 23 0 63 0 1 0 0 0 0 0 7 0 0 0 1 0 17 44 1 20 0 0 0 3 0 0 0 0 0 0 0 0 0 0 0 0 0 1 0 0 0 0 0 0 0 0 0 0 0 0 0 0 0 0 0 0 0 0 0 0 0 2 0 0 0 0 0 0 0 0 0 0 0 0 0 0 0 0 0 0 0 0 1 0 0 0 0 3 55 9 1 6 0 0 3 0 0 0 0 0 0 14 0 1 0 0 0 0 0 0 0 0 0 0 0 0 0 0 0 0 0 3 0 0 4 0 0 5 2 6 9 0 0 5 0 1 0 1 0 0 0 0 0 0 0 4 0 2 0 0 0 0 0 0 2 1 0 0 0 0 0 0 0 0 0 0 0 0 0 0 0 0 0 0 0 0 1 0 0 0 0 0 0 0 1 0 0 0 0 0 0 0 0 0 0 0 0 0 0 0 0 0 0 0 0 0 0 0
118 9942 47 2 0 4 1 0 0 17 0 0 0 0 0 0 5 0 0 0 0 32 0 6 1 1 0 16 0 0 0 0 0 0 0 0 0 0 0 0 11 21 0 33 0 32 0 1 0 0 0 0 0 2 2 0 0 0 0 21 47 10 46 0 0 0 0 0 0 1 0 1 0 0 0 0 0 0 0 0 1 0 0 0 0 0 0 0 0 1 0 0 0 0 0 0 0 0 0 0 1 0 0 0 1 0 0 0 0 0 0 0 0 0 0 0 0 0 0 0 0 0 0 0 0 0 0 0 0 0 7 114 67 1 39 0 1 3 0 0 0 0 0 0 15 0 1 0 3 0 0 1 0 0 7 0 0 0 0 0 0 0 0 0 10 0 1 3 0 0 0 20 18 97 0 0 3 0 0 0 0 0 0 0 0 0 0 0 1 0 0 0 0 0 0 0 0 1 31 0 0 0 0 0 0 0 0 0 1 0 0 0 0 0 6 0 0 0 0 0 0 0 0 0 0 0 1 1 0 0 0 0 0 0 0 3 0 1 0 1 0 0 0 0 0 0 0 4 0 0 17
119 11272 58 7 0 3 0 0 11 9 1 0 0 0 0 1 4 0 0 0 0 28 0 1 8 3 0 20 0 0 2 0 6 0 0 0 0 0 0 2 22 43 0 61 0 52 0 0 0 0 0 0 0 10 0 0 0 0 0 45 61 18 51 0 0 0 0 0 0 0 0 0 0 0 0 0 0 1 0 0 6 0 0 0 1 0 0 0 1 0 1 0 2 0 0 0 0 0 0 0 0 0 0 0 0 0 0 0 2 0 0 0 0 0 0 0 0 0 0 0 0 0 0 0 0 2 0 1 2 0 22 119 60 11 123 1 0 0 0 0 4 0 0 0 11 0 3 0 0 0 4 0 0 1 3 0 0 0 0 0 0 0 0 0 26 0 0 3 5 0 0 8 43 51 0 0 5 0 0 0 0 0 0 0 0 0 0 0 0 0 0 0 0 0 0 0 0 2 30 0 0 0 0 0 0 0 0 0 1 0 0 0 1 0 0 0 0 1 0 6 0 0 0 0 0 0 1 2 0 0 0 6 0 0 0 0 0 1 0 0 1 0 0 0 0 0 0 0 0 0 19
120 8494 94 14 0 0 0 0 9 38 0 10 0 0 0 0 12 0 0 0 0 68 0 5 1 2 0 21 0 0 0 0 0 0 1 0 0 0 0 3 10 59 2 45 0 222 0 0 0 0 1 0 0 9 0 0 0 2 0 61 108 38 46 0 0 0 1 0 1 2 0 4 0 0 0 0 0 0 2 0 4 0 0 0 0 0 0 2 1 1 0 0 4 0 0 2 0 0 0 0 3 0 0 0 0 0 0 0 0 0 0 0 0 1 1 0 0 0 0 0 1 0 0 1 0 1 0 0 0 1 40 392 91 12 146 0 1 1 2 0 0 1 0 0 5 8 4 0 2 0 8 0 0 64 3 8 0 0 0 0 0 0 0 0 26 0 6 11 3 0 47 10 154 87 0 0 9 0 0 0 0 0 0 0 0 0 0 0 0 1 0 0 0 0 1 0 0 8 25 0 0 0 0 0 0 0 0 0 0 0 0 0 0 0 0 0 4 0 0 3 0 0 0 0 0 0 0 1 0 0 0 1 0 3 0 1 2 0 0 0 0 0 0 0 0 0 0 5 0 0 3
121 7023 31 12 0 0 0 1 8 0 0 0 0 0 0 0 4 0 0 1 0 22 0 4 2 0 0 2 0 0 0 0 0 0 2 0 0 0 0 0 7 3 0 28 0 3 0 0 0 0 0 0 1 0 0 0 0 2 0 14 29 0 19 0 0 0 1 0 0 0 0 3 0 0 0 0 0 0 1 0 4 0 0 0 1 0 0 0 0 0 0 0 0 0 0 0 0 0 0 0 0 0 1 0 2 0 0 0 0 0 0 0 0 0 0 0 0 0 0 0 0 0 0 0 0 0 0 0 0 0 10 24 12 0 8 0 0 0 0 0 0 0 0 0 3 0 2 0 0 1 0 0 0 0 1 0 0 0 0 0 0 0 0 0 3 0 0 1 0 0 0 4 0 19 0 0 2 0 0 0 0 0 0 0 0 0 0 0 0 0 0 0 0 0 0 0 0 0 0 0 0 0 0 0 0 0 0 0 0 0 0 0 0 0 0 0 0 0 0 0 0 0 0 0 0 0 0 0 0 0 0 0 0 0 0 0 0 0 0 0 0 0 0 0 0 0 0 6 0 0 0
122 5618 37 14 0 2 0 0 8 9 0 2 0 0 0 0 5 0 0 8 0 23 0 11 3 1 0 16 0 0 1 0 0 0 0 0 0 0 0 0 13 33 1 53 0 37 0 0 0 0 0 0 0 1 0 0 0 0 0 23 77 16 66 0 0 0 1 0 0 0 0 2 0 0 0 1 0 0 0 0 3 0 0 0 0 0 0 1 0 0 0 0 0 0 0 0 0 0 0 0 0 0 0 0 0 0 0 0 0 0 0 1 0 1 0 0 0 0 0 0 0 0 0 0 0 1 0 2 0 0 26 178 59 13 132 0 0 1 0 1 0 0 0 0 12 10 2 0 3 1 2 1 0 16 5 6 0 0 0 0 0 0 0 0 4 0 0 6 0 0 12 14 82 54 0 0 10 0 1 0 2 0 0 0 0 0 1 0 2 0 0 0 0 0 0 0 0 4 42 0 0 0 0 0 0 0 0 0 0 0 0 0 0 0 0 5 1 0 0 9 0 0 0 0 0 0 1 1 2 1 0 1 0 0 4 0 0 0 0 0 1 0 0 0 0 0 0 0 1 0 7
123 9745 34 9 0 0 0 0 5 7 0 0 0 0 0 0 1 0 0 1 0 23 0 3 0 0 0 7 0 0 0 2 2 0 0 0 0 0 0 1 3 11 0 23 0 23 0 0 0 0 0 0 0 0 0 0 0 3 0 15 81 21 44 0 0 0 0 0 0 0 0 0 0 0 0 0 0 0 0 0 0 0 0 0 0 0 0 0 0 0 0 0 0 0 0 0 0 0 0 0 5 0 0 0 0 0 0 1 0 1 1 0 0 0 0 0 0 0 0 0 0 0 0 0 0 1 0 0 0 0 14 48 15 20 35 0 1 3 0 0 0 0 0 0 11 0 0 0 0 0 0 0 0 0 1 0 0 0 0 0 0 0 0 0 2 0 0 4 1 0 0 8 19 43 0 0 1 0 0 0 0 0 0 0 0 0 0 0 0 0 0 0 0 0 0 0 0 4 5 0 0 0 0 0 0 0 0 0 0 0 0 0 0 0 0 0 0 0 0 0 0 0 0 0 0 0 0 1 0 0 0 0 0 0 0 1 0 0 0 0 0 0 0 0 0 0 0 0 0 0 1
124 10432 52 0 0 0 0 0 2 22 0 0 0 0 0 0 3 0 0 2 0 33 0 4 3 0 0 14 0 0 10 0 0 0 0 0 0 0 0 0 2 27 0 48 0 67 0 0 0 0 0 0 0 0 0 0 0 0 0 25 110 27 43 0 0 0 0 0 0 0 0 4 2 0 0 0 0 0 0 0 2 0 0 0 0 0 0 2 1 0 0 0 0 0 0 0 0 0 0 0 0 0 0 0 0 0 0 1 0 0 0 3 0 0 0 0 0 0 0 0 0 0 0 0 0 0 0 0 0 0 14 65 28 18 41 0 0 1 0 0 0 0 0 0 14 2 0 0 0 0 2 0 0 0 1 1 0 0 0 0 0 0 0 0 9 0 6 1 0 0 4 0 62 86 0 0 6 0 0 0 0 0 0 0 0 0 0 0 0 1 0 0 0 0 8 0 0 8 9 0 0 0 0 0 0 0 1 0 0 0 0 0 0 0 0 0 0 1 0 0 0 0 0 0 0 0 6 5 1 0 1 1 0 0 0 1 0 0 1 0 0 0 0 0 0 0 0 2 0 0 0
125 3754 17 0 0 0 1 0 0 0 0 0 0 0 0 0 3 0 0 0 0 9 0 0 0 0 1 2 0 0 0 0 0 0 0 0 0 0 0 0 4 2 0 12 0 0 0 0 0 0 0 0 0 0 0 0 0 0 0 3 6 2 16 0 0 0 0 0 0 0 0 0 0 0 0 0 0 0 0 0 0 0 0 0 0 0 0 0 0 0 0 0 0 0 0 0 0 0 0 0 0 0 0 0 0 0 0 0 0 0 0 0 0 0 0 0 0 0 0 0 0 0 0 0 0 0 0 0 0 0 2 0 0 1 1 0 0 0 0 0 0 0 0 0 0 0 0 0 0 0 0 0 0 0 2 0 0 0 0 0 0 0 0 0 0 0 0 0 0 0 0 2 5 2 0 0 1 0 0 0 0 0 0 0 0 0 0 0 0 0 0 0 0 0 0 0 0 0 4 0 0 0 0 0 0 0 0 0 0 0 0 0 0 0 0 0 0 0 0 4 0 0 0 0 0 0 0 0 0 0 0 0 0 0 0 0 0 0 0 0 0 0 0 0 0 0 0 0 0 0 2
126 6550 25 8 0 0 0 0 2 0 0 0 0 0 0 0 1 0 0 0 0 5 0 0 0 2 0 4 0 0 0 0 0 0 0 0 0 0 0 0 4 3 0 10 0 5 0 0 0 0 0 0 0 0 0 0 0 0 0 11 22 12 12 0 0 0 0 0 0 0 0 0 0 0 0 0 0 0 0 1 1 0 0 0 0 0 0 0 0 0 0 0 0 0 0 0 0 0 0 0 0 0 0 0 0 0 0 0 0 0 0 0 0 0 0 0 0 0 0 0 0 0 0 0 0 1 0 0 1 0 6 9 0 0 19 0 0 0 0 0 0 0 0 0 2 1 1 0 0 0 0 0 0 0 0 0 0 0 0 0 0 0 0 0 0 0 0 5 0 0 1 8 7 11 0 0 0 0 0 0 0 0 0 0 0 0 0 0 0 0 0 0 0 0 0 0 0 1 1 0 0 0 0 0 0 0 0 0 0 0 0 0 0 0 0 0 3 0 0 3 0 0 0 0 0 0 0 0 0 0 0 0 0 0 0 0 0 0 0 1 0 0 0 0 0 0 0 0 0 0 2
127 7413 27 8 0 0 1 0 3 6 0 0 0 0 0 1 6 0 0 0 0 11 0 1 0 0 1 4 0 0 0 0 0 0 0 0 0 0 0 0 4 10 0 15 0 14 0 0 0 0 0 0 0 1 0 0 0 0 0 13 31 11 26 0 0 0 1 0 0 0 0 1 0 0 0 0 0 0 0 0 2 0 0 0 0 0 0 0 0 0 0 0 0 0 0 0 0 0 0 0 0 0 0 0 0 0 0 0 0 0 0 0 0 0 0 0 0 0 0 0 1 0 0 0 0 0 0 0 0 0 3 16 0 0 7 0 0 0 0 0 0 0 0 0 1 0 0 0 1 0 0 0 0 1 1 0 0 0 0 0 0 0 0 0 0 0 0 5 0 0 2 1 7 13 0 0 2 0 1 0 0 0 0 0 0 0 0 0 0 0 0 0 0 0 0 0 0 3 4 0 0 0 0 0 0 0 0 0 0 0 0 0 0 0 0 0 0 0 0 0 0 0 0 0 0 0 0 1 0 0 0 0 0 1 0 0 0 2 0 0 0 0 0 0 0 0 0 0 0 0 1
128 7911 36 2 0 0 0 0 8 3 0 0 0 0 0 0 4 0 0 0 0 21 0 0 0 0 0 1 0 0 0 0 0 0 0 0 0 0 0 0 10 11 2 17 0 18 0 0 0 0 0 0 0 3 0 0 0 1 0 20 52 13 23 0 0 0 0 0 0 0 0 0 1 0 0 0 0 0 0 0 0 0 0 0 0 0 0 0 0 0 0 0 0 0 0 0 0 0 0 0 1 0 0 0 8 0 0 0 0 0 0 1 0 0 0 0 0 0 0 0 0 0 0 0 1 0 1 0 0 0 11 31 0 0 20 0 0 0 0 0 0 0 0 0 9 0 2 0 1 0 0 0 0 8 1 0 0 0 0 0 0 0 0 0 3 0 0 4 0 0 0 4 26 28 0 0 1 0 0 0 0 0 0 0 0 0 0 0 0 0 0 0 0 0 0 0 0 0 5 0 0 0 0 0 0 0 0 0 0 0 0 0 0 0 0 0 0 0 0 0 0 0 0 0 0 0 2 1 0 0 0 0 0 0 0 1 0 0 0 0 0 0 0 0 0 0 0 0 0 0 0
129 8007 68 24 0 0 0 1 2 15 0 9 0 0 0 0 21 0 0 2 0 54 0 2 0 0 0 11 0 0 0 0 3 0 0 0 2 0 0 0 6 51 0 41 0 94 0 0 0 0 0 0 0 4 0 0 0 0 0 52 83 22 39 0 0 0 0 0 0 2 0 0 0 0 0 0 0 0 2 0 0 0 0 0 1 0 0 1 0 0 0 0 0 0 0 1 0 0 0 0 0 0 0 0 0 0 0 0 2 0 1 1 0 1 0 0 0 0 0 0 5 0 0 0 0 0 0 2 1 0 12 63 12 12 69 0 1 4 0 0 0 0 0 0 13 5 1 0 2 0 2 0 0 7 1 7 0 0 0 0 0 0 0 0 13 0 5 1 2 0 4 21 73 49 0 0 12 0 0 0 0 0 1 0 0 0 2 0 2 0 0 0 0 0 0 0 0 6 6 0 0 0 1 0 8 0 0 0 0 0 0 0 0 0 0 0 0 0 0 1 0 0 3 0 0 0 1 2 0 0 0 2 0 0 0 0 9 0 0 1 0 0 0 0 0 0 0 1 0 0 1
130 3433 14 10 0 0 0 0 0 5 0 1 0 0 0 0 2 0 0 0 0 10 0 0 0 1 0 4 0 0 0 0 0 0 0 0 0 0 0 0 2 15 0 9 0 24 0 0 0 0 0 0 0 0 0 0 0 0 0 15 5 8 19 0 0 0 0 0 0 0 0 0 0 0 0 0 0 0 0 0 0 0 0 0 0 0 0 0 0 0 0 0 0 0 0 0 0 0 0 0 0 0 0 0 0 0 0 0 0 0 0 0 0 0 0 0 0 0 0 0 0 0 0 0 0 0 0 0 0 0 2 22 13 1 1 0 0 0 0 0 0 0 0 0 2 1 0 0 0 0 1 0 0 0 0 0 0 0 0 0 0 0 0 0 0 0 0 2 0 0 0 0 2 1 0 0 2 0 0 0 0 0 0 0 0 0 0 0 0 0 0 0 0 0 0 0 0 0 7 0 0 0 0 0 0 0 0 0 0 0 0 0 0 0 0 0 0 0 0 2 0 0 0 0 0 0 2 0 0 0 0 0 0 0 0 0 0 0 0 0 0 0 0 0 0 0 0 0 0 0 9
131 10240 36 3 0 0 0 0 7 5 0 0 0 0 0 0 2 0 0 1 0 28 0 1 3 0 0 5 0 0 0 0 0 0 0 0 1 0 0 0 9 5 0 18 0 31 0 0 0 0 0 0 0 2 0 0 0 0 0 26 74 10 36 0 0 0 0 0 0 2 0 3 0 0 0 0 2 0 0 0 2 0 0 0 0 0 0 0 0 0 0 0 2 0 0 0 0 0 0 0 0 0 0 0 2 0 0 0 0 0 1 0 0 0 0 3 0 0 0 0 1 0 0 0 0 0 0 0 0 0 12 36 28 9 23 0 0 0 0 0 0 0 0 0 11 2 0 0 0 0 0 0 0 0 0 0 0 0 0 0 0 0 0 0 4 1 0 7 0 0 1 10 27 34 0 0 2 0 1 0 0 0 0 0 0 0 0 0 0 0 0 0 0 0 0 0 0 3 4 0 0 0 0 0 0 0 0 0 0 0 0 0 0 0 0 0 0 0 0 0 0 0 0 0 0 0 0 0 0 0 1 4 0 1 1 0 1 3 0 0 0 0 0 0 0 0 0 6 0 0 24
132 3498 8 0 0 0 0 0 3 4 0 0 0 0 0 0 0 0 0 1 0 6 0 0 0 0 0 0 0 0 0 0 0 0 1 0 0 0 0 0 10 7 0 16 0 1 0 0 0 0 0 0 0 0 0 0 0 0 0 12 9 2 7 0 0 0 0 0 0 0 0 1 0 0 0 0 0 0 0 0 3 0 0 0 0 0 0 0 0 0 0 0 0 0 0 0 0 0 0 0 0 0 0 0 0 0 0 0 0 0 0 1 0 0 0 0 0 0 0 0 0 0 0 0 0 0 0 0 0 0 6 18 0 0 1 0 0 0 0 0 0 0 0 0 1 0 0 0 0 0 0 0 0 0 0 0 0 0 0 0 0 0 0 0 1 0 0 1 0 0 0 1 2 1 0 0 0 0 0 0 0 0 0 0 0 0 0 0 0 0 0 0 0 0 0 0 0 0 1 0 0 0 0 0 0 0 0 0 0 0 0 1 0 0 0 0 0 0 0 1 0 0 0 0 0 0 0 0 0 0 1 0 0 0 0 0 0 1 0 0 0 0 0 0 0 0 0 0 0 0 1
133 4484 30 23 0 0 0 0 9 4 0 0 0 0 0 0 1 0 0 0 0 12 0 0 3 0 0 2 0 0 0 0 1 0 0 0 0 0 0 0 4 6 0 12 0 11 0 0 0 0 0 0 0 8 1 0 0 1 0 3 27 3 15 0 0 0 0 0 0 0 0 4 0 2 0 0 0 0 0 0 1 0 0 0 1 0 0 0 0 0 0 0 0 0 0 0 0 0 0 0 1 0 0 0 0 0 0 0 0 0 0 3 0 0 0 0 0 0 0 0 1 0 0 0 0 0 0 1 0 0 6 6 24 1 16 0 0 0 0 0 0 0 0 0 2 0 1 0 1 0 0 0 0 0 6 0 0 0 0 0 0 0 0 0 2 0 0 6 0 0 0 3 18 12 0 0 0 0 1 0 0 0 0 0 0 0 0 0 0 0 0 0 0 0 0 0 0 1 10 0 0 0 0 0 0 0 0 0 0 0 0 0 0 0 0 0 0 0 0 3 0 0 0 0 0 0 0 0 0 0 0 4 0 1 0 0 0 0 0 0 1 0 0 0 0 0 0 3 1 0 6
134 6700 29 0 0 2 0 1 6 4 0 1 0 0 0 0 1 0 0 0 0 16 0 1 0 0 0 5 0 0 0 0 1 0 1 1 0 0 0 0 6 28 1 16 0 64 0 0 0 0 0 0 0 0 0 0 0 2 0 22 69 14 23 0 0 0 0 0 0 1 0 7 1 0 0 0 0 0 0 0 0 0 0 0 0 0 0 0 0 0 0 0 0 0 0 0 0 0 0 0 0 0 0 0 1 0 0 0 0 0 0 4 0 0 0 0 0 0 0 0 3 0 0 0 1 0 1 0 0 0 9 40 15 20 24 0 0 1 1 0 0 0 0 0 10 6 0 0 3 1 0 0 0 1 1 0 0 0 0 1 0 0 1 0 6 0 0 5 0 0 1 4 50 78 0 0 5 0 0 0 0 0 0 0 0 0 0 0 0 1 0 0 0 0 0 0 0 4 6 0 0 0 0 0 0 0 0 0 0 0 0 0 0 0 1 0 0 1 0 5 0 0 0 0 0 0 1 0 0 0 2 1 0 0 0 0 0 0 0 0 0 0 0 0 0 0 0 0 0 0 0
135 10974 61 4 0 2 0 0 11 8 0 3 0 0 0 0 11 0 0 0 0 35 0 3 5 5 0 13 0 0 0 0 1 0 0 0 1 0 0 0 7 60 0 65 1 89 0 0 0 0 0 0 0 4 0 0 0 0 0 35 70 29 71 0 0 0 0 0 0 0 0 2 0 0 0 0 0 0 0 0 4 0 0 0 0 0 0 0 1 1 0 0 0 0 0 0 0 0 0 0 0 0 0 0 2 0 0 0 0 0 0 0 0 0 0 0 0 0 0 0 1 0 0 0 0 8 0 0 0 0 17 141 27 7 125 0 0 1 0 0 0 0 1 0 3 0 9 0 2 0 5 1 0 4 11 3 0 0 0 0 0 0 0 0 10 0 0 7 0 0 3 10 55 51 0 0 10 0 0 0 0 0 0 0 0 0 0 0 2 0 0 0 0 0 0 0 0 5 13 0 0 0 0 0 1 0 0 0 0 0 0 0 0 0 1 0 0 0 1 14 0 0 0 0 0 0 4 3 0 1 0 3 0 0 0 1 1 1 0 0 0 0 0 0 0 0 0 0 0 0 4
136 7066 50 3 0 0 1 0 3 3 0 1 0 0 0 0 0 0 0 0 0 21 0 1 0 0 1 6 0 0 0 0 0 0 0 0 0 0 0 0 13 22 0 49 1 29 0 0 0 0 0 0 0 5 0 0 0 2 0 30 14 14 18 0 0 0 0 0 0 0 0 6 0 0 0 0 0 0 0 0 1 0 0 0 0 0 0 0 0 0 0 0 0 0 0 1 0 0 0 0 0 0 0 0 0 0 0 0 0 0 0 1 0 0 0 0 0 1 0 0 0 0 0 0 0 1 0 0 0 0 7 47 4 1 14 0 0 0 1 0 0 0 1 0 6 0 4 0 0 0 0 0 0 0 0 0 0 0 0 0 0 0 0 0 1 0 0 5 0 0 4 5 6 3 0 0 2 0 0 0 0 0 0 0 0 0 0 0 0 0 0 0 0 0 0 0 0 1 3 0 0 0 0 0 0 0 0 0 0 0 0 0 0 0 0 0 0 0 0 0 0 1 1 0 0 0 0 2 0 0 0 0 0 0 0 0 0 1 0 0 0 0 0 0 0 0 0 0 0 0 0
137 7190 43 1 0 0 0 5 6 0 0 0 0 0 0 0 2 0 0 0 0 14 0 2 1 0 0 10 0 0 0 0 1 0 0 0 0 0 0 0 12 18 0 20 0 17 0 0 0 0 0 0 0 2 0 0 0 3 0 17 24 7 27 0 0 0 0 0 0 0 0 1 0 0 0 1 0 0 0 0 4 0 0 0 0 0 0 0 0 0 0 0 0 0 0 0 0 0 0 0 0 0 0 0 0 0 0 0 0 0 0 0 0 0 0 0 0 0 0 0 0 0 0 0 0 0 1 0 0 0 11 16 0 7 11 0 0 2 0 0 0 0 0 0 1 0 2 0 3 0 0 0 0 0 2 0 0 0 0 0 0 0 0 0 7 0 0 7 0 0 1 0 13 5 0 0 1 0 0 1 0 0 0 0 0 0 0 0 0 0 0 0 0 0 0 0 0 0 5 0 0 0 0 0 0 0 0 0 0 0 0 0 0 0 0 0 0 0 0 0 0 0 0 0 0 0 0 1 0 1 0 0 0 1 0 0 1 1 0 0 0 0 0 0 0 0 0 0 0 0 3
138 3584 17 12 0 0 0 0 2 0 0 0 0 0 0 0 2 0 0 0 0 3 0 2 0 0 0 4 0 0 0 0 0 0 0 0 0 0 0 0 5 5 0 10 0 6 0 0 0 0 0 0 0 2 0 0 0 0 0 10 15 0 14 0 0 0 0 0 0 0 0 0 0 0 0 0 0 0 0 0 0 0 0 0 0 0 0 1 0 0 0 0 0 0 1 0 0 0 0 0 1 0 0 0 0 0 0 0 0 0 0 0 0 0 1 0 0 0 0 0 0 0 0 0 0 0 0 0 0 0 7 10 2 4 8 0 0 1 0 0 0 0 0 0 1 0 1 0 2 0 0 0 0 0 0 0 0 0 0 0 0 0 0 0 1 0 0 3 0 0 1 2 2 2 0 0 0 0 0 0 0 0 0 0 0 0 0 0 0 0 0 0 0 0 0 0 0 0 0 0 0 0 0 0 0 0 0 0 0 0 0 0 0 0 0 0 0 0 0 3 0 0 0 0 0 0 0 2 0 0 0 2 0 1 0 0 0 0 0 0 0 0 0 0 0 0 0 0 0 0 3
139 6587 33 22 0 0 3 0 3 1 0 1 0 0 0 0 5 0 0 0 0 11 0 0 0 0 0 5 0 0 0 0 0 0 0 0 0 0 0 0 10 8 0 23 0 10 0 0 0 0 0 0 0 0 0 0 0 0 0 10 33 10 27 0 0 3 0 0 0 0 0 1 0 0 0 0 0 0 0 0 4 0 0 0 0 0 0 0 0 0 0 0 1 0 0 0 0 0 0 0 0 0 0 1 3 0 0 0 0 0 0 0 0 0 0 0 0 0 0 0 0 0 0 0 0 0 0 0 0 0 10 44 18 0 25 0 0 3 0 0 0 0 0 0 3 0 1 0 0 0 0 0 0 0 0 0 0 0 0 0 0 0 0 0 1 0 0 4 0 0 0 27 8 9 0 0 3 0 0 0 0 0 0 0 0 0 0 0 0 0 0 0 0 0 0 0 0 2 15 0 0 0 0 0 0 0 1 0 0 0 0 0 0 0 0 0 0 0 0 0 0 0 0 0 0 0 0 0 0 0 0 0 0 0 0 0 0 0 0 0 0 0 0 0 0 0 0 0 0 0 5
140 10443 27 11 0 1 0 0 6 16 0 0 0 0 1 0 0 0 1 0 0 31 0 3 2 0 0 8 0 0 0 0 0 0 0 0 0 0 0 0 5 16 0 25 0 72 0 0 0 0 0 0 0 1 0 0 0 1 0 24 90 15 32 0 0 0 0 0 0 1 0 5 0 0 0 1 1 0 0 0 3 0 0 0 0 1 0 1 1 0 0 0 0 0 0 0 0 0 0 0 0 0 0 0 1 0 0 0 0 0 0 0 0 0 0 0 0 0 0 0 0 0 0 0 0 1 0 0 0 0 13 71 9 37 26 0 1 4 2 0 0 0 0 0 25 1 0 0 1 0 2 0 0 0 3 0 0 0 0 0 0 0 0 0 8 0 0 14 0 0 0 12 42 85 0 0 7 0 0 0 0 0 0 0 0 0 0 0 0 0 0 0 1 0 0 0 0 3 3 0 0 0 0 0 0 0 0 0 0 1 0 0 0 0 1 0 0 0 0 1 0 0 0 0 0 0 3 0 0 0 0 1 0 0 0 0 0 0 0 0 0 0 0 0 0 0 0 1 0 0 6
141 7712 36 7 0 0 0 0 7 4 0 0 0 0 0 0 5 0 1 1 0 17 0 1 1 1 0 4 0 0 0 0 1 0 0 0 0 0 0 0 4 22 0 25 0 54 0 0 0 0 0 0 0 1 0 0 0 0 0 20 30 1 18 0 0 0 0 0 0 0 0 0 0 0 0 0 0 0 0 0 2 0 0 0 0 0 0 0 0 0 0 0 0 0 0 0 0 0 0 0 0 0 0 1 2 0 0 0 0 0 0 1 0 0 0 0 0 0 0 0 1 0 0 0 0 1 0 0 1 0 8 11 20 25 19 0 0 1 0 0 0 0 1 0 49 0 1 0 3 0 0 0 0 0 0 0 0 0 0 0 0 0 0 0 1 0 0 5 0 0 0 2 6 8 0 0 4 0 0 0 0 0 0 0 0 0 0 0 0 0 0 0 0 0 0 0 0 1 6 0 0 0 0 0 0 0 0 0 0 0 0 0 0 0 0 0 0 0 0 0 0 0 0 0 0 0 1 0 0 0 0 0 0 0 0 1 0 0 0 0 0 0 0 0 0 0 0 1 0 0 2
142 10599 39 9 0 1 1 0 0 7 0 1 0 0 0 1 9 0 0 1 0 14 0 0 0 0 0 4 0 0 0 0 0 0 0 1 0 0 0 0 5 55 0 29 0 80 0 0 0 0 0 0 0 3 0 0 0 1 0 38 43 17 43 0 0 0 2 0 0 0 0 0 0 0 0 0 0 0 0 0 0 0 0 0 0 0 0 0 0 0 0 0 0 0 0 0 0 0 0 0 0 0 0 0 0 1 0 0 0 0 0 1 0 0 0 0 0 0 0 0 0 0 0 0 0 0 0 0 0 0 18 44 4 2 26 0 0 0 0 0 0 0 1 0 11 0 1 0 1 0 1 0 0 4 4 2 0 0 1 1 5 0 0 0 6 0 0 6 0 0 0 9 25 16 0 0 2 0 0 0 0 0 0 0 0 0 0 0 0 0 0 0 0 0 0 0 0 1 3 0 0 0 0 0 0 0 0 0 0 0 0 0 0 0 1 0 0 0 0 1 0 0 0 0 0 0 0 2 0 0 0 0 0 2 0 0 0 0 0 0 0 0 0 0 0 0 0 1 0 0 3
