0 14467 69 4 0 0 2 1 3 2 0 0 0 0 0 0 12 0 0 2 0 19 0 1 0 5 0 22 0 0 0 0 2 0 0 0 0 0 0 0 9 9 0 28 0 60 0 0 0 0 0 0 0 1 0 0 0 1 0 25 88 13 72 0 0 0 0 0 0 0 0 1 1 0 1 0 0 0 0 0 4 0 0 0 0 0 0 0 0 0 0 0 0 0 2 0 0 0 0 0 2 0 0 0 0 0 0 0 0 0 0 0 0 0 0 0 0 0 0 0 0 0 0 0 0 0 0 0 0 0 15 121 81 2 34 1 0 2 0 0 0 1 0 0 20 0 4 0 2 11 1 0 0 0 0 0 0 0 0 0 0 0 0 0 2 0 1 4 0 0 0 10 21 27 0 0 2 0 0 0 0 0 0 0 0 0 0 0 0 0 0 0 1 0 0 0 0 1 15 0 0 0 0 0 0 0 0 0 0 0 0 0 0 0 0 1 0 0 0 7 0 0 0 0 0 0 2 1 0 0 0 0 0 5 0 2 0 2 0 10 0 0 0 0 0 0 0 1 0 0 22
1 16798 113 1 0 3 0 0 11 30 0 1 0 0 1 0 11 1 0 1 0 63 0 12 1 2 0 22 0 0 0 0 0 0 0 1 0 0 0 0 15 34 1 61 0 129 0 0 0 0 0 0 0 1 0 0 0 1 0 41 84 23 118 0 0 0 0 0 1 0 0 2 0 0 0 0 0 0 1 0 2 0 0 0 0 0 0 7 0 1 0 0 0 0 2 0 0 3 0 0 0 1 0 0 0 0 0 0 1 0 0 1 0 1 0 0 0 0 0 0 0 0 0 0 0 3 1 2 0 0 19 90 126 17 61 3 0 0 0 0 0 0 1 0 10 0 6 0 1 1 5 0 1 3 1 2 0 0 4 0 3 0 0 0 3 1 0 8 0 0 1 17 54 65 0 0 11 0 0 0 3 0 0 0 0 0 0 0 0 0 0 0 0 0 0 0 0 0 120 0 0 0 0 0 0 0 0 0 0 0 0 0 0 0 0 3 0 1 0 5 0 0 0 0 1 0 12 1 1 1 0 0 0 4 1 1 6 0 0 0 1 0 0 0 0 0 0 1 0 0 9
2 16603 70 4 0 0 0 1 12 14 0 0 0 0 0 0 2 0 0 1 0 18 0 0 0 1 0 11 0 0 0 0 0 0 0 0 0 0 0 0 14 12 0 31 0 41 0 3 0 0 0 0 0 0 0 0 0 0 0 25 107 33 106 0 0 0 1 0 0 0 0 0 0 0 0 0 0 0 1 0 4 0 0 0 0 0 0 1 0 0 0 0 0 0 0 0 0 0 0 0 0 0 0 0 1 0 0 0 2 0 0 0 0 0 0 0 0 0 0 0 1 0 0 0 2 5 2 0 0 0 25 133 324 25 34 0 0 7 0 0 0 0 0 0 18 0 0 0 0 10 0 0 0 1 0 0 1 0 1 0 0 0 0 0 0 0 0 2 0 0 3 12 46 33 0 0 9 0 0 0 0 0 0 0 0 0 0 0 0 0 0 0 0 0 0 0 0 5 60 0 0 0 0 0 0 0 0 0 0 0 0 0 0 0 0 1 0 0 0 2 0 0 0 0 0 0 3 0 0 0 0 0 0 0 0 0 0 0 0 0 0 0 0 0 0 0 1 0 0 0 10
3 10578 104 5 0 0 0 1 6 7 2 1 1 0 0 0 30 0 0 0 0 54 0 0 0 0 0 40 0 0 4 0 0 0 0 0 0 0 1 0 8 24 0 26 0 112 0 5 0 0 0 0 0 1 0 0 0 1 0 26 287 20 228 1 0 0 1 0 0 3 0 2 0 0 0 0 0 0 0 0 2 0 1 0 0 0 0 1 0 0 0 0 1 0 2 0 0 0 0 0 2 0 0 0 0 0 0 1 0 0 0 3 0 1 0 0 0 0 0 0 0 0 0 0 1 3 0 0 0 0 31 850 2237 617 42 14 1 10 18 0 0 0 7 0 13 1 13 0 0 61 0 3 0 1 1 0 0 0 1 0 0 0 0 0 3 0 0 2 0 0 1 133 56 208 0 0 8 0 0 0 0 0 0 0 0 0 5 0 0 0 0 0 0 0 0 0 0 14 209 2 0 0 0 0 0 0 1 0 0 0 0 0 0 0 1 0 0 0 0 2 0 0 0 0 0 0 19 0 0 0 1 0 0 0 0 24 0 1 0 6 0 0 0 0 0 0 0 0 0 0 151
4 7909 83 66 6 2 1 0 1 42 2 1 0 0 0 0 15 0 2 0 0 45 0 5 1 0 0 18 0 0 1 1 1 0 0 0 0 0 1 0 6 130 2 18 0 367 0 0 0 0 0 0 0 1 0 0 0 0 0 72 233 55 379 0 0 0 0 0 0 0 0 1 1 0 1 0 2 0 4 0 0 0 0 0 0 0 0 1 0 0 0 0 1 0 1 0 1 0 0 0 1 0 0 0 2 0 0 0 0 5 0 1 0 4 0 0 0 0 0 0 3 0 2 0 0 0 0 0 1 0 49 858 6785 1669 88 121 0 46 36 0 1 0 2 0 12 3 38 0 0 96 0 38 0 7 7 9 0 0 33 1 0 1 0 0 8 0 2 7 1 0 3 121 307 223 0 0 23 0 1 0 0 0 0 0 0 0 2 0 0 0 0 0 0 0 0 0 0 20 176 0 2 11 0 0 0 0 1 0 0 0 0 0 0 0 0 1 0 0 0 5 0 1 1 1 0 0 63 2 0 0 0 0 0 1 0 22 7 2 1 30 1 0 0 0 0 0 0 2 0 0 172
5 3063 30 36 1 0 0 0 0 33 0 0 7 0 0 0 3 0 0 0 0 41 0 1 0 0 0 8 0 3 0 0 0 0 0 0 0 0 0 0 2 127 0 33 0 207 0 1 0 0 0 0 0 1 0 0 0 0 0 65 69 34 334 0 0 0 1 0 1 6 0 0 1 0 0 0 0 0 3 0 2 0 0 0 0 0 0 1 0 0 0 0 0 0 1 0 1 0 0 0 2 0 1 0 0 0 0 0 0 3 0 0 0 1 0 0 0 0 0 0 1 0 0 0 0 2 1 0 3 0 32 954 13553 1127 71 106 0 100 28 0 0 0 7 0 19 1 14 0 1 209 6 12 0 1 5 6 0 0 8 4 0 0 0 0 7 0 0 11 0 0 2 122 161 112 0 0 6 1 0 0 0 0 0 0 0 0 0 0 0 0 0 0 0 0 0 0 0 10 107 6 0 0 0 0 0 0 1 1 0 0 0 1 0 0 0 0 0 0 0 20 0 9 0 0 0 0 36 1 0 0 0 5 0 0 0 71 14 2 0 29 0 0 0 0 0 0 0 0 0 0 81
6 3412 83 38 2 1 0 1 3 579 0 0 1 0 0 0 82 0 0 39 0 281 2 181 0 2 0 31 0 0 1 5 0 0 0 0 0 0 0 0 9 282 13 72 0 602 0 3 1 0 1 0 0 0 0 0 1 0 0 244 172 89 315 0 0 0 1 2 14 5 0 0 1 0 1 0 1 0 0 0 0 0 0 0 0 0 0 7 0 0 0 0 3 0 1 0 0 0 0 3 2 3 0 0 2 0 0 1 2 5 0 2 0 2 0 0 0 0 0 0 0 0 0 0 0 6 0 0 1 0 57 1632 10037 553 629 139 0 48 12 0 2 5 0 2 23 19 28 0 30 168 11 31 0 109 3 15 0 0 54 0 1 0 5 0 48 0 2 8 5 0 15 188 1277 207 0 0 29 0 1 0 0 0 0 0 0 0 0 0 0 2 1 2 2 0 4 0 0 15 929 4 5 1 0 0 4 0 0 3 0 4 0 1 2 0 3 0 1 0 0 76 5 0 2 0 0 0 239 15 7 0 0 2 0 7 0 32 43 3 0 4 1 0 1 0 0 0 0 1 0 0 58
7 10568 95 11 0 6 0 0 1 84 2 0 1 0 0 0 26 4 0 1 0 56 1 4 1 0 0 21 0 0 0 1 1 0 0 0 0 0 0 0 5 92 0 18 0 177 0 3 0 0 0 0 0 8 0 0 0 0 0 48 171 35 228 1 0 0 0 0 0 0 2 4 1 0 0 0 2 0 0 0 1 0 0 0 0 0 0 0 1 0 0 0 0 0 0 0 0 0 0 0 0 1 0 0 3 0 0 0 0 0 0 0 0 0 0 0 0 0 0 0 3 0 0 0 1 0 5 2 2 1 35 1201 2789 267 60 18 1 8 1 0 0 0 8 0 157 0 13 0 1 35 0 1 0 2 5 0 0 0 0 0 0 0 0 0 0 0 0 2 4 0 15 107 185 92 0 0 20 0 0 0 0 0 0 0 0 0 0 0 0 0 0 0 0 0 0 0 0 5 90 1 0 0 0 0 0 0 0 0 0 0 0 1 0 0 2 13 0 0 0 2 0 0 1 2 0 0 13 1 0 0 0 8 0 8 0 7 0 0 0 1 0 0 0 0 0 0 1 0 0 0 100
8 15566 85 8 0 0 0 0 9 11 0 1 0 0 0 0 8 0 0 0 0 49 0 4 1 0 0 15 0 0 0 0 0 0 0 0 0 0 0 0 22 12 0 39 0 51 0 0 0 0 0 0 0 3 0 0 0 1 0 23 23 11 39 0 0 0 0 0 0 0 0 0 0 0 0 0 0 0 0 0 2 0 0 0 0 0 0 4 1 0 0 0 1 0 0 0 0 0 0 0 1 0 0 0 0 0 0 0 0 0 0 2 0 1 0 0 0 0 0 0 0 0 0 0 0 1 0 0 1 0 19 112 70 6 27 0 0 0 0 0 0 0 0 0 19 0 0 0 2 1 2 0 0 0 0 0 0 0 2 0 0 0 3 0 13 0 0 6 0 0 0 6 17 19 0 0 6 0 1 0 0 0 0 0 0 0 0 0 0 0 0 0 0 0 0 0 0 0 11 0 0 0 0 0 0 0 0 0 0 0 0 0 0 0 1 0 0 0 0 4 0 0 0 0 0 0 2 0 0 0 0 15 0 0 0 0 0 1 0 0 0 0 0 0 0 0 0 1 0 0 12
9 15133 119 6 0 0 0 0 4 24 0 0 0 0 0 0 10 0 0 2 0 62 2 1 0 2 0 14 0 0 0 0 2 0 0 0 0 0 0 0 4 25 2 29 0 170 0 1 0 0 0 0 0 0 0 0 0 1 0 30 245 24 160 1 0 0 0 0 0 0 0 4 2 0 0 0 0 0 0 0 3 0 1 0 0 0 1 3 0 0 0 0 0 0 0 0 0 0 0 0 0 0 0 0 0 0 0 0 0 0 0 2 0 1 0 0 0 0 0 0 0 0 0 0 0 0 0 0 0 0 26 151 959 122 58 0 0 2 2 0 0 0 0 0 17 0 2 0 0 22 0 0 0 7 0 8 0 0 4 0 0 0 0 0 0 1 0 4 2 0 1 26 144 135 0 0 19 0 0 0 0 0 0 0 0 0 0 0 0 0 0 0 0 0 0 0 0 8 71 1 0 0 0 0 0 0 0 0 0 0 0 1 0 0 0 0 0 0 0 4 0 0 0 0 0 0 13 5 0 0 0 0 0 0 0 0 3 5 0 4 0 0 0 0 0 0 0 0 0 0 28
10 7001 61 31 0 0 0 0 0 91 4 0 4 1 0 0 27 0 0 0 0 64 0 3 0 0 0 13 0 1 0 8 0 0 0 0 0 0 0 0 4 146 13 18 0 186 0 4 0 0 0 0 0 1 0 0 0 1 0 57 211 39 397 0 1 0 2 0 0 1 0 9 0 0 0 0 2 0 0 0 1 0 0 0 0 0 0 0 1 0 0 0 0 0 1 0 0 0 0 0 2 0 0 0 2 0 0 1 0 2 1 0 0 2 0 0 0 0 0 0 0 0 0 0 0 3 0 0 0 1 27 1517 6429 78 64 38 0 35 0 0 0 0 8 0 18 0 8 0 2 103 0 5 0 2 7 3 0 0 15 0 0 1 0 0 5 0 0 4 0 0 3 86 168 136 0 0 26 0 0 0 0 0 0 0 0 0 1 0 0 1 1 0 0 0 0 0 0 11 245 5 0 0 0 0 2 0 0 3 0 0 0 0 0 0 0 1 0 0 0 8 0 8 0 0 0 0 36 0 0 10 0 0 0 6 0 60 3 10 0 3 0 0 0 0 0 0 0 1 0 0 62
11 5151 59 27 0 1 0 0 4 45 0 3 0 0 0 0 43 0 0 0 0 71 1 0 0 1 0 52 0 0 0 0 0 0 0 0 0 0 0 0 3 233 4 38 0 169 0 4 0 0 0 0 0 7 0 0 0 0 0 78 116 22 320 0 0 0 0 0 0 1 0 4 0 0 0 0 1 0 0 0 3 0 1 0 0 0 0 0 4 0 0 0 0 0 1 0 0 0 0 0 2 0 0 0 0 0 0 0 0 10 0 0 0 0 0 0 0 0 0 0 4 0 0 0 0 4 5 0 1 0 32 545 8516 398 43 18 0 42 2 0 0 0 1 2 127 0 6 0 0 148 0 8 0 3 4 1 0 0 2 0 0 2 0 0 8 1 0 6 0 0 0 60 163 107 0 0 6 0 0 0 0 0 0 0 0 0 0 0 0 0 0 0 1 0 0 0 0 2 216 1 0 0 0 0 0 0 0 0 0 0 0 1 1 0 7 14 1 0 0 5 0 10 1 1 0 0 14 4 0 0 0 2 0 3 0 52 4 0 0 2 0 0 0 0 0 0 1 1 0 0 33
12 14819 83 3 0 0 0 0 6 7 0 1 0 0 0 0 4 0 0 0 0 45 0 5 1 1 0 19 0 0 0 0 1 0 0 0 0 0 0 0 5 19 0 11 0 43 0 1 0 0 0 0 0 1 0 0 0 0 0 35 136 24 89 0 0 0 0 0 0 1 0 3 0 0 0 0 0 0 1 0 5 0 1 0 0 0 0 2 0 0 0 0 0 0 1 0 0 0 0 0 1 1 0 0 0 0 0 1 0 0 0 0 0 2 0 0 0 0 0 0 0 0 0 0 0 0 3 0 1 0 19 255 113 3 60 0 1 4 0 0 0 0 0 0 10 0 3 0 0 11 4 8 0 0 1 0 0 0 1 0 0 0 0 0 1 1 0 5 0 0 2 40 37 94 0 0 5 0 0 0 0 0 0 0 0 0 0 0 0 0 0 0 0 0 0 0 0 2 23 0 0 0 0 0 0 0 0 0 0 0 0 0 0 0 2 1 0 0 0 0 0 0 0 0 0 0 17 1 0 0 0 0 0 2 0 0 0 1 0 0 0 0 0 0 0 0 0 0 0 0 26
13 13916 119 8 0 0 0 0 26 1 0 1 0 0 0 0 9 0 0 0 0 43 0 3 0 2 0 23 0 0 0 0 3 0 0 0 0 0 0 0 32 25 0 93 0 59 0 1 0 0 0 0 0 1 0 0 1 0 0 42 39 10 85 0 0 0 1 0 0 0 0 0 0 0 0 0 0 0 0 0 16 0 0 0 0 0 0 0 0 0 0 0 0 0 1 0 1 0 0 0 1 0 1 0 0 0 0 0 0 0 0 0 0 2 0 0 0 0 0 0 0 0 0 0 0 1 1 0 3 0 19 56 27 4 40 0 0 2 0 0 0 0 0 0 5 0 4 0 3 4 0 0 0 1 0 0 0 0 0 0 0 0 0 0 5 0 0 4 0 0 1 7 14 11 0 0 2 0 0 0 0 0 0 0 0 0 0 0 0 0 1 0 0 0 0 0 0 1 6 0 1 0 0 0 0 0 0 0 0 0 0 0 0 0 5 0 0 0 0 7 0 0 0 0 0 0 1 0 0 0 0 0 0 1 0 0 0 0 0 0 0 0 0 0 0 0 0 0 0 0 7
14 7065 92 8 0 0 0 0 5 20 0 0 0 0 0 0 20 1 0 0 0 45 0 0 3 0 0 81 0 0 0 0 0 0 0 0 2 0 0 0 8 136 0 34 0 181 0 0 0 0 0 0 0 1 0 0 0 0 0 59 52 16 144 0 0 0 0 0 0 2 0 4 0 0 0 0 0 0 0 0 0 0 0 0 0 0 0 0 0 0 0 0 0 0 1 1 0 0 0 0 0 0 0 0 1 0 0 0 0 1 0 0 0 2 0 0 0 0 0 1 2 0 0 0 0 0 2 0 0 0 24 136 7909 1467 56 12 0 52 9 0 0 0 1 0 13 0 19 0 2 144 0 0 0 3 5 1 0 0 6 0 0 0 0 0 1 0 0 9 0 0 0 34 95 39 0 0 11 0 0 0 0 0 0 0 0 0 1 0 0 0 0 0 0 0 0 0 0 5 16 0 0 0 0 0 0 0 0 0 0 0 0 0 0 0 1 1 0 0 0 16 0 0 1 0 0 0 46 1 0 0 1 18 0 0 0 87 0 0 0 0 0 0 0 0 0 0 0 0 0 0 23
15 13470 79 3 0 0 0 1 4 17 0 1 0 0 0 0 23 0 0 0 0 29 1 0 0 0 0 40 0 0 0 0 0 0 0 0 0 0 0 1 10 49 0 24 0 89 0 2 0 0 0 0 0 0 0 0 0 1 0 42 74 21 130 0 0 0 0 0 0 0 0 2 0 0 0 0 0 0 1 1 1 0 0 0 0 0 0 1 0 0 0 0 2 0 0 0 0 0 0 0 0 0 0 0 0 0 0 0 0 4 0 0 0 1 0 0 0 1 0 0 0 0 0 0 0 1 1 0 2 0 19 83 1877 344 47 9 0 7 0 0 0 0 2 0 7 0 8 1 0 16 0 3 0 3 0 0 0 0 26 0 0 0 0 0 1 0 0 7 0 0 1 15 36 33 0 0 9 0 0 0 0 0 0 0 0 0 0 0 0 0 0 0 0 0 0 0 0 8 38 0 0 0 0 0 0 0 0 0 0 0 0 1 0 0 0 0 0 0 0 2 0 0 0 0 0 0 14 6 0 0 0 3 0 0 0 1 2 1 0 0 0 0 0 0 0 0 0 0 0 0 16
16 14841 144 12 0 0 0 0 4 9 0 0 0 0 0 0 14 0 0 0 0 23 0 0 0 1 0 58 0 0 0 0 1 0 0 0 1 0 0 0 7 20 0 20 0 92 0 5 0 0 0 0 0 1 0 0 0 0 0 19 92 18 142 0 1 0 0 0 0 0 0 1 0 0 0 0 0 0 0 0 2 0 0 0 0 0 0 1 0 0 0 0 0 0 0 0 0 0 0 0 0 0 0 0 2 0 0 0 0 1 0 0 0 0 0 0 0 0 0 2 0 0 0 0 0 0 0 0 3 0 14 74 459 197 45 2 0 11 0 0 0 0 1 0 6 0 6 0 0 9 0 1 0 5 2 0 0 0 2 0 0 1 0 0 1 1 0 11 0 0 1 6 96 22 0 0 4 0 0 0 0 0 0 0 0 0 0 0 1 0 0 0 0 0 0 0 0 2 8 0 0 0 0 0 0 0 1 0 0 0 0 0 0 0 0 0 0 1 0 5 0 3 0 0 0 0 6 0 0 0 0 1 0 1 0 4 0 1 0 0 0 0 0 0 0 0 0 0 0 0 3
17 4737 69 51 4 0 1 0 2 142 26 0 1 0 0 0 23 4 0 1 0 89 1 14 0 0 0 5 0 1 11 1 1 0 0 0 0 0 0 5 3 364 1 21 0 494 0 2 1 0 0 0 0 0 0 0 0 0 1 119 320 70 394 0 0 0 0 0 0 3 0 11 3 0 0 0 5 0 0 0 0 0 0 0 0 0 0 2 0 0 0 0 4 0 1 0 0 0 1 8 1 0 0 0 0 0 0 1 0 3 0 0 0 0 0 0 0 0 0 0 0 0 0 0 0 2 1 0 4 0 89 602 10447 497 63 133 0 65 26 0 2 0 3 0 37 6 40 0 0 190 0 19 0 51 6 48 1 2 49 0 0 0 1 0 14 0 0 5 1 0 0 135 537 566 0 0 52 0 0 0 1 0 0 0 0 0 0 0 0 1 1 0 2 0 8 0 0 25 415 13 4 0 0 0 0 1 1 2 0 1 0 0 0 0 0 0 0 0 1 8 0 0 0 7 0 0 116 8 0 0 1 0 0 18 1 34 13 32 0 24 0 0 0 0 0 0 0 0 0 0 93
18 1973 50 10 2 0 0 0 4 87 0 0 1 0 0 0 23 1 0 0 0 85 0 4 0 7 0 25 0 1 2 0 1 0 0 0 0 0 0 0 3 160 0 15 0 401 0 5 1 0 3 0 0 16 0 0 0 1 0 95 114 22 263 0 0 0 1 0 1 5 0 0 1 0 1 0 4 0 2 0 0 0 1 0 0 0 0 1 1 0 0 0 1 0 2 0 0 0 0 0 0 1 0 0 0 0 0 3 0 10 0 4 0 5 0 0 0 0 0 0 0 0 0 0 0 2 1 0 0 1 34 894 12058 1806 62 111 0 47 53 0 8 0 0 0 33 1 20 0 2 146 5 21 0 10 2 2 1 0 37 0 0 1 0 0 6 0 4 2 0 0 1 88 295 229 0 0 15 0 0 0 0 0 0 0 0 0 2 0 0 2 3 0 0 0 0 0 0 8 260 0 1 0 0 0 0 0 0 0 0 0 0 0 0 0 1 0 1 0 0 38 0 0 1 0 0 0 110 0 0 0 0 5 0 1 0 20 61 1 0 0 2 0 0 0 0 0 0 10 0 0 39
19 14508 73 0 0 0 0 0 4 11 0 0 0 0 0 0 3 0 0 0 0 24 0 0 0 0 0 28 0 0 0 0 0 0 0 0 0 0 0 0 4 20 0 11 0 31 0 11 0 0 0 0 0 3 0 0 1 0 0 18 178 21 118 0 0 0 1 0 0 0 0 0 0 0 0 0 0 0 0 0 6 0 0 0 0 0 0 1 0 0 0 0 2 0 4 0 0 0 0 0 0 0 0 0 0 0 0 0 0 0 0 0 0 0 0 0 0 0 0 0 0 0 0 0 0 3 0 1 0 1 23 408 439 1 42 5 0 6 0 0 0 0 1 0 14 0 0 0 1 3 0 0 0 2 7 4 0 0 0 0 0 1 0 0 1 0 0 2 0 0 1 28 33 74 0 0 0 0 0 0 0 0 0 0 0 0 0 0 0 0 0 0 0 0 0 0 0 5 32 0 0 0 0 0 0 4 0 0 0 0 0 0 0 0 1 0 0 0 0 1 0 2 0 0 0 0 1 0 0 0 0 0 0 0 0 2 0 0 0 0 0 0 0 0 0 0 0 2 0 0 41
20 14888 78 3 0 0 0 0 0 18 2 0 0 0 1 0 13 1 0 0 0 19 1 2 0 1 0 31 0 6 1 0 1 0 0 0 0 0 0 0 7 15 0 21 0 133 0 0 0 0 0 0 0 0 0 0 0 0 2 52 300 33 182 0 0 0 0 0 0 0 0 2 0 0 0 1 0 0 0 0 3 0 0 0 0 0 0 0 0 0 0 0 0 0 0 0 0 0 0 0 2 2 1 0 0 0 0 1 0 0 0 1 0 0 0 0 0 0 0 0 0 0 0 0 0 0 2 2 0 1 48 272 571 42 45 4 0 2 0 0 0 0 0 0 13 0 7 0 0 22 0 0 0 1 10 0 0 0 5 0 0 0 0 0 0 0 0 7 0 0 4 36 159 147 0 0 7 0 0 0 0 0 0 0 0 0 0 0 1 1 0 0 0 0 0 0 0 15 61 12 0 0 0 0 0 0 0 0 0 0 0 1 0 0 0 0 0 0 0 3 0 0 0 0 0 0 0 1 0 0 0 0 0 0 0 2 4 0 1 1 0 0 0 0 0 0 0 0 0 0 26
21 12322 107 7 0 1 0 0 7 22 2 1 0 0 1 0 19 1 0 0 0 92 2 2 0 0 0 46 0 0 0 0 0 0 1 0 0 0 0 0 16 48 0 72 1 161 0 4 0 0 0 0 0 6 0 0 0 1 0 71 153 27 177 0 0 0 0 2 0 2 0 6 1 0 0 3 1 0 1 0 3 0 0 0 0 0 0 2 0 0 0 0 2 0 3 0 0 0 0 0 4 3 0 0 0 0 0 0 0 0 2 1 0 2 0 0 0 0 0 0 1 0 0 0 1 6 0 4 0 1 25 275 1153 140 37 4 0 7 2 0 1 0 0 0 94 0 5 0 1 53 1 1 0 10 2 0 0 0 0 0 0 0 0 0 3 0 0 3 1 0 0 22 41 69 0 0 6 0 0 0 0 0 0 0 0 0 0 0 0 0 0 0 0 0 0 0 0 7 41 0 0 0 0 0 0 0 0 0 0 0 0 1 0 0 4 1 0 0 0 3 0 2 0 0 0 0 0 6 0 0 0 7 0 1 0 2 10 3 0 1 0 0 0 0 0 0 0 5 0 0 12
22 13038 108 5 0 2 0 0 5 17 8 0 0 0 0 0 22 2 0 0 0 35 0 2 0 1 0 14 0 0 0 1 0 0 0 0 0 0 0 1 15 34 0 15 0 143 0 7 0 0 0 0 0 2 0 0 0 0 0 49 235 26 214 1 0 0 0 0 0 0 0 4 1 0 0 0 4 0 2 0 5 0 0 0 1 0 0 0 1 0 0 0 0 0 2 0 0 1 0 1 1 0 0 0 0 0 0 0 0 0 0 0 0 1 0 0 0 0 0 0 2 0 0 0 0 1 2 0 3 0 36 309 1859 67 49 6 0 21 1 0 0 0 2 0 291 0 5 0 3 55 0 4 0 0 1 0 0 0 2 0 0 0 0 0 7 0 6 3 2 0 0 39 166 110 0 0 23 0 0 0 0 0 0 0 0 0 0 0 0 0 0 0 0 0 1 0 0 9 75 0 0 0 0 0 0 0 0 0 0 0 2 0 0 0 0 28 0 0 0 4 0 0 0 0 0 0 2 0 0 1 0 0 0 0 0 0 25 1 0 2 0 0 0 0 0 0 0 0 0 0 25
23 2054 36 14 0 0 0 0 1 57 0 2 4 0 0 0 17 1 0 4 0 67 0 9 2 0 0 27 0 0 1 0 1 0 0 0 0 0 0 0 5 178 0 17 0 234 0 2 0 0 0 0 0 0 0 0 0 0 0 122 53 23 266 2 0 0 0 0 4 1 0 4 0 0 0 0 0 0 0 0 0 0 0 0 0 0 0 0 1 0 0 0 0 0 1 0 0 0 0 0 0 0 0 0 0 0 0 2 0 17 0 1 0 1 0 0 0 0 0 0 1 0 0 0 0 0 0 0 0 0 24 750 14397 154 49 23 0 71 2 0 1 0 3 0 203 0 22 0 0 158 0 1 0 14 12 1 1 0 1 0 0 0 0 0 5 0 0 1 1 0 4 83 145 138 0 0 4 0 0 0 0 0 0 0 0 0 1 0 0 0 0 0 0 0 3 0 0 6 180 0 0 0 0 0 4 0 0 0 0 0 0 0 0 0 0 18 1 0 0 20 0 3 0 5 0 3 22 1 1 0 0 0 0 17 0 31 4 0 0 8 1 0 0 0 0 0 0 0 0 0 85
24 16361 132 45 0 0 0 0 3 104 10 1 3 0 0 0 11 0 0 1 0 69 0 7 0 0 0 7 0 0 0 0 0 0 0 0 0 0 0 0 7 63 1 30 0 407 0 2 0 0 0 0 0 2 0 0 0 4 0 95 363 64 225 0 1 0 0 0 0 0 0 4 0 0 0 0 1 0 4 0 3 0 1 0 0 0 4 0 0 0 1 0 0 0 1 0 0 0 0 0 3 0 0 0 1 0 0 0 0 0 2 4 0 2 0 0 0 1 0 0 2 0 0 0 0 5 1 0 2 1 57 416 657 90 97 5 0 3 0 0 0 0 0 0 33 0 1 0 1 16 1 6 0 1 1 3 0 0 2 0 0 1 0 0 21 0 0 6 1 0 0 55 470 269 0 0 48 0 0 0 1 0 0 0 0 0 0 0 0 0 0 0 0 0 0 0 0 15 125 0 0 0 0 1 1 0 0 0 0 0 0 0 0 0 2 2 0 0 0 25 0 0 0 0 0 0 14 6 3 0 0 0 0 0 0 37 3 0 0 4 1 0 0 0 0 0 0 0 0 0 46
25 11338 81 2 0 0 0 0 21 0 0 0 0 0 0 0 5 0 0 0 0 18 0 8 0 0 0 10 0 0 0 0 0 0 0 0 0 0 0 1 10 24 0 42 0 14 0 0 0 0 0 0 0 0 0 0 0 0 0 33 25 8 43 0 0 0 0 0 0 0 0 2 0 0 0 0 0 0 0 0 5 0 2 0 0 0 0 1 0 0 0 0 0 0 1 0 0 0 0 0 0 2 1 0 0 0 0 0 0 1 0 0 0 1 1 0 4 0 0 0 0 0 0 0 0 1 1 0 0 0 13 25 25 1 17 2 0 2 0 0 1 0 0 0 3 0 0 0 0 0 0 0 0 0 1 0 0 0 0 0 0 0 0 0 0 0 0 1 0 0 0 1 5 7 0 0 7 0 0 0 0 0 0 0 0 0 0 0 0 0 0 0 0 0 0 0 0 0 1 0 0 0 0 0 0 0 0 0 0 1 0 0 0 0 0 0 0 0 0 1 0 0 0 0 0 0 0 0 0 0 0 0 0 0 0 0 1 0 0 0 0 0 0 0 0 0 0 0 0 0 15
26 10910 95 14 0 0 0 0 0 9 7 0 0 0 0 0 19 0 0 0 0 28 0 0 2 0 0 23 0 0 0 0 0 0 0 0 0 0 0 0 0 22 0 15 0 81 0 4 0 0 0 0 0 0 0 0 0 0 0 23 279 32 207 0 0 0 0 0 0 0 0 4 1 0 0 0 0 0 0 0 3 0 0 0 0 0 0 1 0 0 0 0 0 0 1 0 0 0 0 1 0 0 0 0 0 0 0 0 0 0 1 0 0 4 0 0 0 0 0 0 0 0 0 0 0 0 0 0 0 4 15 293 1815 92 62 5 0 6 0 0 0 0 0 0 7 0 15 0 1 27 4 0 0 5 1 2 0 0 2 0 0 5 0 0 2 0 0 2 0 0 0 55 91 198 0 0 21 1 0 0 0 0 0 0 0 0 0 0 0 0 0 0 0 0 0 0 0 15 84 0 0 0 0 0 0 0 0 0 0 0 0 0 0 0 0 2 1 0 0 3 0 0 0 0 0 0 12 0 0 0 0 0 0 1 0 2 5 0 0 2 1 0 0 0 0 0 0 1 0 0 25
27 13977 75 4 0 2 0 1 1 14 0 0 1 0 0 0 14 0 0 1 0 40 0 3 0 3 0 21 0 0 0 0 0 0 0 1 0 0 0 0 10 15 1 13 0 190 0 7 0 0 0 0 0 1 0 0 0 0 0 35 182 27 159 0 0 0 1 0 0 0 0 3 0 0 0 0 0 0 1 0 5 0 1 0 0 0 0 2 7 2 0 0 3 0 1 0 0 0 0 0 1 1 0 0 0 0 0 0 0 0 0 1 0 3 0 0 0 0 0 0 2 0 0 0 0 0 2 0 2 0 33 307 460 63 56 1 1 5 0 0 0 0 0 0 50 0 6 0 0 4 0 0 0 3 2 2 0 1 4 0 0 0 0 0 6 1 0 7 1 0 4 27 96 105 0 0 7 0 0 0 0 0 0 0 0 0 0 0 0 0 0 0 0 0 1 0 0 4 47 0 0 0 0 0 0 0 0 0 0 0 0 0 0 0 1 6 0 0 0 13 1 0 0 0 0 0 22 5 0 0 0 0 0 1 0 2 1 0 0 0 0 0 0 0 0 0 0 1 0 0 115
28 13774 95 1 0 0 0 1 7 2 0 0 0 0 0 0 4 0 0 0 0 17 0 1 0 0 0 16 0 0 0 0 3 0 0 0 1 0 0 0 9 4 0 23 0 19 0 1 0 0 0 0 0 0 0 0 0 0 0 13 61 6 46 0 0 0 0 2 0 0 0 3 0 0 0 0 0 0 0 1 0 0 0 0 0 0 0 1 0 0 0 0 0 0 0 0 0 0 0 0 0 2 3 0 1 0 0 1 0 0 0 0 0 0 0 0 0 0 0 0 0 0 0 0 0 1 0 0 0 0 12 45 68 7 12 5 0 1 0 0 0 0 2 0 4 0 0 0 0 0 0 0 0 2 1 3 0 0 2 0 0 0 0 0 2 0 0 4 1 0 0 0 19 30 0 0 1 0 0 0 0 0 0 0 0 0 0 0 0 0 0 0 0 0 0 0 0 1 18 0 0 0 0 1 0 0 0 0 0 0 0 0 0 0 0 0 0 0 0 4 0 0 0 0 0 0 0 3 0 0 0 0 0 1 0 1 3 0 0 0 0 0 0 0 0 0 0 0 0 0 15
29 13388 54 6 0 0 0 1 6 15 0 0 0 0 0 0 3 0 0 0 0 15 0 0 1 0 0 13 0 0 0 0 0 0 0 0 0 0 0 0 5 20 0 13 0 90 0 0 0 0 0 0 0 1 0 0 1 0 0 41 201 29 97 0 0 0 0 1 0 2 0 2 0 0 0 0 0 0 0 0 0 0 0 0 0 0 0 0 0 0 0 0 0 0 1 0 0 0 0 0 3 0 0 0 0 0 0 0 2 0 0 0 0 1 10 0 0 0 0 0 0 0 0 0 0 0 0 0 0 0 30 191 374 7 36 0 0 4 0 0 0 0 2 0 9 0 2 0 1 4 0 4 0 0 3 0 0 0 0 0 0 0 0 0 2 0 0 3 0 0 2 23 59 76 0 0 15 0 1 0 0 0 0 0 0 0 0 0 0 0 0 0 2 0 0 0 0 6 35 0 1 0 0 0 0 0 1 0 0 0 0 2 0 0 0 0 0 0 0 4 0 0 0 0 0 0 6 0 0 0 0 0 0 0 0 5 0 1 1 0 1 0 0 0 0 0 0 0 0 0 15
30 10574 124 4 0 0 0 0 2 3 4 0 0 0 0 0 10 0 0 0 0 26 0 0 0 0 0 5 0 0 0 0 1 0 0 0 0 0 0 0 0 2 0 17 0 37 0 1 0 0 0 0 0 0 0 0 0 0 0 29 66 9 37 0 0 0 0 0 0 0 0 0 0 0 0 0 0 0 0 0 0 0 3 0 0 0 0 1 0 0 0 0 0 0 0 1 0 0 0 0 0 1 0 0 0 0 0 0 0 0 0 0 0 0 0 0 0 0 0 0 0 0 0 0 0 0 0 0 0 0 8 65 37 0 18 0 0 7 0 0 0 0 0 0 19 0 3 0 0 0 0 0 0 0 0 0 0 0 0 0 0 0 0 0 0 0 0 2 1 0 2 5 23 26 0 0 1 0 0 0 0 0 0 0 0 0 0 0 0 0 0 0 0 0 0 0 0 1 6 0 0 0 0 0 0 0 0 0 1 0 0 0 0 0 2 1 0 0 0 4 0 0 0 0 0 0 0 2 0 0 0 0 0 0 0 0 0 1 0 0 0 0 0 0 0 0 0 0 0 0 3
31 11234 128 1 0 0 0 2 14 1 0 1 0 0 0 0 9 0 0 1 0 47 0 0 1 1 0 11 0 0 0 0 3 0 0 0 1 0 0 0 21 8 0 59 0 40 0 5 0 0 0 0 0 1 0 1 0 0 0 66 43 22 67 0 0 0 0 0 0 0 0 0 0 0 1 0 0 0 0 0 8 0 0 0 0 0 0 0 0 0 0 0 0 0 0 0 0 0 0 0 5 0 0 0 3 0 0 1 0 1 0 1 0 0 0 0 0 0 0 0 0 0 0 0 3 1 1 0 0 0 34 11 50 0 21 0 0 1 0 0 0 0 0 0 2 0 0 0 3 0 0 0 0 0 1 2 0 0 0 0 0 0 0 0 0 0 0 6 1 0 0 6 9 13 0 0 2 0 0 0 0 0 0 0 0 0 0 0 0 0 0 1 0 0 0 0 0 2 4 0 0 0 0 0 0 0 0 0 0 0 0 0 0 0 0 1 0 1 0 3 0 0 0 0 0 0 0 3 0 0 0 0 0 1 1 0 0 0 0 0 0 0 0 0 0 0 0 0 0 0 14
32 10632 101 1 0 0 0 0 6 1 1 1 0 0 0 0 6 0 0 0 0 8 0 3 1 0 0 7 0 0 0 0 1 0 0 0 0 0 0 0 3 17 1 11 0 75 0 6 0 0 0 0 0 0 0 0 0 0 0 18 91 10 59 0 0 0 0 0 0 0 0 4 0 0 1 0 0 0 0 0 3 0 0 0 0 0 0 0 0 0 0 0 0 0 0 0 0 0 0 0 0 1 0 0 0 0 0 0 0 0 0 6 0 0 0 0 0 0 0 0 0 0 0 0 0 0 0 0 0 0 14 72 377 10 40 0 0 4 0 0 0 0 0 0 16 0 2 0 0 1 0 0 0 0 1 0 0 0 0 0 0 1 0 0 0 1 0 0 0 0 0 2 18 31 0 0 3 0 0 0 0 0 0 0 0 0 0 0 0 0 0 0 0 0 0 0 0 0 1 0 0 0 0 0 0 0 0 0 0 0 0 0 0 0 0 0 0 0 0 1 0 0 0 0 0 0 0 0 0 0 0 1 0 3 0 0 0 0 0 0 0 0 0 0 0 0 0 1 0 0 1
33 10991 73 2 0 0 0 0 1 2 0 0 0 0 0 0 2 1 0 0 0 9 0 4 0 0 0 7 0 0 1 0 0 0 0 0 0 0 0 0 3 1 0 12 0 18 0 1 0 0 0 0 0 0 0 0 0 0 0 8 58 4 37 0 0 0 0 0 0 0 0 3 0 0 0 1 0 0 0 0 0 0 2 0 0 0 0 0 0 0 0 0 0 0 0 0 0 0 0 0 4 0 0 0 1 0 0 0 0 0 0 0 0 0 0 0 0 0 0 0 0 0 0 0 0 0 0 0 0 0 12 25 31 1 18 0 0 0 0 0 0 0 0 0 0 0 0 0 0 0 0 0 0 1 1 0 0 0 0 0 0 0 0 0 2 0 0 5 0 0 2 0 13 16 0 0 1 0 0 0 0 0 0 0 0 0 0 0 0 0 0 0 0 0 4 0 0 0 3 0 0 0 0 0 0 0 0 0 0 0 0 0 0 0 0 0 0 0 0 0 0 0 0 0 0 0 0 0 0 0 0 0 0 0 0 0 0 0 0 0 0 0 0 0 0 0 0 1 0 0 7
34 10777 100 2 0 0 0 0 5 8 0 0 0 0 0 0 4 0 0 0 0 22 0 2 0 0 0 8 0 0 1 0 0 0 0 0 0 0 0 0 5 5 0 27 0 31 0 4 0 0 0 0 0 1 0 0 0 0 0 7 63 6 36 0 0 0 0 0 0 3 0 1 1 0 0 0 0 0 0 0 5 0 0 0 0 0 0 2 0 0 0 0 0 0 0 0 0 0 0 0 0 0 0 0 0 0 0 0 0 0 0 0 0 0 0 0 0 0 0 0 2 0 0 0 0 1 1 0 0 0 11 51 49 1 8 0 0 0 0 0 0 0 0 0 1 2 1 0 1 0 0 0 0 0 1 0 0 0 0 0 0 0 0 0 0 0 0 0 0 0 0 0 9 20 0 0 4 0 0 0 1 0 0 0 0 0 0 0 0 0 0 0 0 0 0 0 0 2 7 0 0 0 0 0 0 0 0 0 0 0 0 0 0 0 0 0 0 0 0 0 0 0 0 0 0 0 0 0 1 0 0 1 0 0 0 0 0 1 0 0 0 0 0 0 0 0 1 0 0 1 4
35 12085 147 3 0 2 0 0 2 1 0 0 0 0 0 0 3 0 0 2 0 15 0 1 0 0 0 9 0 0 0 0 1 0 0 0 0 0 0 0 10 12 0 21 0 97 0 0 0 0 0 0 0 0 0 0 0 2 0 22 91 13 42 0 0 0 0 0 0 1 0 3 0 0 0 0 0 0 0 0 2 0 0 0 0 0 0 0 0 0 0 0 0 0 0 0 0 0 0 0 0 0 0 0 3 0 0 0 0 0 0 0 0 0 0 0 0 0 0 0 0 0 0 0 0 0 0 0 0 0 17 16 24 1 21 0 0 0 0 0 0 0 0 0 4 0 0 0 0 0 0 0 0 0 0 0 0 0 3 0 0 0 0 0 0 0 0 0 0 0 0 2 29 24 0 0 3 0 0 0 0 0 0 0 0 0 0 0 1 0 0 0 0 0 0 0 0 0 0 0 0 0 0 1 0 0 0 0 0 0 0 0 0 0 0 0 0 0 0 1 0 0 0 0 0 0 1 0 0 0 0 0 0 0 0 0 0 0 0 0 0 0 0 0 0 0 0 0 0 0 1
36 10230 88 3 0 0 0 0 7 1 0 1 0 0 0 0 1 0 0 1 0 12 0 0 0 0 0 0 0 0 0 0 0 0 0 0 0 0 0 0 11 9 0 33 0 19 0 2 0 0 0 0 0 1 0 0 0 0 0 17 37 8 23 0 0 0 0 0 0 0 0 0 0 0 0 0 0 0 1 0 0 0 0 0 0 0 0 0 0 0 0 1 0 0 1 0 0 0 0 0 4 0 0 0 1 0 0 0 0 0 1 2 0 0 0 0 0 0 0 0 0 0 0 1 0 0 0 0 0 1 11 17 32 1 17 0 0 1 0 0 0 0 0 0 3 0 2 0 0 1 0 0 0 3 0 1 0 0 0 0 0 0 0 0 1 0 0 3 0 0 0 1 16 11 0 0 0 0 1 0 0 0 0 0 0 0 1 0 0 0 0 0 0 0 0 0 0 1 0 0 0 0 0 0 0 0 0 0 0 0 0 0 0 0 0 0 0 1 0 0 0 0 0 0 0 0 2 2 0 0 0 0 0 0 0 0 0 0 0 0 0 0 0 0 0 0 0 1 0 0 6
37 11124 78 0 0 0 0 0 2 2 0 1 0 0 0 0 2 0 0 0 0 14 1 4 1 0 0 14 0 0 0 0 0 0 0 0 1 0 0 0 5 5 0 19 0 25 0 0 0 0 0 0 0 1 0 0 0 2 0 15 46 7 27 0 0 0 0 0 0 0 0 4 0 0 0 0 0 0 0 0 7 0 0 0 0 0 0 1 0 0 0 0 0 0 0 0 0 0 0 0 0 0 0 2 1 0 0 0 0 0 0 0 0 0 0 0 0 0 0 0 0 0 0 0 0 1 2 0 0 0 8 79 37 0 18 0 0 0 1 0 0 0 0 0 6 0 1 0 0 1 0 0 0 2 1 0 0 0 0 0 0 1 0 0 1 0 1 1 0 0 2 9 8 8 0 0 1 0 0 0 0 0 0 0 0 0 0 0 0 0 0 0 0 0 0 0 0 0 6 0 0 0 0 0 0 0 0 0 0 0 0 0 0 0 0 0 0 0 0 1 0 0 0 0 0 0 2 0 0 0 0 0 0 1 0 0 0 0 0 0 2 0 0 0 0 0 0 3 0 0 3
38 11355 162 1 0 0 0 0 4 20 1 0 0 0 0 0 17 1 0 0 0 20 0 1 0 1 0 2 0 0 0 0 0 0 0 0 0 0 0 0 3 54 0 11 1 186 0 0 0 0 0 0 0 1 0 0 0 0 0 32 115 21 47 0 0 0 0 0 1 1 0 0 1 0 1 0 1 0 0 0 2 0 1 0 0 0 0 0 0 1 0 0 1 0 1 0 0 0 0 1 0 0 1 0 0 0 0 0 0 0 1 0 0 0 0 0 0 0 0 2 0 0 0 0 0 0 0 2 0 0 33 25 75 3 24 0 0 0 1 0 0 0 0 0 1 0 1 0 1 3 0 0 0 0 0 0 0 0 0 0 0 0 0 0 0 0 0 3 0 0 2 3 56 22 0 0 4 0 0 0 0 0 0 0 0 0 0 0 0 0 0 0 0 0 0 0 0 2 0 0 0 0 0 0 0 0 1 0 0 0 0 0 0 0 1 0 0 0 0 3 0 0 0 0 0 0 2 1 0 0 0 0 0 0 0 5 0 0 0 0 0 0 0 0 0 0 0 2 0 0 3
39 3464 56 14 0 0 0 0 1 33 2 0 0 0 0 0 13 1 0 0 0 28 1 0 0 2 0 15 0 0 0 4 0 0 0 0 0 0 0 0 2 360 2 15 0 226 0 6 0 0 0 0 0 1 0 0 0 0 0 64 38 29 164 0 0 0 0 0 0 3 0 0 0 0 0 0 1 0 1 0 2 0 0 0 0 0 0 1 0 0 0 0 0 0 2 0 0 0 0 0 0 0 0 0 2 0 0 0 0 9 2 4 0 1 0 0 1 0 0 0 0 0 0 0 0 1 0 0 1 0 18 117 9567 409 59 34 1 30 3 0 0 0 0 0 44 0 14 0 0 72 1 13 0 3 0 0 0 0 11 1 0 0 0 0 5 0 6 3 2 0 5 46 143 17 0 0 8 0 0 0 0 0 0 0 0 0 0 0 0 0 0 0 0 0 20 0 0 1 23 2 0 0 1 0 0 0 0 0 0 0 0 0 0 0 0 0 0 0 0 16 0 0 0 0 0 0 19 0 0 0 0 2 0 2 0 15 14 0 0 0 0 0 0 0 0 0 0 0 0 0 39
40 10692 140 2 0 0 0 0 1 0 0 0 0 0 0 0 3 0 0 0 0 10 0 4 0 0 0 4 0 0 0 0 2 0 0 0 0 0 0 0 8 2 0 11 0 24 0 1 0 0 0 0 0 0 0 0 0 1 0 15 80 22 44 0 0 0 0 0 0 0 0 3 0 0 0 1 0 0 0 0 2 0 0 0 0 0 0 0 0 0 0 0 0 0 0 0 0 0 0 0 0 0 0 0 0 0 0 1 0 0 0 0 0 0 3 0 0 0 0 0 0 0 0 0 0 0 0 0 1 0 2 54 69 18 21 0 0 2 0 0 0 0 1 0 13 0 0 0 0 0 0 0 0 1 0 0 0 0 0 0 0 0 0 0 0 0 0 4 0 0 0 5 15 41 0 0 1 0 0 0 0 0 0 0 1 0 0 0 0 0 0 0 0 0 0 0 0 5 3 0 0 0 0 0 0 0 0 0 0 0 0 0 0 0 0 0 0 0 0 1 0 0 0 0 0 0 0 1 0 0 0 0 0 0 0 0 0 0 0 0 1 0 0 0 0 0 0 3 0 0 12
41 10819 66 5 0 0 0 0 9 7 0 0 0 0 0 0 9 1 0 0 0 15 0 1 1 0 0 3 0 0 0 0 1 0 0 0 0 0 0 0 2 7 0 35 0 18 0 1 0 0 0 0 0 6 0 0 0 0 0 11 55 5 31 0 0 0 0 0 0 0 0 1 0 0 0 0 0 0 0 0 5 0 0 0 0 0 0 0 0 0 0 0 0 0 0 0 0 0 0 0 0 0 0 0 3 0 0 0 0 0 0 0 0 0 0 0 0 0 0 0 1 0 0 0 0 2 2 0 0 0 10 3 40 1 46 1 0 0 4 0 0 0 1 0 2 2 0 0 3 0 0 0 0 0 0 0 0 0 0 0 0 0 0 0 0 0 0 5 0 0 0 0 11 4 0 0 0 0 0 0 0 0 0 0 0 0 0 0 0 0 0 0 0 0 0 0 0 1 7 0 0 0 0 0 0 0 0 0 0 0 1 0 1 0 1 0 0 0 0 0 0 0 0 0 0 0 0 0 0 0 0 0 0 0 0 0 0 0 0 0 0 0 0 0 0 0 0 0 0 0 0
42 10319 114 6 0 3 0 0 10 5 0 0 1 0 0 0 15 0 0 0 0 17 0 5 0 0 0 17 0 0 1 0 0 0 0 0 0 0 0 0 12 20 0 29 0 68 0 3 0 0 0 0 0 1 0 0 1 0 0 26 64 13 90 0 0 0 0 0 0 0 0 1 0 0 0 0 0 1 1 0 0 0 0 0 0 0 0 0 1 0 0 0 0 0 0 0 0 0 0 0 1 1 0 0 0 0 0 2 0 0 0 0 0 1 0 0 0 0 0 0 0 0 0 0 0 0 0 0 2 0 24 355 1162 32 41 0 0 5 0 0 0 0 1 0 46 1 0 0 3 13 0 0 0 3 4 0 0 0 6 0 0 0 0 0 4 0 0 7 0 0 3 22 29 24 0 1 4 0 0 0 0 0 0 0 0 0 0 0 0 0 0 0 0 0 0 0 0 1 20 0 4 0 0 0 0 0 0 0 0 1 0 0 0 0 1 10 0 0 1 3 0 0 0 0 0 0 0 4 0 0 0 10 0 0 0 0 1 0 0 0 0 0 0 0 0 0 0 0 0 0 15
43 11079 89 15 0 0 0 1 3 1 3 0 0 0 0 0 10 0 0 1 0 18 0 1 5 1 0 17 0 0 0 0 0 0 0 0 0 0 0 1 10 6 0 27 0 35 0 6 0 0 0 0 0 0 0 0 0 1 0 19 57 8 25 0 0 0 0 0 0 0 0 1 0 0 0 0 0 0 0 0 1 0 0 0 1 0 0 2 0 0 0 0 0 0 2 0 0 0 0 0 2 0 0 0 0 0 0 0 0 0 0 0 0 0 0 0 0 0 0 0 0 0 0 0 0 0 1 0 0 0 22 33 97 0 17 0 1 0 0 0 0 0 0 0 18 0 3 0 1 3 1 0 0 0 0 0 0 0 0 0 0 0 1 0 0 0 0 5 1 0 3 4 8 16 0 0 1 0 0 0 0 0 0 0 0 0 0 0 1 0 0 0 1 0 0 0 0 0 9 0 0 0 0 0 0 0 0 0 0 0 0 0 0 0 0 0 0 0 0 0 0 0 0 0 0 0 1 0 0 0 0 0 0 0 0 0 0 0 0 0 0 0 0 0 0 0 0 1 0 0 6
44 11120 92 9 0 0 0 0 5 4 0 0 0 0 0 0 10 0 0 0 0 31 0 4 0 0 0 7 0 0 0 0 0 0 0 0 0 0 0 0 10 9 0 36 0 109 0 0 0 0 0 0 0 0 0 0 0 1 0 38 46 23 52 0 0 0 0 0 0 0 0 1 0 0 0 1 0 0 0 0 1 0 0 0 0 0 0 1 2 0 0 0 0 0 0 0 0 0 0 0 0 0 0 0 2 0 0 1 0 0 0 0 0 2 0 0 0 0 0 0 3 0 0 0 0 0 1 1 0 1 23 16 294 71 15 0 0 1 0 0 0 1 0 0 6 0 0 0 0 2 2 0 0 0 0 0 0 0 0 0 0 0 0 0 1 0 0 9 0 0 0 12 12 14 0 0 1 0 0 0 0 0 0 0 0 0 0 0 1 0 0 0 0 0 0 0 0 1 2 0 0 0 0 0 0 0 0 0 0 0 0 0 0 0 0 0 0 0 0 1 0 0 1 0 0 0 5 0 0 1 0 0 0 0 0 0 0 0 0 0 0 0 0 0 0 0 0 1 0 0 1
45 10984 113 4 0 3 0 0 4 17 0 1 0 0 0 0 18 0 0 0 0 61 0 3 0 0 0 5 0 0 2 0 0 0 1 0 0 0 0 0 4 28 0 21 0 211 0 3 0 0 0 0 0 1 0 0 0 0 0 41 77 22 54 0 0 0 0 0 0 0 0 0 0 0 0 0 0 0 0 0 0 0 0 0 0 0 0 1 0 0 0 2 0 0 0 0 0 0 0 0 0 0 0 0 5 0 0 0 0 0 0 0 0 0 0 0 0 0 0 0 1 0 0 0 2 1 0 0 0 0 10 156 124 6 33 2 0 7 0 0 0 0 0 0 12 3 0 0 1 0 0 0 0 0 0 3 0 0 2 0 0 1 0 0 1 0 0 7 0 0 3 6 39 21 0 0 6 0 0 0 0 0 0 0 0 0 0 0 1 0 0 0 0 0 0 0 0 0 10 0 0 0 0 0 0 0 0 0 0 0 0 0 0 0 0 0 0 0 0 2 0 0 0 0 0 0 3 0 0 0 0 0 0 0 0 5 4 0 0 1 0 0 0 0 0 0 0 1 5 0 4
46 9253 124 8 0 0 0 0 5 25 0 0 0 0 0 0 14 3 0 0 0 38 0 1 3 0 0 29 0 0 0 0 0 0 0 0 0 0 0 0 3 114 0 16 0 225 0 11 0 0 0 0 0 3 0 0 0 1 0 32 70 25 72 0 0 0 0 0 0 0 0 0 0 0 0 1 0 0 0 0 0 0 0 0 0 0 0 2 0 0 0 0 1 0 0 0 0 0 0 0 0 0 0 0 2 0 0 0 0 8 0 0 0 0 0 0 0 0 0 0 10 0 0 0 1 0 0 2 2 0 23 35 1839 20 42 1 0 8 0 0 0 0 0 0 5 0 4 0 1 14 0 1 0 0 0 0 0 0 0 0 0 0 1 0 0 0 0 0 0 0 2 19 41 12 0 0 2 0 0 0 0 0 0 0 0 0 0 0 0 0 0 0 0 0 1 0 0 5 10 2 3 0 0 0 0 0 1 0 0 0 0 0 0 0 0 0 0 0 0 4 0 0 0 0 0 0 2 0 0 0 0 0 0 0 0 8 3 0 0 0 0 0 0 0 0 0 0 1 0 0 1
47 15910 216 6 0 1 0 0 11 4 5 1 0 0 0 0 12 0 0 0 0 50 0 3 0 0 0 32 0 0 0 3 2 0 0 0 0 1 0 1 8 14 0 56 1 99 0 1 0 0 0 0 0 1 0 0 0 0 0 40 343 15 96 0 0 1 0 0 0 2 0 3 1 0 2 0 0 0 1 0 3 0 0 0 0 0 0 3 0 4 0 0 0 0 0 0 0 0 0 0 0 1 0 0 6 0 0 0 2 0 3 1 0 0 0 0 0 0 0 0 1 0 0 0 0 2 0 0 2 0 30 217 377 11 49 5 0 1 0 0 1 0 0 0 18 0 10 0 1 2 3 19 0 2 0 0 0 0 5 0 0 4 0 0 4 0 0 10 0 0 2 21 60 291 0 0 34 0 0 0 0 0 0 0 0 0 0 0 0 0 1 0 0 0 0 0 0 30 94 0 0 0 0 0 0 0 0 0 0 0 0 0 0 0 0 0 0 0 0 3 0 3 0 0 0 0 36 2 0 0 0 0 0 0 0 0 2 1 0 1 0 0 0 0 0 0 0 1 0 0 25
48 11530 241 1 0 2 1 0 6 19 27 0 0 0 0 0 17 0 0 0 0 51 0 5 1 5 0 30 0 0 0 1 6 0 0 0 0 0 0 0 10 35 1 32 0 335 0 1 0 0 0 0 0 3 0 0 0 2 0 64 1019 65 221 0 0 0 0 0 0 3 0 26 8 0 0 0 0 0 4 0 5 0 2 0 0 9 0 3 0 0 0 0 1 0 1 0 0 0 0 3 0 0 0 0 0 0 0 0 0 0 2 4 0 3 3 0 0 0 0 0 1 0 0 0 1 7 0 0 1 0 66 956 1820 15 111 4 2 13 3 0 0 1 1 0 9 5 29 0 0 27 4 30 0 2 0 0 0 0 67 0 0 0 0 0 13 0 1 6 0 0 0 131 518 1424 0 6 167 0 0 0 0 0 0 0 0 0 0 0 0 0 1 1 0 0 0 0 0 79 78 0 1 0 1 0 0 0 0 0 0 0 0 0 0 0 0 0 0 0 0 11 0 2 0 6 0 0 98 1 0 0 0 2 0 3 0 0 13 0 0 3 0 1 2 0 3 0 0 4 0 0 105
49 7911 42 2 2 0 0 0 1 10 36 2 2 0 0 0 4 0 0 0 0 44 0 3 0 0 0 2 0 0 0 0 0 0 0 0 0 0 0 2 5 40 2 14 0 228 0 1 0 0 0 0 0 3 0 0 0 0 0 50 40 15 177 1 0 0 0 0 0 1 0 2 0 0 0 0 0 0 0 0 0 0 0 0 0 0 0 0 0 0 0 0 0 0 0 0 0 0 0 0 0 0 0 0 0 0 0 0 1 0 0 1 0 0 0 0 0 0 0 1 2 0 0 2 0 0 0 0 0 0 28 7184 2986 37 28 16 0 27 3 0 0 0 3 0 11 0 5 0 3 13 0 8 0 0 0 5 0 0 8 0 4 0 0 0 8 0 0 6 1 0 2 45 24 23 1 0 2 0 0 0 0 0 0 0 0 0 0 0 0 0 2 0 0 0 0 0 0 2 29 4 0 0 0 0 0 3 0 0 0 0 0 0 0 0 0 0 0 0 0 3 0 0 0 0 0 0 6 0 0 0 0 0 0 0 0 0 2 0 0 0 0 0 0 0 0 0 0 2 0 0 6
50 12219 64 3 0 0 0 0 1 18 12 0 1 0 0 0 2 0 0 0 0 17 0 2 1 0 0 5 0 0 0 0 1 0 0 0 0 0 0 0 17 17 0 18 0 110 0 0 0 0 0 0 0 0 0 0 0 0 0 36 113 28 130 0 0 0 0 0 0 0 0 1 0 0 0 0 0 0 0 0 3 0 0 0 0 0 0 0 0 0 0 0 0 0 0 0 2 0 0 0 0 0 0 0 3 0 0 0 0 0 1 6 0 0 0 0 0 0 0 0 0 0 0 0 0 0 1 0 3 0 29 2860 3301 23 27 0 0 10 1 0 0 0 5 0 49 0 3 0 0 48 1 8 0 3 1 2 0 0 1 4 0 0 0 0 0 0 0 7 0 0 1 18 45 33 0 0 1 0 0 1 0 0 0 0 0 0 0 0 0 0 0 0 0 0 0 0 0 1 25 0 0 0 0 0 0 0 0 0 0 0 0 0 0 0 1 1 0 0 0 5 0 0 0 0 0 0 3 2 0 0 1 0 0 4 0 0 1 0 0 0 0 0 0 0 0 0 0 0 0 0 23
51 15439 57 5 0 0 0 0 13 2 0 0 0 0 0 0 8 0 0 0 0 13 0 0 0 0 0 5 0 0 0 0 0 0 0 0 0 0 0 1 7 16 0 21 0 65 1 1 0 0 0 0 0 1 0 0 0 0 0 19 102 13 73 0 0 0 0 0 0 2 0 3 0 0 0 0 0 0 0 0 8 0 0 0 0 0 0 1 0 0 0 0 1 0 0 0 0 0 0 0 0 0 1 0 0 0 0 0 0 0 0 0 0 0 1 0 0 0 0 1 0 0 0 0 0 1 0 1 0 0 19 124 89 1 29 0 0 1 1 0 0 0 2 0 2 0 0 0 1 2 2 5 0 1 0 0 0 0 0 0 0 0 0 0 0 1 0 4 0 0 1 0 35 35 0 0 5 0 0 0 0 0 0 0 0 0 0 0 0 0 0 0 0 0 0 0 0 2 23 0 0 0 0 1 0 0 0 0 0 0 0 0 0 0 0 5 0 0 0 0 0 0 0 0 0 0 3 0 0 0 0 0 0 0 0 0 1 0 0 0 0 0 0 0 0 0 1 2 0 0 18
52 15595 62 3 0 0 0 0 4 9 1 0 0 0 0 0 5 0 0 0 0 22 0 0 0 5 0 8 0 0 0 0 0 0 0 0 0 0 0 0 7 9 0 36 0 84 0 2 0 0 0 0 0 0 0 0 0 0 0 34 65 1 72 0 0 0 0 0 0 0 0 3 0 0 0 0 0 0 0 0 2 0 0 0 0 0 0 0 0 0 0 0 0 0 0 0 0 0 0 0 0 0 0 0 0 0 0 0 0 0 0 0 0 2 0 0 0 0 0 0 0 0 0 0 0 0 0 0 2 0 20 189 200 7 33 0 0 0 0 0 0 1 0 0 13 0 1 0 3 6 0 0 0 0 0 0 0 0 0 0 0 0 0 0 2 0 0 3 0 0 6 5 17 45 0 0 5 0 0 0 4 0 0 0 0 0 1 0 1 0 0 0 0 1 0 0 0 2 1 0 0 0 0 0 0 0 0 0 0 0 0 0 0 0 0 3 0 0 0 1 0 0 0 0 0 0 4 0 0 0 0 2 0 0 0 0 0 1 0 1 0 0 0 0 0 0 1 0 0 0 10
53 16517 86 9 0 0 0 0 22 2 0 0 0 0 0 1 10 0 0 1 0 29 0 0 0 2 0 6 0 0 0 0 3 0 0 0 0 0 0 0 19 19 0 29 0 46 0 0 0 0 0 0 0 2 0 0 1 1 0 14 129 15 68 0 0 0 0 0 0 2 0 4 0 0 0 0 0 0 0 0 1 0 0 0 0 0 0 2 0 0 0 0 1 0 0 0 0 0 0 0 0 0 0 0 1 0 0 1 0 0 0 0 0 0 0 0 0 0 0 0 0 0 0 0 0 0 2 0 0 0 18 49 65 0 34 1 0 1 0 0 0 1 0 0 1 1 0 0 3 0 0 3 0 0 1 0 0 0 0 0 0 0 0 0 0 0 0 3 0 0 2 8 41 55 0 0 4 0 0 0 0 0 0 0 0 0 0 0 0 0 0 1 0 0 0 0 1 2 6 0 0 0 0 0 0 0 0 0 0 0 0 0 0 0 0 0 0 0 0 1 0 0 0 0 0 0 13 1 0 0 0 0 0 0 0 0 0 1 0 0 0 0 0 0 0 0 1 1 0 0 5
54 10377 143 13 0 4 0 0 2 32 0 0 0 0 0 0 18 0 0 0 0 49 0 2 1 0 0 11 0 0 3 2 1 0 0 0 0 0 0 7 8 25 2 26 0 215 0 1 0 0 0 0 0 3 0 0 0 0 0 90 320 77 124 6 0 0 0 0 0 2 1 13 2 0 1 0 0 0 0 0 8 0 0 0 0 1 0 0 0 1 0 0 0 0 4 0 0 0 0 0 0 0 0 0 3 0 0 0 0 1 2 2 1 0 0 0 0 0 0 0 2 0 0 0 0 3 0 0 0 0 39 523 5047 193 58 6 0 12 0 0 0 0 0 0 10 0 10 0 1 55 0 16 0 1 4 3 0 0 24 0 0 1 0 0 7 0 0 14 2 0 4 42 189 442 0 0 48 0 0 0 1 0 0 0 0 0 0 0 0 1 0 0 1 2 0 0 0 20 193 0 0 0 0 0 0 0 0 0 0 0 0 4 0 0 1 0 0 0 0 23 0 0 0 0 0 0 30 2 0 0 0 8 0 3 0 2 6 4 0 1 1 0 0 0 0 0 0 5 0 0 55
55 13782 252 15 1 4 0 0 2 2 2 1 0 0 1 0 3 0 0 0 0 13 0 0 0 3 0 24 0 0 3 10 1 0 0 0 0 0 0 1 5 15 0 16 0 121 0 0 0 0 0 0 0 6 0 1 0 0 0 42 519 59 118 0 0 0 0 0 0 7 0 8 0 0 0 0 1 2 2 0 5 0 0 0 0 0 0 0 0 2 1 0 0 0 0 0 0 0 0 1 1 0 0 0 1 0 0 2 0 0 2 0 0 4 0 0 0 0 0 0 0 0 0 0 0 1 0 2 0 0 56 229 840 6 81 12 0 9 1 0 0 0 3 0 5 2 15 0 3 9 2 33 0 1 4 2 0 0 4 1 0 0 0 0 3 0 0 10 0 0 1 40 193 570 0 0 77 0 0 0 1 0 0 0 0 0 0 0 0 0 0 2 0 0 0 0 0 35 86 0 0 0 0 1 0 0 0 0 0 0 0 0 0 0 0 0 0 0 0 12 0 0 0 0 0 1 60 0 0 0 1 5 0 0 0 1 12 0 0 0 0 0 0 0 0 0 1 4 0 0 39
56 15935 70 2 0 0 0 1 12 1 0 0 0 0 0 0 5 0 0 1 0 10 0 0 2 0 0 1 0 0 0 0 1 0 0 0 0 0 0 0 6 4 0 26 0 20 0 0 0 0 0 0 0 0 0 0 0 0 0 11 54 8 43 0 0 0 0 0 0 0 0 2 0 0 0 0 0 0 0 0 1 0 0 0 0 0 0 0 0 0 0 0 0 0 0 0 0 0 0 0 0 0 0 0 0 0 0 0 0 0 0 0 0 0 0 0 0 0 0 0 0 0 0 0 0 0 0 0 1 0 11 22 41 3 19 0 0 0 1 0 0 0 0 0 3 0 5 0 0 0 2 0 0 0 0 0 0 0 0 0 0 0 0 0 1 0 0 3 0 0 0 5 8 14 0 0 1 0 0 0 0 0 0 0 0 0 1 0 0 0 0 0 0 0 0 0 0 1 3 0 0 0 0 0 0 0 0 0 0 0 0 0 0 0 0 0 0 0 0 0 0 0 0 0 0 0 0 0 0 0 1 0 0 0 0 0 3 0 0 0 0 0 0 0 0 0 0 0 0 0 0
57 15453 60 5 0 6 0 0 4 6 6 0 0 0 0 0 5 0 0 0 0 36 0 4 1 0 1 3 0 0 0 0 0 0 0 0 0 0 0 0 14 17 1 23 0 159 0 1 0 0 0 0 0 2 0 0 0 1 0 39 127 29 112 0 0 0 0 0 0 2 0 3 0 0 0 0 0 0 0 0 0 0 0 0 0 0 0 0 0 0 0 0 0 0 1 0 0 0 0 0 0 0 0 0 1 0 0 1 0 0 0 0 0 3 1 0 0 0 0 0 1 0 0 0 0 0 1 0 0 1 13 703 1741 14 35 0 0 1 0 0 0 0 0 0 5 0 7 0 2 42 0 5 0 0 0 0 0 0 5 0 0 1 0 0 3 0 0 8 0 0 0 9 40 38 0 0 4 0 0 0 0 0 0 0 0 0 0 0 0 0 0 0 0 0 0 0 0 4 17 0 0 0 0 0 0 2 0 0 0 0 0 0 0 0 0 0 0 0 0 1 0 0 0 0 0 0 1 0 0 0 0 0 0 0 0 0 0 2 0 2 1 0 0 0 0 0 0 0 0 0 5
58 9774 20 14 0 0 0 0 1 10 0 1 1 0 0 0 1 0 0 0 0 13 0 1 0 0 0 2 0 1 0 0 2 0 0 1 0 0 0 0 4 14 1 20 0 42 0 0 0 0 0 0 0 1 0 0 0 0 0 43 33 20 126 0 0 0 0 0 0 0 0 6 0 0 0 1 0 0 0 0 0 0 0 0 0 0 0 0 0 0 0 0 0 0 0 0 0 0 0 2 0 0 0 1 0 0 0 0 0 0 0 0 1 0 1 0 0 0 0 0 0 0 0 0 0 2 0 0 2 0 20 4256 3792 181 20 3 0 16 7 0 0 0 0 0 17 0 10 0 0 51 0 13 0 2 0 1 0 0 4 1 0 0 0 0 18 0 0 8 0 0 4 59 48 10 0 0 2 0 0 0 1 0 0 0 0 0 0 0 0 0 0 0 0 0 0 0 0 3 59 0 1 0 0 0 0 0 0 0 0 0 0 0 0 0 0 0 0 0 0 1 0 0 0 0 0 0 12 0 0 0 0 0 0 0 0 0 5 1 0 0 0 0 0 0 0 0 0 1 0 0 4
59 9052 54 27 1 0 0 1 6 33 1 0 1 0 0 0 8 0 0 0 0 41 0 2 0 2 0 5 0 0 0 3 1 0 0 0 0 0 0 0 6 100 0 18 0 188 0 0 0 0 0 0 0 4 0 0 0 1 0 46 98 31 309 0 0 0 1 1 0 2 0 3 0 0 0 0 2 0 0 0 0 0 2 0 0 0 0 0 0 2 0 0 7 0 0 0 0 0 0 0 0 0 0 0 0 0 0 0 0 0 2 0 0 0 0 0 0 0 0 0 3 0 0 0 0 0 0 0 0 1 24 1121 8152 48 23 9 0 26 0 0 0 0 1 0 37 0 10 0 3 142 0 28 0 2 0 0 0 0 28 0 0 0 0 0 1 0 1 0 0 0 0 58 97 29 0 0 3 0 0 0 0 0 0 0 0 0 0 0 0 0 0 0 1 0 0 0 0 3 21 0 0 0 0 0 0 3 0 0 0 0 0 1 0 0 0 9 0 0 0 3 0 0 1 6 0 0 24 1 0 1 0 0 0 0 0 14 5 0 0 2 0 0 0 0 0 0 0 2 0 0 16
60 16046 196 4 0 6 0 1 3 7 0 1 0 0 0 0 14 2 0 0 0 29 0 4 0 0 0 18 0 0 0 0 1 0 0 0 0 0 0 0 18 13 0 25 0 57 1 2 0 0 0 0 0 1 0 0 0 0 0 26 329 18 129 1 0 0 0 0 0 0 0 8 0 0 0 0 0 0 1 0 0 0 0 0 0 0 0 1 0 3 0 0 0 0 0 0 0 0 0 0 0 0 0 0 1 0 0 0 0 0 0 0 0 2 4 0 0 0 0 1 0 0 0 0 0 0 0 3 0 1 31 78 431 5 29 1 0 4 0 0 1 0 0 0 7 1 4 0 1 15 3 0 0 1 0 11 0 0 0 0 0 0 0 0 1 0 0 7 5 0 0 20 104 186 0 0 36 0 0 0 0 0 0 0 0 0 0 0 0 0 0 0 0 0 0 0 0 14 10 0 0 0 0 0 0 0 0 0 0 0 0 1 0 0 1 4 0 0 0 5 0 0 0 0 0 0 5 1 0 0 0 0 0 0 0 1 4 1 0 0 4 0 0 0 0 0 0 2 0 0 21
61 9881 224 17 0 3 0 0 12 50 9 0 1 0 0 0 16 1 0 0 0 80 0 9 0 7 0 46 0 0 1 3 1 0 1 0 0 0 0 1 18 53 0 63 0 418 0 12 0 0 0 0 0 1 0 0 0 0 0 78 406 53 152 0 0 0 0 0 0 6 0 1 0 0 0 0 1 0 0 0 6 0 0 0 0 0 0 6 1 1 0 0 1 0 0 0 0 0 0 0 0 0 0 0 0 0 0 1 0 3 0 1 0 2 0 0 0 0 0 0 1 0 0 0 0 2 1 0 1 1 71 650 5696 57 128 32 0 14 5 0 2 0 0 0 38 13 25 0 1 58 2 47 0 0 4 4 0 0 35 0 0 1 0 0 16 0 0 7 0 0 1 89 241 566 0 0 45 0 0 0 0 0 0 0 0 0 0 0 0 0 0 1 0 0 0 0 0 37 166 4 1 0 0 0 0 2 0 0 0 0 0 0 1 0 0 1 0 3 0 15 0 0 0 0 0 1 70 1 1 0 0 0 0 8 0 0 8 1 0 7 0 0 0 0 0 0 0 7 1 0 75
62 12628 34 3 0 1 0 0 1 10 6 0 0 0 0 0 1 0 0 0 0 12 0 1 0 0 0 8 0 0 0 0 0 0 0 0 0 0 0 0 10 34 0 13 0 68 0 0 0 0 0 0 0 1 0 0 0 0 0 30 85 10 93 0 0 0 0 0 0 0 0 3 0 0 0 0 0 0 0 0 1 0 0 0 0 0 0 0 1 0 0 0 0 0 0 0 0 0 0 1 0 0 0 0 0 0 0 0 0 0 0 0 0 0 0 0 0 0 0 0 0 0 0 0 0 1 0 0 0 0 18 207 3467 9 45 0 0 6 0 0 0 0 0 0 16 2 2 0 2 15 0 4 0 0 0 0 0 0 1 0 0 2 0 0 0 0 0 6 1 0 0 15 33 30 0 0 6 0 0 0 1 0 0 0 0 0 0 0 1 0 0 0 0 0 0 0 0 1 14 0 0 0 0 0 0 0 0 0 0 0 0 2 0 0 0 0 0 0 0 4 0 0 0 0 0 0 2 1 0 0 0 0 0 0 0 5 1 2 0 0 0 0 0 0 0 0 2 1 0 0 6
63 15982 87 2 0 0 0 0 16 3 0 0 0 0 0 0 3 0 0 0 0 14 0 2 0 0 0 6 0 0 0 0 0 0 0 0 0 0 0 0 7 9 0 37 0 33 0 0 0 0 0 0 0 2 0 1 0 1 0 39 97 17 71 0 0 0 1 0 0 0 0 4 0 0 0 0 0 0 0 0 5 0 0 0 0 0 0 0 0 0 0 0 0 0 0 0 0 0 0 0 0 0 0 0 0 0 0 0 0 0 0 1 0 0 0 0 0 0 0 0 0 0 0 0 0 0 2 3 0 0 15 78 69 1 49 0 0 0 0 0 0 0 1 0 4 0 2 0 2 0 0 0 0 0 0 0 0 0 0 0 0 0 0 0 0 0 0 2 0 0 0 1 15 38 0 0 7 0 0 0 0 0 0 0 0 0 0 0 0 0 0 0 0 0 0 0 0 1 7 1 0 0 0 0 0 0 0 0 0 0 0 0 0 0 0 0 0 0 1 3 0 0 0 0 0 0 2 0 0 0 0 0 0 1 0 0 0 0 0 0 0 0 0 0 0 0 0 0 0 0 3
64 18266 75 1 0 0 0 0 12 2 1 0 0 0 0 0 13 0 0 0 0 30 0 3 0 0 0 8 0 0 0 0 0 0 0 0 0 0 0 0 19 14 0 36 0 28 0 0 0 0 0 0 0 2 0 1 0 0 0 34 99 15 61 0 0 0 0 0 0 0 0 3 0 0 0 0 0 0 0 0 5 0 0 0 0 0 0 1 0 0 0 0 1 0 0 0 0 0 0 0 0 0 0 0 0 0 0 0 0 0 0 1 0 0 1 0 0 0 0 0 0 0 0 0 0 4 0 0 0 0 13 50 20 2 23 1 0 0 0 0 0 0 0 0 5 0 1 0 0 0 0 0 0 0 0 0 0 0 0 0 0 0 0 0 2 0 0 10 0 0 1 5 19 23 0 0 4 0 0 0 0 0 0 0 0 0 0 0 0 0 0 0 0 3 0 0 0 0 2 0 0 0 0 0 0 0 0 0 0 0 0 1 0 0 0 0 0 0 0 0 0 0 0 0 0 0 7 0 0 0 0 0 0 0 0 0 0 2 0 0 0 0 0 0 0 0 0 0 0 0 2
65 15785 62 10 0 0 0 0 8 10 0 0 0 0 0 0 4 0 0 2 0 17 0 4 2 1 1 15 0 0 0 0 0 0 1 0 0 0 0 1 11 12 0 32 0 10 0 0 0 0 0 0 0 1 0 0 0 1 0 26 107 14 65 0 0 0 1 0 0 0 0 4 0 0 0 2 0 1 0 0 5 0 0 0 0 0 0 1 0 0 0 0 0 0 0 1 0 0 0 0 0 0 0 0 0 0 0 0 0 0 0 4 0 0 0 0 0 0 0 0 2 0 0 0 0 0 2 0 3 0 10 71 73 4 72 0 0 2 1 0 0 0 1 0 5 0 4 0 1 0 1 0 0 1 0 5 0 0 3 0 0 0 0 0 0 0 0 5 0 0 1 3 53 21 0 0 4 0 0 0 1 0 0 0 0 0 0 0 1 0 0 0 0 0 0 0 0 1 7 0 0 0 0 0 0 0 0 0 0 0 0 0 0 0 1 0 0 0 0 8 0 0 0 0 0 0 5 0 1 0 0 0 0 0 0 0 2 0 0 0 0 0 0 0 0 0 0 2 0 0 3
66 15826 199 1 0 1 0 0 6 6 0 1 0 0 0 1 8 0 0 0 0 44 0 9 1 0 0 25 0 0 0 0 5 0 0 0 0 0 0 0 15 17 0 37 0 53 0 1 0 0 0 0 0 4 0 0 0 0 0 31 312 34 124 0 0 0 0 0 0 0 0 6 1 0 0 0 1 0 3 0 1 0 0 0 0 0 0 1 0 0 0 0 0 0 1 0 0 0 0 0 0 0 0 0 0 0 0 0 0 0 1 0 0 1 1 0 0 0 0 0 3 0 0 0 2 3 5 1 0 0 40 571 1116 4 111 11 0 23 6 0 0 0 2 0 11 0 13 0 2 8 2 9 0 0 1 3 0 0 5 0 0 0 0 0 8 0 1 9 0 0 0 55 59 249 0 0 28 0 0 0 1 0 0 0 0 0 0 0 0 0 0 0 0 0 0 0 0 16 57 0 0 0 0 0 0 0 0 0 0 0 0 1 0 0 0 1 0 0 0 6 0 0 0 0 0 0 11 2 0 0 0 0 0 0 0 0 2 0 1 2 0 0 0 0 0 0 2 2 0 0 31
67 18277 70 4 0 0 0 0 2 5 6 0 0 0 0 0 6 0 0 0 0 24 0 1 2 0 0 8 0 0 0 0 0 0 0 0 0 0 0 0 5 13 0 21 0 83 0 3 0 0 0 0 0 2 0 0 0 2 0 35 98 12 84 0 0 0 0 0 0 2 0 1 0 0 0 0 0 0 0 0 4 0 0 0 0 0 0 3 1 1 0 0 0 0 0 0 0 0 0 0 0 0 0 0 2 0 0 0 1 1 0 2 0 1 0 0 0 0 0 0 1 0 0 0 0 1 0 0 4 0 17 145 271 5 41 0 0 1 0 0 0 0 4 0 2 0 0 0 0 0 1 0 0 0 0 0 0 0 4 0 0 1 0 0 0 0 0 8 0 0 0 22 42 35 0 0 6 0 0 0 1 0 0 0 0 0 0 0 0 0 0 0 0 0 0 0 0 1 8 0 0 0 0 0 0 0 0 0 0 0 0 0 1 0 0 1 0 1 0 5 0 0 0 0 0 0 1 0 0 0 0 1 0 1 0 1 0 1 0 0 0 0 0 0 0 0 0 0 0 0 4
68 18582 90 4 0 0 1 0 7 3 0 0 0 0 0 0 5 1 0 1 0 19 0 2 0 3 0 10 0 0 0 0 3 0 0 0 0 0 0 0 9 6 1 39 0 27 0 0 0 0 0 0 0 3 0 0 0 0 0 25 140 11 92 0 0 0 0 0 0 0 0 5 1 0 0 0 0 0 0 0 4 0 0 0 1 0 0 1 0 0 0 0 0 0 2 0 0 0 0 0 1 0 0 0 0 0 0 1 1 0 0 0 0 0 0 0 0 0 0 0 0 0 0 0 0 1 1 0 0 0 34 109 141 3 20 0 0 0 4 0 0 0 0 0 2 0 3 0 3 0 1 2 0 0 0 0 0 0 0 0 0 0 0 0 8 0 0 4 0 0 0 10 26 43 0 0 8 0 0 0 0 0 0 0 0 0 0 0 0 0 0 0 0 0 0 0 0 4 13 0 1 0 0 0 0 0 1 0 0 0 0 0 0 0 1 0 0 0 0 1 0 1 0 0 0 0 1 1 0 0 0 0 0 3 0 0 0 0 0 0 0 0 0 0 0 0 0 1 0 0 11
69 13123 231 7 4 0 0 0 9 48 4 0 0 0 0 0 31 2 0 26 0 86 0 58 9 2 0 19 0 0 0 3 0 0 0 0 0 0 0 3 16 58 7 79 0 375 0 1 0 0 1 0 0 3 0 0 0 2 0 98 532 81 174 0 0 0 0 0 0 0 0 6 3 0 1 0 0 0 1 0 2 0 0 0 0 0 0 2 0 0 0 1 0 0 1 0 0 0 0 0 1 2 0 0 0 0 0 1 0 1 0 2 0 0 1 0 0 0 0 0 0 0 0 0 0 9 1 0 0 0 54 405 2067 102 387 11 0 5 0 0 0 2 0 0 3 3 19 0 10 9 5 21 0 3 2 6 2 0 30 0 0 0 0 0 7 0 0 24 1 0 12 44 457 426 0 0 71 0 1 0 0 0 0 0 0 0 0 0 0 0 1 0 0 1 0 0 0 42 295 4 1 0 0 0 0 0 0 0 0 0 0 0 4 0 0 0 3 0 0 20 0 0 1 0 1 0 60 1 0 0 0 0 0 1 0 0 19 0 0 0 1 0 0 0 0 0 0 1 0 0 65
70 17002 183 17 0 0 0 2 15 7 0 4 0 0 0 0 14 0 0 1 0 57 2 3 6 14 3 28 0 0 0 1 0 0 0 0 0 0 0 4 13 24 0 100 1 50 0 0 0 0 0 0 0 3 1 0 0 0 0 28 102 37 121 0 0 0 1 0 0 0 0 5 0 0 0 0 0 0 0 0 7 0 0 0 0 0 0 3 0 0 0 0 2 0 1 0 0 0 0 0 3 0 0 0 1 0 0 0 0 1 0 6 0 0 0 0 0 0 0 0 1 1 0 0 0 6 2 4 1 0 30 506 196 29 73 22 0 4 1 0 0 0 5 1 1 0 38 0 6 3 0 1 0 0 2 10 0 0 24 0 0 0 0 0 25 0 0 7 0 0 6 32 102 48 0 0 17 0 0 0 0 0 0 0 0 0 0 0 0 0 1 1 0 0 0 0 0 5 235 0 0 0 0 0 0 0 0 0 0 0 0 0 0 0 0 2 0 0 0 22 1 0 0 0 0 0 27 2 0 0 0 0 0 6 0 0 16 1 0 0 0 0 0 0 0 0 0 3 0 0 31
71 16562 301 12 1 3 0 4 12 38 0 1 0 0 0 0 31 0 0 7 0 104 0 27 15 17 20 36 0 0 6 5 5 0 0 0 1 0 0 6 22 47 2 88 0 126 0 11 0 0 0 0 0 6 0 0 0 2 0 218 265 66 230 0 0 0 0 0 0 1 1 1 7 0 0 0 0 1 2 1 7 0 0 0 0 0 0 5 2 1 0 0 1 1 0 0 0 0 0 0 1 0 0 0 2 0 0 0 0 0 2 7 0 1 0 0 0 0 0 0 2 0 0 0 0 8 0 2 3 0 62 1506 777 96 309 34 4 5 2 3 0 0 1 0 48 1 94 0 8 50 0 8 0 2 13 1 0 0 4 0 0 2 0 0 36 0 0 12 0 0 8 158 333 223 0 0 45 0 0 0 3 0 0 0 0 0 0 0 2 0 0 0 2 0 1 0 0 29 177 0 4 0 0 0 0 0 0 1 0 1 0 1 1 0 3 3 1 0 0 67 7 0 0 0 0 0 33 2 0 0 0 8 0 5 0 0 18 1 0 1 4 0 0 0 0 0 0 7 0 1 182
72 20852 111 37 0 2 0 0 4 7 0 0 0 0 0 0 3 0 0 1 0 27 0 1 0 1 0 6 0 0 5 0 0 0 0 1 0 0 0 0 9 16 0 29 0 82 0 2 0 0 0 0 0 2 0 0 0 0 0 31 114 28 95 0 0 0 0 0 0 1 2 6 0 0 0 0 0 0 0 0 4 0 0 0 0 0 0 2 0 0 0 0 2 0 2 0 0 0 0 0 0 0 3 0 0 0 0 1 0 0 1 1 0 1 0 0 0 0 0 1 1 0 0 0 0 0 0 1 0 1 24 183 111 2 105 2 2 1 0 0 0 0 0 0 16 2 5 0 1 6 2 0 0 1 0 1 0 0 6 0 0 4 0 0 5 0 1 8 0 0 7 9 82 28 0 0 10 1 0 0 0 0 0 0 0 0 0 0 0 0 0 0 0 0 0 0 0 18 18 0 0 0 1 0 0 0 0 0 0 0 0 0 0 0 0 0 0 1 0 4 0 0 0 0 0 0 9 0 0 1 0 0 0 0 0 3 1 0 1 1 0 0 0 0 0 0 0 1 0 0 24
73 20043 230 35 0 7 0 1 11 100 5 1 0 0 0 0 28 0 0 1 0 140 0 6 3 7 1 28 0 1 3 3 2 0 1 0 0 0 0 4 17 131 2 85 0 841 0 2 0 0 0 0 0 9 0 2 0 2 0 138 347 102 165 0 3 0 0 0 0 3 0 14 0 0 0 0 0 0 0 0 4 0 0 0 0 0 0 3 0 0 0 0 3 0 1 0 0 0 0 0 0 0 0 0 1 0 0 1 1 3 0 2 0 0 1 0 0 0 0 0 4 0 0 0 0 3 0 2 1 0 79 427 1038 36 139 24 0 12 3 0 3 1 0 0 17 0 24 0 1 65 5 10 0 3 1 7 0 0 10 1 0 0 10 0 15 0 3 17 0 0 17 44 594 101 0 0 53 1 0 0 0 0 0 0 0 0 0 0 0 1 0 0 1 0 0 0 0 42 81 1 0 0 0 0 0 0 0 0 0 0 0 1 0 0 2 0 0 0 0 4 1 0 0 0 0 0 46 2 0 1 0 4 0 4 0 6 3 0 0 0 0 0 0 0 0 0 0 6 0 2 27
74 16099 285 35 2 1 0 0 4 97 0 0 0 0 0 0 10 1 0 1 0 234 1 5 0 3 0 15 0 1 0 4 6 0 0 0 0 0 0 1 17 77 1 50 0 595 0 4 0 0 0 0 1 6 0 0 0 2 0 105 309 98 178 0 0 0 4 0 1 4 0 15 1 0 0 1 0 0 0 0 1 3 0 0 0 0 0 3 3 0 0 0 1 0 0 0 1 0 0 0 3 1 0 0 2 0 2 1 0 0 0 0 0 1 0 0 0 0 0 0 2 0 0 0 1 3 0 0 3 1 43 358 1218 318 126 26 5 3 6 0 0 1 0 0 18 1 11 0 3 69 5 32 0 17 0 9 0 6 23 0 0 3 0 0 4 0 0 8 3 0 0 68 948 123 0 0 85 1 1 0 0 0 0 2 0 0 0 0 0 0 0 0 7 0 0 0 0 56 75 4 0 0 0 0 1 0 0 0 0 0 0 0 0 0 1 1 0 0 0 4 0 0 0 0 0 0 66 2 8 0 0 0 0 10 1 2 18 9 0 0 0 0 0 0 0 0 0 5 0 0 67
75 19613 112 11 0 4 0 0 13 24 3 2 0 0 2 0 10 0 0 0 0 59 0 3 2 0 0 17 0 0 8 0 2 0 0 0 0 0 0 0 13 43 3 41 0 157 0 0 0 0 0 0 0 4 0 0 0 0 0 42 206 37 87 0 0 0 0 0 0 1 0 7 1 0 0 0 0 0 0 0 4 0 0 0 0 0 0 4 0 0 0 0 3 0 0 0 0 0 0 0 3 0 0 0 0 0 0 0 0 0 0 0 0 2 0 0 1 0 0 0 0 0 0 0 1 3 0 0 0 0 62 131 49 8 84 0 0 2 0 1 0 0 2 0 3 0 6 0 2 0 1 5 0 1 0 0 0 0 2 0 0 0 0 0 3 0 0 7 0 0 3 7 245 33 0 0 36 0 0 1 0 0 0 0 0 0 0 0 0 0 0 0 0 0 0 0 0 23 18 0 1 0 0 0 1 0 0 0 0 0 0 0 0 0 0 0 0 0 0 3 0 2 0 0 0 0 13 4 0 0 1 0 0 3 1 0 1 0 0 0 5 0 0 0 0 0 0 0 0 0 16
76 16230 301 66 8 10 0 0 8 57 0 0 0 0 1 0 34 0 0 1 0 104 4 13 0 3 2 24 0 0 31 46 6 0 0 2 0 0 0 3 9 113 4 52 0 372 0 2 1 0 4 0 0 6 0 0 2 1 0 124 659 266 213 0 0 0 0 0 0 5 0 21 9 0 0 1 1 0 0 1 1 0 2 0 0 0 0 5 3 0 0 0 3 0 0 0 0 0 0 10 5 0 1 1 0 0 0 0 0 0 0 6 0 1 0 0 0 0 0 0 2 0 0 0 0 4 4 0 2 1 77 327 378 60 259 129 1 9 2 0 0 0 1 0 419 1 60 0 5 1 1 101 0 2 4 1 0 0 94 0 0 0 0 0 22 0 0 17 3 0 22 65 2567 326 0 2 254 2 0 0 1 0 0 0 0 0 0 0 0 1 5 0 26 0 38 0 0 116 108 24 7 0 0 0 0 0 2 0 0 0 0 0 0 0 0 28 2 1 0 29 0 0 1 0 0 0 234 11 0 1 6 2 0 3 0 4 50 0 0 0 1 0 9 0 0 0 3 5 0 2 40
77 19181 129 12 0 1 0 0 15 8 0 0 0 0 0 0 9 0 0 1 0 28 0 11 0 0 0 24 0 0 0 0 1 0 0 1 0 0 0 0 12 14 0 51 0 72 1 2 0 0 0 0 0 4 0 0 0 0 0 32 102 46 129 0 0 0 0 0 0 4 0 2 0 0 0 0 0 0 0 0 0 0 0 0 0 0 0 2 4 0 0 0 0 0 0 0 0 0 0 0 0 0 0 0 1 0 0 2 0 0 0 0 0 0 1 0 0 0 0 0 1 0 0 0 0 4 0 1 0 0 27 1109 909 22 78 4 1 9 0 0 0 0 6 0 4 0 14 0 1 40 0 6 0 0 10 4 0 0 5 0 0 1 0 0 2 0 0 13 0 0 1 89 82 40 0 0 16 0 2 0 0 0 0 0 0 0 0 0 0 0 0 0 0 0 0 0 0 7 31 1 0 0 0 0 0 0 0 0 1 0 0 0 0 0 0 0 0 0 0 0 0 0 1 0 0 0 3 3 0 1 0 0 0 5 0 0 2 0 0 0 4 0 0 0 0 0 0 0 0 0 132
78 12057 335 35 0 1 0 0 32 43 0 1 3 0 0 1 25 0 1 10 0 136 0 25 6 5 0 60 0 0 5 0 5 0 0 0 1 0 0 0 30 38 1 141 0 372 0 10 1 0 0 0 0 3 0 0 0 1 1 119 966 184 211 0 0 0 1 0 0 13 5 42 7 0 0 0 0 0 3 0 9 0 0 2 0 0 0 1 0 1 0 0 4 0 0 1 0 0 0 0 7 0 0 0 1 0 0 1 2 0 2 3 1 1 0 0 2 1 0 0 3 0 0 2 4 13 3 5 1 0 110 899 1634 482 197 102 1 13 13 0 1 0 6 0 28 3 36 0 4 57 3 8 0 1 10 3 0 0 8 0 0 0 1 1 25 0 0 11 0 0 32 143 1244 2221 1 0 586 0 10 0 0 0 0 0 0 0 6 0 0 0 1 2 5 0 27 0 0 207 115 12 1 0 0 0 1 0 0 1 0 0 0 2 0 0 1 0 0 2 0 16 1 2 0 0 0 0 27 7 0 0 0 4 0 9 0 1 19 0 0 2 1 1 5 0 0 0 0 2 0 3 153
79 20490 300 42 2 5 11 5 55 183 2 17 3 0 0 1 48 0 0 122 0 272 0 156 29 8 3 79 0 1 11 5 12 0 0 2 0 0 0 8 59 218 7 349 0 703 1 5 0 0 0 0 0 7 1 2 0 2 0 220 386 186 415 0 0 0 2 0 0 3 2 12 7 0 0 6 0 1 3 0 10 0 0 0 6 3 0 7 1 0 0 0 1 0 1 0 0 0 0 1 10 1 2 0 3 0 0 3 3 0 2 11 0 1 0 0 3 0 0 1 0 0 0 0 3 12 2 2 3 0 122 1353 2231 972 794 49 7 22 5 0 4 1 2 0 49 10 41 0 46 97 30 45 0 34 11 6 0 0 36 0 0 1 1 0 52 32 2 83 2 0 18 113 1257 209 0 0 129 9 6 0 2 0 0 0 0 0 0 0 0 0 1 0 18 0 6 0 0 110 796 8 18 0 0 0 0 0 1 0 0 2 0 6 3 0 4 2 2 0 0 54 0 0 0 0 1 0 90 12 3 0 0 0 0 14 0 7 21 6 0 2 0 0 1 0 0 0 0 3 0 0 70
80 20327 219 4 0 1 0 0 4 21 1 0 0 0 0 0 5 5 0 0 0 33 0 11 1 0 0 19 0 0 0 0 3 0 0 0 0 0 0 0 13 18 0 40 0 90 0 0 0 0 0 0 0 5 0 0 0 0 0 52 199 36 75 0 0 0 2 0 0 1 0 1 0 0 0 0 2 0 0 0 6 0 0 0 3 0 0 1 2 0 0 0 2 0 2 0 0 0 0 0 0 0 0 0 1 0 0 1 1 0 1 0 0 0 0 0 0 0 0 0 1 0 0 0 0 1 0 0 2 0 10 203 217 14 40 0 0 14 0 1 0 0 4 0 14 3 8 0 1 11 0 3 0 3 0 0 0 0 7 0 0 0 0 0 2 0 0 6 1 0 0 24 154 68 0 0 22 0 3 0 0 0 0 0 0 0 0 0 0 0 1 0 0 0 0 0 0 7 14 0 0 0 0 0 0 0 0 0 0 0 0 0 0 0 1 3 0 0 0 5 0 0 0 0 0 0 11 2 0 0 0 0 0 0 0 0 0 0 0 0 0 0 0 0 0 0 0 0 0 0 10
81 21803 192 67 0 3 0 0 11 22 5 2 0 0 0 1 16 0 0 0 0 50 0 4 0 0 0 19 0 0 0 3 2 0 0 0 0 0 0 3 7 31 4 45 1 257 0 1 0 0 0 0 0 6 0 0 0 1 0 71 224 52 103 0 0 0 0 1 0 0 1 3 2 0 0 0 0 0 0 1 2 0 0 0 0 0 0 3 2 0 0 0 2 0 0 0 0 1 0 0 2 1 0 0 0 0 0 2 0 0 0 2 0 1 0 0 0 0 0 0 3 0 0 0 0 2 0 0 1 1 46 354 168 19 61 3 3 2 5 0 0 0 3 0 13 0 11 0 3 3 0 7 0 2 0 0 0 0 2 1 0 0 0 0 6 2 0 5 3 0 0 22 253 90 0 0 11 2 0 0 0 0 0 0 0 0 0 0 0 0 2 0 1 0 5 0 0 11 5 0 0 0 0 0 0 0 0 0 0 0 0 0 0 0 0 0 0 0 0 7 0 0 0 0 0 0 11 1 0 0 0 0 0 0 0 0 1 0 0 0 1 0 0 0 0 0 0 0 0 1 28
82 19094 107 7 0 0 0 0 1 7 0 0 0 0 0 1 4 0 0 2 0 15 0 3 0 0 0 6 0 0 0 0 5 0 0 0 0 0 0 0 13 2 0 29 0 39 0 0 0 0 0 0 0 1 0 0 0 1 0 32 57 25 42 0 0 0 0 0 0 0 0 1 0 0 0 2 0 0 0 0 0 0 0 0 0 0 0 2 0 1 0 0 0 1 0 0 0 0 0 0 1 0 0 1 0 0 0 0 0 0 0 0 0 0 0 0 0 0 0 0 1 0 0 0 0 1 0 0 0 0 19 87 28 9 36 0 0 0 3 0 0 0 1 0 10 1 1 0 0 2 0 0 0 0 0 0 0 0 0 0 0 0 0 0 7 0 0 1 0 0 1 10 30 25 0 0 8 0 0 0 0 0 0 0 0 0 0 0 0 0 0 0 0 0 0 0 0 5 7 0 0 0 0 0 0 0 0 0 0 0 0 0 0 0 0 0 0 0 0 6 1 0 0 0 0 0 3 1 0 0 0 0 0 0 0 0 0 0 0 0 0 0 0 0 0 0 0 1 0 0 4
83 9686 285 47 11 4 0 0 6 126 4 0 0 0 0 1 15 0 0 0 0 173 0 3 1 6 0 24 0 1 20 9 2 0 0 0 1 0 0 1 6 321 6 60 0 502 0 2 0 0 0 0 0 1 0 0 0 0 0 168 795 188 266 2 0 0 0 0 0 10 0 20 14 0 0 2 0 0 0 0 5 0 1 0 1 1 0 8 0 0 0 0 2 0 1 0 2 1 0 3 0 0 1 0 0 0 0 1 0 10 3 15 0 0 0 0 0 0 0 0 1 0 0 0 0 1 0 2 4 0 101 922 5647 1798 361 278 0 55 6 0 0 0 3 0 342 0 35 0 4 255 0 71 0 37 6 3 0 0 46 0 0 0 2 0 12 0 4 24 0 0 14 111 1998 954 2 0 344 2 1 0 0 0 0 3 0 0 2 0 0 4 0 0 28 0 47 0 0 167 164 22 3 0 1 0 0 0 0 0 0 0 0 1 0 0 3 20 0 1 1 24 0 0 0 0 0 2 95 6 4 0 1 2 0 0 0 6 34 7 0 1 0 0 7 0 0 0 0 0 1 0 131
84 21205 132 4 0 0 0 0 11 9 1 0 0 0 0 0 6 0 0 1 0 53 0 5 0 0 1 19 0 0 0 0 6 0 0 1 0 0 0 0 26 19 0 57 0 20 0 0 0 0 0 0 0 0 0 0 0 3 0 49 82 29 73 0 0 0 0 0 0 0 0 0 0 0 0 0 0 0 2 0 2 0 0 0 1 0 0 0 0 0 0 0 2 0 0 0 0 0 0 0 0 0 0 0 0 0 0 2 0 0 0 0 0 0 0 0 0 0 0 0 0 0 0 0 0 8 1 0 0 0 28 132 74 6 76 3 0 0 0 0 0 0 1 0 4 2 10 0 0 0 0 2 0 1 2 0 0 0 0 0 0 0 0 0 7 0 0 7 0 0 6 16 23 31 0 0 0 0 4 0 0 0 0 0 0 1 1 0 0 0 0 0 0 0 0 0 1 12 32 0 1 0 0 0 0 0 0 0 1 0 0 1 0 0 0 0 0 0 0 4 0 0 0 0 0 0 5 3 0 0 0 0 0 0 0 0 0 0 1 0 0 0 0 0 0 0 3 1 0 0 15
85 17111 155 2 0 0 0 2 18 1 2 0 0 0 0 0 5 0 0 1 0 30 0 6 2 0 3 13 0 0 1 4 3 0 0 0 0 0 0 2 21 8 1 61 0 24 0 0 0 0 0 0 0 6 0 0 0 0 0 45 44 30 88 0 0 0 0 0 0 3 0 4 0 0 0 0 0 0 0 0 5 0 0 0 3 0 0 1 0 0 0 0 1 0 0 0 0 0 0 2 0 0 0 0 3 0 0 0 0 5 2 0 0 0 0 0 0 0 0 0 1 0 0 0 1 0 0 2 0 0 17 228 122 11 30 2 0 0 0 0 0 0 0 0 6 1 5 0 0 1 2 4 0 1 0 7 0 0 0 0 0 0 0 0 0 1 0 7 1 0 5 39 30 19 0 0 13 0 0 1 0 0 0 0 0 0 0 0 0 0 5 0 0 0 1 0 0 1 10 0 0 0 0 0 0 0 0 0 0 0 0 1 0 0 2 3 0 0 0 9 0 0 0 0 0 0 8 1 0 0 0 1 0 2 0 0 2 0 0 0 3 0 0 0 0 0 2 1 0 0 36
86 16803 295 24 0 2 0 0 25 29 0 7 0 0 0 0 22 3 0 4 0 79 0 24 3 2 2 44 0 0 1 0 6 0 1 0 0 0 0 0 45 49 0 161 1 67 1 6 0 0 0 0 0 7 0 0 0 2 0 84 219 65 248 0 0 0 0 0 0 3 1 4 3 0 0 1 0 0 2 0 10 0 0 0 0 0 0 7 1 2 0 0 4 0 2 0 1 0 0 1 11 1 1 1 2 0 0 1 0 0 0 7 1 0 0 0 0 0 0 0 5 0 0 0 4 13 8 7 1 1 74 529 594 19 188 7 0 1 7 0 0 2 1 0 9 4 33 0 7 20 5 0 0 5 1 1 0 0 8 0 0 0 0 0 12 2 1 9 1 0 4 38 186 82 0 0 31 0 0 1 0 0 0 0 0 0 1 0 0 0 0 0 0 0 0 0 0 27 75 1 0 0 0 0 0 0 1 0 2 0 2 1 2 0 2 1 0 0 0 18 0 2 0 0 0 0 6 14 1 2 0 2 0 8 1 2 2 3 0 1 0 0 0 0 0 0 0 0 2 0 35
87 19845 172 11 0 0 0 0 22 12 4 1 0 0 1 0 10 0 0 0 0 53 0 15 8 0 0 28 0 0 0 3 1 0 1 0 0 0 0 0 23 17 0 84 0 48 0 4 0 0 0 0 0 1 0 0 0 2 0 59 119 30 115 0 0 0 0 0 0 0 0 1 0 0 0 1 0 0 2 2 7 1 0 0 0 0 0 8 0 0 0 0 2 0 0 0 0 0 0 2 2 0 0 0 1 0 0 0 0 0 1 0 0 0 0 0 0 1 0 0 0 0 0 0 0 8 0 4 2 0 34 226 63 3 143 13 3 1 2 0 0 0 2 0 0 2 20 0 1 0 1 2 0 0 2 0 0 0 1 0 0 0 4 0 3 1 0 3 0 0 3 19 69 51 0 0 7 0 0 0 1 0 0 0 0 0 0 0 0 0 0 0 0 0 0 0 0 6 27 0 0 0 0 1 0 0 2 0 0 1 0 0 1 0 2 1 0 0 0 8 0 0 0 1 0 0 1 2 0 0 1 1 0 0 0 1 9 0 0 0 0 0 0 0 0 0 1 3 1 0 22
88 14578 262 37 5 3 0 1 12 68 2 7 0 0 4 1 46 0 0 22 0 132 0 72 10 17 1 74 0 0 6 16 14 1 0 0 0 0 0 3 56 103 15 248 0 210 0 8 0 0 0 0 1 11 0 0 0 1 0 190 549 179 386 4 0 1 3 0 0 3 0 10 3 2 1 2 0 0 2 0 12 0 1 0 0 1 0 8 0 0 0 1 1 0 0 1 1 0 0 0 13 1 2 0 9 1 0 1 1 0 14 8 1 2 0 0 1 0 0 0 3 0 0 0 2 7 2 4 1 0 123 1014 1390 78 1122 123 2 13 8 1 0 11 1 0 21 33 59 0 29 52 17 71 0 247 9 3 0 0 71 1 1 1 1 0 58 14 7 54 4 0 69 86 1645 517 0 2 211 10 2 1 0 0 0 1 0 0 1 0 0 0 0 0 11 0 12 0 0 97 811 2 15 0 0 0 1 0 2 0 0 0 1 6 0 0 2 2 2 3 1 44 0 2 2 0 1 0 100 23 4 4 0 3 0 7 2 0 32 0 0 2 0 0 1 0 1 0 1 5 0 0 47
89 20550 307 4 0 4 0 0 6 33 1 1 0 0 0 2 11 0 0 0 0 50 0 5 1 0 0 11 0 0 16 0 0 0 1 0 0 0 0 0 10 15 0 48 0 213 0 2 0 0 0 0 0 2 0 0 0 2 0 53 433 87 77 0 0 0 0 0 0 2 0 12 1 0 0 0 0 0 0 0 3 0 0 0 0 0 0 0 3 0 0 0 2 0 0 0 1 0 0 0 4 0 0 0 1 0 0 1 0 0 0 0 0 2 0 0 1 0 0 0 2 0 0 0 1 1 1 3 1 2 65 261 248 17 99 13 0 11 0 0 0 0 0 0 103 2 10 0 0 33 2 1 0 11 3 5 0 0 2 0 0 0 0 0 5 0 0 13 0 0 6 29 422 190 0 0 83 1 1 0 0 0 0 0 0 1 0 0 0 0 0 0 6 0 1 0 0 21 19 0 0 1 0 0 0 0 0 0 0 0 3 0 0 0 2 6 1 0 0 10 0 0 0 0 0 5 10 0 0 0 0 1 0 0 0 0 4 2 0 3 0 0 0 0 0 0 2 2 0 3 21
90 20506 72 3 2 3 0 0 2 3 0 0 0 0 0 0 1 0 0 0 0 8 0 0 1 0 0 4 0 0 0 0 1 0 0 0 0 0 0 0 12 3 0 32 0 25 0 4 0 0 0 0 0 8 0 0 0 1 0 16 66 24 45 0 0 0 0 0 0 0 0 2 0 0 0 0 0 0 0 0 1 0 0 0 0 0 0 0 0 0 0 0 0 0 0 0 0 0 0 1 1 0 0 0 1 0 0 0 1 1 0 3 0 0 0 0 0 0 0 0 1 0 0 0 0 0 0 0 0 0 33 49 21 2 11 1 0 2 0 0 1 0 0 0 2 0 2 0 0 1 1 0 0 1 0 0 0 0 0 0 0 0 0 0 1 0 0 3 0 0 0 0 54 15 0 0 8 0 1 0 0 0 1 0 0 0 1 0 0 0 0 0 0 0 0 0 0 11 11 0 1 0 0 0 0 0 0 0 0 0 0 0 0 0 0 0 0 0 0 1 0 0 0 0 0 0 0 0 0 0 1 1 0 1 0 0 1 0 0 0 0 0 0 0 0 0 0 3 0 0 20
91 16921 286 16 0 0 0 3 28 56 0 0 0 0 4 0 18 2 0 0 0 103 0 17 1 11 0 46 0 0 1 3 7 0 0 0 0 0 0 4 26 58 3 117 0 158 0 7 0 0 0 0 2 4 0 0 0 0 0 91 349 115 255 1 0 0 2 0 0 7 2 4 1 2 0 0 0 0 0 0 7 1 0 1 0 0 0 4 1 0 0 0 1 0 1 0 0 0 0 0 4 1 2 0 3 0 0 0 0 2 0 5 1 3 0 0 0 0 0 1 4 0 0 0 0 5 4 4 0 0 61 472 698 38 166 59 0 18 5 0 0 0 2 0 8 1 67 0 4 18 7 10 0 23 1 20 0 0 5 1 0 0 2 0 5 0 0 30 1 0 5 36 344 137 0 0 102 1 2 0 0 0 0 0 0 0 1 0 5 3 1 0 6 0 2 0 0 106 296 2 1 0 0 0 0 0 0 0 0 0 0 0 0 0 2 0 2 0 0 39 0 2 0 0 1 0 34 17 0 0 0 1 0 8 0 0 9 6 0 0 0 0 0 0 0 0 0 7 0 1 22
92 23200 113 32 0 11 0 0 8 87 2 0 0 0 0 0 16 1 0 0 0 92 0 3 4 0 0 13 0 0 6 4 2 0 0 1 0 0 0 2 7 52 0 37 0 395 0 2 0 0 0 0 1 0 0 0 0 1 0 67 249 82 101 0 0 0 2 0 0 1 0 6 3 0 0 0 0 0 0 0 1 0 0 0 0 0 0 0 0 0 0 0 0 0 0 0 0 0 0 1 0 0 0 0 0 0 0 0 1 0 0 1 0 2 0 0 0 0 0 0 0 0 0 0 0 1 3 1 0 1 64 137 89 36 94 9 1 2 0 0 0 0 0 0 41 0 7 0 0 3 1 2 0 0 0 0 0 0 0 0 0 0 0 0 1 0 0 7 1 0 2 10 848 89 0 0 77 1 1 0 0 0 0 0 0 0 0 0 0 4 0 0 6 0 0 0 0 39 9 1 0 0 0 0 1 0 0 0 0 0 0 0 0 0 0 1 0 0 0 5 0 0 0 0 0 0 7 0 0 1 0 1 0 4 0 2 0 2 0 0 0 0 0 0 0 0 0 0 0 0 7
93 15695 414 15 0 3 0 0 38 23 4 2 0 0 1 0 25 0 0 2 0 123 0 25 5 2 2 50 0 0 11 5 11 0 1 0 0 0 0 1 22 37 1 107 0 193 0 3 0 0 0 0 0 3 0 0 2 0 0 122 346 85 217 0 0 0 0 0 0 3 0 19 1 0 0 3 0 0 0 1 10 0 0 0 0 0 0 1 0 2 0 0 2 0 1 0 0 0 0 0 1 2 0 0 1 0 0 0 1 0 2 5 0 0 1 0 1 3 0 0 2 0 0 0 1 4 3 1 0 2 75 1687 1398 45 294 10 2 18 3 0 0 0 3 0 27 1 37 0 15 56 13 7 0 8 1 0 0 0 2 0 1 0 0 0 9 2 0 10 0 0 11 139 227 333 0 0 123 0 2 0 0 0 0 0 0 0 0 0 0 0 4 0 1 0 0 0 0 47 163 0 4 0 0 0 0 0 1 0 0 0 0 0 0 0 2 0 0 0 0 36 2 0 0 0 0 0 21 6 0 0 0 2 0 5 0 0 13 2 1 0 1 0 0 0 1 0 0 3 0 0 249
94 21141 124 20 0 0 2 0 9 13 0 0 0 0 2 0 10 0 0 0 0 38 0 3 1 0 0 17 0 0 0 0 1 0 0 0 0 0 0 0 14 9 0 33 0 68 0 1 0 0 0 0 0 1 0 0 0 1 0 32 129 34 71 0 0 0 0 0 0 0 0 0 0 0 0 0 0 0 0 0 11 0 0 0 0 0 0 3 1 0 0 0 2 0 0 2 0 0 0 0 1 0 2 0 0 0 0 0 0 0 2 2 0 0 0 1 0 0 0 0 1 0 0 0 0 1 1 1 0 0 39 398 83 8 97 0 0 4 0 1 0 0 0 0 18 2 1 0 2 0 0 0 0 1 0 0 0 0 0 0 0 3 0 0 2 0 0 4 0 0 4 35 47 44 0 0 14 0 0 0 0 0 0 0 0 0 0 0 0 0 0 0 0 0 1 0 0 14 19 0 0 0 0 0 0 0 0 0 0 0 0 4 0 0 0 0 2 0 0 2 0 0 0 0 0 0 0 1 0 1 0 0 0 0 0 0 2 0 0 0 0 0 0 0 0 0 0 1 0 0 33
95 20127 122 14 0 6 0 1 11 21 1 1 0 0 0 0 6 0 0 0 0 46 2 7 1 1 0 11 0 0 0 0 2 0 0 0 1 0 0 1 12 18 0 53 0 148 0 2 0 0 0 0 1 1 0 0 0 1 0 45 158 40 65 0 1 0 0 0 0 2 0 0 0 0 0 0 0 0 0 0 3 0 0 0 0 0 0 1 1 0 0 0 1 0 0 0 0 0 0 0 0 0 0 0 0 0 0 2 0 0 0 0 0 0 0 0 1 0 0 0 0 0 0 0 0 4 0 1 0 1 30 308 64 6 104 0 1 7 2 0 0 0 1 0 8 0 1 0 1 0 1 2 0 1 3 0 0 0 0 0 0 0 0 0 6 0 0 7 0 0 1 30 70 48 0 0 19 0 0 0 0 0 0 0 0 0 1 0 0 0 0 0 0 0 0 0 0 7 29 0 0 0 0 0 0 0 0 0 0 0 5 1 0 0 0 0 0 0 0 12 0 0 0 0 0 0 1 2 0 0 0 0 0 1 0 0 1 0 0 0 0 0 0 0 0 0 0 1 0 0 22
96 21219 158 10 0 2 0 0 17 12 3 0 0 0 0 1 10 0 0 0 0 49 0 3 1 0 0 15 0 0 0 0 0 0 1 0 0 0 0 0 27 38 0 67 0 51 0 2 0 0 0 0 0 2 0 0 0 0 1 37 83 27 81 0 0 0 2 0 0 0 0 1 0 0 0 0 0 0 0 0 2 0 1 0 0 0 0 0 1 0 0 0 0 0 0 0 0 0 0 0 1 0 0 0 1 0 0 0 0 0 0 0 1 0 0 0 0 0 0 0 1 0 0 0 0 1 0 0 1 0 23 56 35 13 60 3 1 1 0 0 0 0 0 0 3 0 5 0 1 1 1 0 0 2 0 1 0 0 0 0 0 0 0 0 2 0 0 10 1 0 1 7 17 21 0 0 6 0 0 0 1 0 0 0 0 0 0 0 1 0 0 0 0 0 0 0 0 0 11 0 0 0 0 0 0 0 0 0 0 0 0 0 0 0 0 1 0 0 0 2 1 0 0 0 0 0 0 1 0 0 0 0 0 0 0 0 1 1 0 0 0 0 0 0 0 0 0 5 0 2 5
97 20752 136 17 0 1 0 0 12 18 0 2 1 0 0 0 7 1 0 0 0 46 0 5 2 0 0 14 0 0 0 0 3 0 0 0 0 0 0 0 8 15 0 44 0 84 0 0 0 0 0 0 0 2 0 0 0 5 0 35 132 42 94 0 0 0 1 0 0 0 0 3 0 0 0 0 0 0 0 0 8 0 0 0 0 0 0 3 0 0 0 0 1 0 0 0 0 0 0 0 1 0 0 1 1 0 0 1 1 0 1 1 0 1 0 0 0 0 0 0 4 0 0 0 0 1 1 0 2 1 27 370 133 9 138 2 0 0 0 0 0 0 0 0 11 0 9 0 3 15 4 0 0 0 0 0 0 0 0 0 0 1 0 0 7 0 0 3 1 0 0 26 48 31 0 0 8 0 1 3 0 0 0 0 0 0 0 0 0 0 0 0 0 0 0 0 0 2 18 0 0 0 1 0 0 0 0 0 0 0 0 0 0 0 1 0 0 0 0 5 0 0 0 0 0 0 0 1 0 0 0 0 0 0 0 0 1 0 0 1 0 0 0 0 0 0 0 0 0 0 17
98 19308 133 5 0 0 0 0 4 8 0 1 0 0 0 0 8 0 0 0 0 19 0 5 0 4 0 6 0 0 0 0 2 0 0 0 0 0 0 0 11 7 0 28 0 81 0 0 0 0 0 0 0 12 0 0 0 0 0 27 133 24 70 0 0 0 0 0 1 0 0 0 0 0 0 0 0 0 0 0 4 0 0 0 0 0 0 1 0 0 0 0 0 0 0 0 0 0 0 0 0 0 0 0 2 0 0 0 0 0 0 1 0 0 0 0 0 0 0 0 1 0 0 0 0 1 0 0 0 0 25 115 46 3 107 0 0 0 0 0 0 0 1 0 4 0 6 0 0 2 0 0 0 1 4 0 0 0 0 0 0 0 0 0 9 0 0 3 1 0 0 9 39 27 0 0 12 0 0 0 0 0 0 0 0 0 0 0 0 0 0 0 0 0 0 0 0 2 5 0 0 0 0 0 0 0 0 0 0 0 0 0 0 0 0 0 0 0 0 3 0 0 0 0 0 0 9 0 0 1 0 0 0 0 0 0 0 0 0 0 0 0 0 0 0 0 0 0 0 0 13
99 14868 441 5 0 4 0 0 26 33 0 4 0 0 0 0 14 0 0 1 1 132 0 20 5 7 0 42 0 0 6 0 6 0 0 0 0 0 0 4 23 49 0 89 1 261 0 8 0 0 0 0 0 3 0 0 0 0 2 163 351 97 253 0 0 0 0 0 0 5 1 6 2 0 0 4 1 0 2 0 12 0 0 0 0 1 0 0 1 0 0 0 8 0 0 0 0 0 0 0 4 2 1 0 1 0 0 2 0 0 0 6 1 4 0 0 0 0 0 0 1 0 0 0 1 7 2 2 1 0 83 1109 2216 182 235 75 0 35 0 0 2 0 8 0 43 1 27 0 7 78 1 6 0 11 14 11 0 0 10 0 0 13 0 0 16 0 0 4 0 0 11 174 251 440 0 0 88 0 0 0 0 0 0 0 0 0 1 0 0 1 1 0 3 0 0 0 0 71 67 8 0 3 0 0 0 0 0 1 3 0 0 3 0 0 4 6 2 1 1 46 0 0 0 0 0 0 16 8 0 2 0 4 0 6 0 1 8 0 1 0 0 0 1 0 0 0 0 1 0 2 126
100 19350 239 6 0 2 0 0 3 29 0 3 0 0 0 0 5 0 0 2 0 70 0 7 0 3 0 14 0 0 1 1 2 0 0 0 0 0 0 0 6 9 0 31 0 125 0 4 0 0 0 0 4 5 0 0 0 1 0 38 259 64 43 0 0 0 1 0 0 0 0 3 1 0 0 0 0 0 0 0 4 0 0 0 1 0 0 3 0 1 0 0 0 0 3 0 0 0 0 0 0 0 0 1 1 0 0 2 0 0 0 0 0 1 0 0 0 0 0 0 1 0 0 0 1 6 0 0 0 1 36 106 89 27 94 10 0 1 1 0 0 0 0 0 71 0 2 0 1 1 0 1 0 2 0 0 0 0 1 0 0 1 1 0 0 0 0 9 0 0 3 12 532 50 0 0 53 0 0 0 0 0 0 2 0 0 0 0 0 0 0 0 1 0 1 0 0 24 27 3 0 0 0 0 0 0 0 0 0 1 0 0 0 0 1 3 0 0 0 2 0 0 0 0 0 0 2 0 0 0 0 0 0 0 0 0 1 0 0 0 0 0 1 0 0 0 0 1 0 0 12
101 18491 254 12 0 0 0 2 22 23 3 4 1 0 2 0 22 1 0 3 0 97 0 17 2 11 0 32 0 1 3 0 11 0 0 0 0 0 0 4 43 36 3 139 0 72 1 2 0 0 0 0 0 12 0 1 0 1 0 103 296 64 237 0 0 0 2 0 0 6 0 6 0 0 0 3 0 0 0 0 11 0 2 0 0 0 0 2 1 0 0 0 3 0 0 0 2 0 0 0 2 1 0 0 4 0 0 0 1 0 0 5 0 1 0 0 1 0 0 0 1 0 0 0 2 5 0 2 6 0 59 507 431 43 184 22 0 9 0 0 0 1 6 0 10 4 63 0 14 15 6 2 0 9 6 7 0 0 13 0 1 1 1 0 30 3 0 12 1 0 9 28 141 84 0 0 44 0 0 0 1 0 0 0 0 0 2 0 0 0 0 0 0 0 5 0 0 19 311 4 2 0 0 1 0 0 1 0 1 0 0 5 0 0 6 1 0 0 0 33 0 0 0 0 0 0 32 10 0 0 0 0 0 1 0 0 30 1 0 0 0 0 9 0 0 0 0 4 0 0 33
102 19005 126 23 0 0 0 0 19 3 2 0 0 0 0 0 7 0 0 1 0 37 0 7 0 0 0 22 0 0 1 0 0 0 0 0 0 0 0 0 18 16 0 49 0 70 0 1 0 0 0 0 0 3 0 0 0 1 0 36 85 24 57 0 0 0 0 0 0 0 0 2 2 0 0 0 0 0 0 0 1 0 0 0 0 0 0 3 0 0 0 0 0 0 0 0 0 0 0 0 0 1 0 0 1 0 0 0 0 0 0 1 0 0 0 0 0 0 0 0 0 0 0 0 0 5 1 0 0 0 15 61 97 21 29 2 0 2 0 0 0 0 0 0 6 0 1 0 2 3 0 1 0 0 0 2 0 0 0 0 0 0 0 0 3 0 0 11 1 0 0 7 12 30 0 0 9 0 0 0 0 0 0 0 0 0 0 0 0 0 0 0 0 0 0 0 0 2 7 0 0 0 0 1 0 0 0 0 0 0 0 0 0 0 4 0 0 0 1 1 0 0 0 0 0 0 0 1 0 0 0 0 0 1 0 0 0 0 0 0 0 0 0 0 0 0 0 0 0 0 16
103 15465 43 15 0 0 0 0 4 17 0 3 0 0 0 0 12 0 0 0 0 30 0 3 0 0 0 5 0 0 0 0 0 0 0 0 0 0 0 0 2 21 0 36 0 95 0 1 0 0 0 0 0 0 0 0 0 0 0 29 36 11 36 0 0 0 0 0 0 0 0 1 0 0 0 0 0 0 0 0 1 0 0 0 0 0 0 0 0 0 0 0 0 0 0 0 0 0 0 0 0 0 0 0 0 0 0 0 0 0 0 1 0 0 0 0 0 0 0 0 2 0 0 0 0 4 0 0 0 0 9 32 29 1 53 0 0 0 1 0 0 2 0 0 2 0 2 0 0 5 0 0 0 0 0 0 0 0 0 0 0 0 0 0 4 0 0 7 0 0 0 4 42 10 0 0 2 0 0 0 1 0 0 0 0 0 0 0 0 0 0 0 0 0 0 0 0 3 6 0 0 0 0 0 0 0 0 4 0 0 0 0 0 0 0 0 0 0 0 0 0 0 0 0 0 0 0 0 0 0 1 0 0 0 0 1 0 0 0 0 0 0 0 0 0 0 0 3 0 0 2
104 14390 20 15 0 0 0 0 2 10 0 0 0 0 0 0 3 0 0 0 0 17 0 0 0 0 0 2 0 0 0 0 0 0 0 0 0 0 0 0 3 4 0 19 0 70 0 0 0 0 0 0 0 0 0 0 0 0 0 26 47 8 19 0 0 0 0 0 0 0 0 0 0 0 0 0 0 0 1 0 0 0 0 0 0 0 0 0 0 0 0 0 0 0 0 0 0 0 0 0 0 0 0 0 0 0 0 0 0 0 0 3 0 0 0 0 0 0 0 0 0 0 0 0 0 0 0 0 3 0 11 16 23 0 3 0 0 0 0 0 0 0 0 0 4 0 0 0 1 0 1 0 0 0 0 4 0 0 0 0 0 0 0 0 0 0 0 7 0 0 0 3 46 2 0 0 4 0 0 0 0 0 0 0 0 0 1 0 0 0 1 0 0 0 0 0 0 5 4 0 0 0 0 0 4 0 0 0 1 0 0 0 0 0 0 1 0 0 0 0 0 0 0 0 0 0 1 0 0 0 1 0 0 0 0 0 0 0 0 3 0 0 0 0 0 0 0 2 0 0 0
105 15627 26 11 0 2 0 0 3 9 0 0 0 0 0 0 1 0 0 0 0 17 1 0 0 0 0 3 0 0 0 0 0 0 0 0 0 0 0 1 3 6 0 18 0 102 0 1 0 0 0 0 0 1 0 0 0 4 0 35 43 12 37 0 0 0 0 0 0 0 0 0 0 0 0 1 0 0 0 0 0 0 0 0 0 0 0 1 0 1 0 0 0 0 0 0 0 0 0 0 1 0 0 0 0 0 0 0 0 0 0 0 0 2 1 0 0 0 0 0 0 0 0 0 1 1 0 0 3 0 17 57 22 0 65 0 0 0 0 0 0 0 0 0 11 0 3 0 1 0 0 0 0 0 0 0 0 0 5 0 0 0 0 0 0 0 0 2 0 0 0 4 69 9 0 0 0 0 0 0 0 0 0 0 0 0 0 0 0 0 0 0 0 0 0 0 0 0 20 0 0 0 0 0 0 0 0 0 0 0 0 0 0 0 0 1 0 0 0 0 0 0 0 0 0 0 1 4 0 0 0 0 0 0 0 0 0 0 0 0 0 0 0 0 0 0 0 0 0 0 1
106 14647 26 4 0 0 0 0 4 10 0 0 0 0 0 0 3 0 0 0 0 17 0 1 0 0 1 0 0 0 0 0 0 0 0 0 0 0 0 0 1 16 1 23 0 157 0 0 0 0 0 0 0 0 0 0 0 1 0 31 57 8 15 0 0 0 0 0 0 0 0 0 0 0 0 0 0 0 0 0 0 0 0 0 0 0 0 0 0 0 0 1 0 0 0 0 1 0 0 0 1 0 0 0 1 0 0 0 0 0 0 1 0 0 0 0 0 0 0 0 2 0 1 0 0 0 0 0 0 0 5 43 48 0 60 2 0 1 0 0 0 0 0 0 2 0 0 0 0 0 0 1 0 0 0 0 0 0 1 0 0 0 0 0 3 0 0 6 0 0 5 0 69 10 0 0 3 0 0 0 0 0 0 0 0 0 0 0 0 0 0 0 0 0 0 0 0 1 2 0 0 0 0 1 0 0 1 0 0 0 0 0 0 0 0 0 0 0 0 3 0 0 1 0 0 0 1 0 0 0 0 0 0 0 0 1 0 0 0 1 0 0 0 0 0 0 0 1 0 1 2
107 14663 30 6 0 0 0 0 2 4 0 0 0 0 0 0 5 0 0 0 0 8 0 0 1 0 0 6 0 0 0 0 1 0 0 0 0 0 0 0 12 2 0 25 0 62 0 0 0 0 0 0 0 0 0 0 0 1 0 15 58 14 27 0 0 0 0 0 0 0 0 0 0 0 0 0 0 1 0 0 5 0 0 0 0 0 0 0 0 0 0 0 0 0 0 0 0 0 0 0 0 0 0 0 1 0 0 0 0 0 0 0 0 0 1 0 0 0 0 0 0 0 0 0 0 0 4 2 0 0 9 41 37 0 16 1 0 1 1 0 0 0 0 0 5 0 0 0 0 0 0 0 0 1 1 0 0 0 0 0 0 0 0 0 1 0 0 8 1 0 1 1 27 15 0 0 1 0 0 0 0 0 0 0 0 0 1 0 0 0 0 0 0 1 0 0 0 8 3 0 0 0 0 0 0 0 0 0 0 0 0 0 1 0 0 0 0 0 0 1 0 0 0 0 0 0 0 1 0 0 0 0 0 0 0 0 0 0 0 0 0 0 0 0 0 0 0 1 0 0 3
108 15477 29 11 0 0 0 0 8 9 0 0 0 0 0 0 4 0 0 0 0 28 0 0 0 0 0 1 0 0 0 0 0 0 0 0 0 0 0 0 3 11 0 13 0 43 0 0 0 0 0 0 0 0 0 0 0 0 0 16 25 9 30 0 0 0 0 0 0 0 0 2 0 0 0 0 0 0 0 0 1 0 0 0 0 0 0 1 0 0 0 0 0 0 1 0 0 0 0 0 0 0 0 0 0 0 0 0 4 0 0 1 0 0 0 0 0 0 0 0 3 0 0 0 0 0 0 0 1 0 11 49 36 0 33 0 1 0 1 0 0 0 0 0 5 0 1 0 0 0 1 1 0 0 2 0 0 0 0 0 0 0 0 0 1 0 0 10 1 0 5 3 25 7 0 0 1 0 0 0 0 0 0 0 0 0 0 0 0 0 0 0 0 0 0 0 0 0 5 0 0 0 0 0 0 0 0 0 0 0 0 0 0 0 0 1 0 0 0 3 0 0 0 0 0 0 4 0 0 0 0 0 0 0 0 0 1 1 0 0 0 0 0 0 0 0 0 1 0 0 5
109 14888 27 2 0 0 0 0 4 9 0 7 0 0 0 0 4 0 0 0 0 13 0 1 0 0 0 3 0 0 3 0 0 0 0 0 0 0 0 0 11 8 0 18 0 60 0 0 0 0 0 0 0 0 0 0 0 1 0 14 61 19 21 0 0 0 0 0 0 0 0 0 0 0 0 0 0 0 0 0 1 0 0 0 0 0 0 0 0 0 0 0 0 0 0 0 0 0 0 0 0 0 0 0 0 0 0 0 0 0 0 0 0 0 0 0 0 0 0 0 0 0 0 0 0 4 3 0 0 0 9 29 30 0 24 1 0 0 0 0 0 0 0 0 4 0 1 0 0 0 0 0 0 0 0 0 0 0 0 0 0 0 0 0 0 0 0 6 1 0 0 5 35 10 0 0 2 0 0 0 0 0 0 0 0 0 0 0 0 0 0 0 1 0 0 0 0 4 3 0 0 0 0 0 0 0 0 0 0 0 0 0 0 0 0 0 0 0 0 0 0 0 0 0 0 0 0 0 0 0 0 0 0 0 0 0 0 0 0 0 0 0 0 0 0 0 0 1 0 0 2
110 14497 51 3 0 0 0 0 8 1 0 0 0 0 0 0 3 0 0 1 0 5 1 4 0 0 0 3 0 0 0 0 1 0 0 0 0 0 0 0 6 4 0 26 0 42 0 0 0 0 0 0 0 1 0 0 0 0 0 16 64 13 36 0 0 0 0 0 0 0 0 2 0 0 0 0 0 0 1 0 1 0 0 0 1 0 0 0 0 0 0 0 0 0 2 0 2 0 0 0 4 0 0 0 0 0 0 0 0 0 0 0 0 0 0 0 0 0 0 0 0 0 0 0 0 0 1 2 0 0 13 45 22 1 32 0 0 0 1 0 0 0 0 0 4 0 0 0 1 6 0 0 0 0 0 0 0 0 1 0 0 0 0 0 0 0 1 3 0 0 3 3 23 23 0 0 3 0 0 0 0 0 0 0 0 0 0 0 0 0 0 0 0 0 0 0 0 0 15 0 0 0 0 0 0 0 1 0 0 0 0 3 0 0 0 1 0 0 0 7 0 1 0 0 0 0 2 1 0 0 2 0 0 0 0 0 0 0 0 0 0 0 0 0 0 0 1 0 1 0 10
111 13194 23 14 0 0 0 0 3 20 0 0 0 0 0 0 1 0 0 0 0 22 0 1 0 0 0 1 0 0 0 0 0 0 0 0 0 0 0 0 1 2 0 7 0 118 0 0 0 0 0 0 0 2 0 0 0 0 0 11 39 9 26 0 0 0 0 0 0 0 0 0 0 0 0 0 0 0 0 0 0 0 0 0 0 0 0 0 0 0 0 0 0 0 0 0 0 0 0 0 0 0 0 0 0 0 0 0 0 0 0 1 0 0 0 0 0 0 0 0 0 0 0 0 0 0 0 0 0 0 17 29 46 1 19 1 1 2 0 0 0 0 0 0 10 0 3 0 0 1 0 1 0 0 0 0 0 0 1 0 0 0 0 0 1 0 0 5 0 0 0 2 23 13 0 0 13 0 0 0 0 0 0 0 0 0 0 0 0 0 0 0 0 0 0 0 0 0 5 0 0 0 0 0 0 0 0 0 0 0 0 0 0 0 0 2 0 0 0 0 0 0 0 0 0 0 0 0 0 0 0 0 0 0 0 0 0 0 0 0 0 0 0 0 0 0 0 0 0 0 19
112 15037 70 76 0 0 0 0 6 61 0 0 0 0 0 0 4 0 0 0 0 45 0 1 3 0 0 3 0 0 0 0 0 0 0 0 0 0 0 0 1 22 0 23 0 301 0 1 0 0 0 0 0 1 0 0 0 0 0 42 38 17 46 0 0 0 0 0 0 0 0 0 2 0 0 0 0 0 0 0 0 0 0 0 0 0 0 0 0 0 0 0 0 0 0 0 0 0 0 0 0 0 0 0 0 0 0 0 0 0 0 0 0 0 0 0 0 0 0 0 0 0 0 0 0 0 0 0 0 0 18 73 70 0 99 0 0 0 2 0 0 0 0 0 10 0 1 0 1 0 0 4 0 0 1 2 0 0 0 0 0 0 0 0 0 0 0 10 1 0 1 7 84 6 0 0 8 0 0 0 0 0 0 0 0 0 1 0 0 0 0 0 1 0 0 0 0 0 4 0 0 0 0 0 0 0 0 0 0 0 0 0 0 0 0 0 0 0 0 1 0 0 0 0 0 0 0 0 0 0 0 0 0 0 0 6 0 2 0 0 0 0 0 0 0 0 0 1 0 0 6
113 15476 46 6 0 2 0 0 6 11 0 2 0 0 0 0 1 0 0 0 0 19 0 3 0 0 0 4 0 0 0 0 1 0 0 0 0 0 0 0 3 13 0 33 0 80 0 0 0 0 0 0 0 0 1 1 0 0 0 16 51 19 40 0 0 0 0 0 0 0 0 7 0 0 0 0 0 0 0 1 6 0 0 0 0 0 0 0 1 0 0 0 0 0 0 0 0 0 0 0 0 0 0 0 0 0 0 0 0 0 0 0 0 0 0 0 0 0 0 0 0 0 0 0 0 0 1 0 0 0 16 68 31 1 26 3 0 1 0 0 0 0 1 0 6 0 4 0 1 0 0 0 0 0 0 0 0 0 0 0 0 0 0 0 6 0 0 9 1 0 0 2 34 22 0 0 1 0 2 0 0 0 0 0 0 0 0 0 0 0 0 0 6 2 0 0 0 1 13 0 0 0 0 0 0 0 0 0 0 0 0 0 0 0 0 0 0 0 0 3 0 0 0 0 0 0 1 0 0 0 1 0 0 0 0 0 0 0 0 0 0 0 0 0 0 0 1 0 0 0 3
114 14947 36 15 0 0 0 0 2 12 0 0 0 0 0 1 7 0 0 0 0 24 0 0 1 1 0 1 0 0 6 0 0 0 0 0 0 0 0 0 6 9 0 22 0 164 0 0 0 0 0 0 0 0 0 0 0 0 0 26 61 12 25 0 0 0 0 0 0 0 0 1 0 0 0 0 0 2 0 0 7 0 0 0 0 0 0 1 3 0 0 0 0 0 0 0 0 0 0 0 3 0 0 0 0 0 0 0 0 0 0 1 0 1 0 0 0 0 0 0 0 0 0 0 0 0 0 0 0 1 15 58 65 7 38 0 0 1 0 0 1 0 0 0 78 0 2 0 0 0 1 1 0 1 0 0 0 0 0 0 0 0 0 0 0 0 0 10 1 0 0 12 95 9 0 0 0 0 0 0 0 0 0 0 0 0 0 0 0 0 0 0 0 0 0 0 0 4 15 0 0 0 0 0 0 0 0 0 0 0 0 0 0 0 0 4 0 0 0 1 0 0 0 0 0 0 0 0 0 0 0 0 0 3 0 1 1 0 0 0 0 0 0 0 0 0 0 0 0 0 9
115 14525 37 6 0 0 0 0 2 7 0 0 0 0 0 0 4 0 0 1 0 15 0 1 0 0 0 5 0 0 0 0 0 0 0 0 0 0 0 0 5 11 0 11 0 88 0 0 0 0 0 0 0 1 0 0 0 0 0 29 36 3 26 0 0 0 0 0 0 0 0 1 0 0 0 0 0 0 0 0 5 0 0 0 0 0 0 2 0 0 0 0 0 0 0 0 0 0 0 0 2 0 0 0 0 0 0 0 1 0 0 0 0 0 0 0 0 0 0 0 0 0 0 1 0 5 0 0 1 0 3 63 32 2 15 2 0 1 0 0 0 0 0 0 19 0 2 0 0 0 0 1 0 0 0 0 0 0 0 0 0 0 0 0 1 0 0 2 0 0 1 1 50 9 0 0 3 0 0 0 0 0 0 0 0 0 0 0 0 0 0 0 0 0 0 0 0 0 4 0 0 0 0 0 0 0 0 1 0 0 0 0 0 0 0 0 0 0 0 0 0 0 1 0 0 0 1 0 0 0 1 0 0 0 0 2 0 0 0 0 0 0 0 0 0 0 1 0 0 0 1
116 16835 26 2 0 0 0 0 1 13 0 1 0 0 0 0 1 0 0 0 0 66 0 1 0 0 0 3 0 0 0 0 0 0 0 0 0 0 0 0 3 43 0 19 0 337 0 0 0 0 0 0 0 3 0 0 0 0 0 33 51 27 17 0 0 0 0 0 0 0 0 0 0 0 0 0 0 0 0 0 2 0 0 0 0 0 0 0 2 0 0 0 0 0 0 0 0 0 0 0 0 0 1 0 0 0 0 0 0 0 0 0 0 0 0 0 0 0 0 0 2 0 0 2 0 0 0 0 0 0 11 28 7 1 12 2 0 0 0 0 0 0 0 0 2 0 0 0 0 0 0 0 0 0 1 0 0 0 0 0 0 0 0 0 1 0 0 3 0 0 1 2 26 13 0 0 6 0 1 0 0 0 0 0 0 0 0 0 0 0 0 0 0 0 0 0 0 1 8 0 0 0 0 0 0 0 1 0 0 0 0 0 0 0 0 0 0 0 0 0 0 0 0 0 0 0 1 0 0 0 0 0 0 0 0 1 0 0 0 0 0 0 0 0 0 0 2 0 0 0 2
117 14252 61 9 0 0 1 1 5 13 0 0 0 0 0 0 3 0 0 1 0 23 0 7 1 2 0 6 0 0 0 0 0 0 0 0 0 0 0 1 2 5 0 24 0 95 0 0 0 0 0 0 1 2 0 0 0 0 0 23 70 16 41 0 0 0 0 2 0 1 0 2 0 0 0 1 0 0 0 0 1 0 0 0 0 0 0 0 0 0 0 0 0 0 0 0 0 0 0 0 1 0 0 0 1 0 0 0 0 0 0 3 0 0 0 0 0 0 0 0 0 0 0 0 0 0 0 0 1 0 22 166 163 3 60 0 0 5 0 0 0 0 0 0 9 1 5 0 0 1 0 1 0 0 2 2 0 0 1 0 0 0 0 0 18 0 0 4 0 0 2 6 66 39 0 0 5 0 0 0 0 0 0 0 0 0 0 0 0 0 0 0 0 0 0 0 0 2 22 0 0 0 0 2 0 0 1 0 0 0 0 0 0 0 0 0 0 0 0 1 0 0 0 0 0 0 3 5 0 0 0 3 0 1 0 1 1 0 0 0 3 0 0 0 0 0 0 1 0 0 9
118 10771 55 27 0 7 0 0 2 242 0 5 0 0 0 0 10 0 0 0 0 153 0 0 0 1 0 8 0 0 2 4 1 0 0 0 0 0 0 1 9 68 2 23 0 770 0 16 0 0 0 0 1 3 1 0 0 0 0 130 78 60 113 0 0 0 0 0 0 2 0 3 0 0 0 0 1 0 0 0 1 0 0 0 0 0 0 0 0 0 0 0 0 0 0 0 0 0 0 2 0 0 0 0 9 0 0 0 1 4 0 1 0 2 0 0 0 0 0 0 1 0 0 0 0 0 0 2 0 0 26 249 1846 6 51 20 0 14 11 0 0 1 0 0 74 0 22 0 1 56 0 13 0 0 3 0 0 0 27 0 0 0 0 0 12 0 3 6 0 0 6 16 397 25 0 0 14 0 0 0 1 0 0 2 0 0 0 0 1 0 0 0 7 0 0 0 0 8 98 0 0 1 0 0 0 0 0 0 0 0 0 0 0 0 0 8 0 0 0 2 0 1 0 0 0 0 61 4 0 0 0 1 0 0 0 9 10 3 0 12 0 0 0 0 0 0 0 5 0 0 26
119 12518 95 25 0 4 0 1 2 153 1 4 0 0 0 0 11 0 0 0 0 104 0 2 1 3 0 4 0 0 2 0 4 0 0 0 0 0 0 0 9 58 0 27 0 495 0 2 0 0 0 0 0 1 0 0 0 0 0 78 62 33 91 0 0 0 0 0 0 0 0 2 1 0 0 0 0 0 0 0 0 0 0 0 0 0 0 0 0 0 0 0 0 0 0 0 0 0 0 0 0 0 0 0 0 0 0 0 0 0 0 2 0 0 0 0 0 0 0 0 3 0 0 0 0 0 3 0 2 0 32 104 1047 6 73 16 0 10 0 0 0 1 0 0 9 0 8 0 2 14 4 10 0 0 0 0 0 0 3 0 0 0 0 0 9 0 1 11 2 0 7 18 258 46 0 0 26 0 0 0 5 0 0 0 0 0 1 0 0 0 0 1 4 0 2 0 0 15 52 0 2 0 0 0 1 0 0 0 0 0 0 0 0 0 9 1 1 0 0 4 0 0 0 0 0 0 16 1 0 0 0 0 0 0 0 6 8 0 0 2 0 0 0 0 0 4 0 7 0 0 11
120 16408 63 12 0 1 0 0 2 7 0 1 0 0 0 0 4 0 1 0 0 24 0 1 0 0 1 2 0 0 0 0 2 0 0 0 0 0 0 0 7 16 0 31 0 32 0 1 0 0 0 0 0 0 0 0 0 3 0 13 47 8 37 0 0 0 0 0 0 0 0 0 1 0 0 1 0 0 0 0 0 0 0 0 0 0 0 0 0 0 0 0 0 0 0 0 0 0 0 1 1 0 0 0 0 0 0 1 0 1 0 0 0 0 0 0 0 0 0 0 0 0 0 0 0 3 0 0 0 0 18 64 45 0 32 0 0 1 0 0 1 0 0 0 4 1 3 0 1 0 1 0 0 1 1 0 0 0 0 0 0 0 0 0 1 0 0 11 0 0 2 5 56 11 0 0 6 0 1 0 0 0 0 0 0 0 0 0 1 0 0 0 0 0 0 0 0 7 16 0 0 0 0 0 0 0 0 0 0 0 0 0 0 0 0 0 0 0 0 0 0 0 0 0 0 0 1 1 3 0 1 0 0 0 0 3 0 0 0 0 0 0 0 0 0 0 0 0 0 0 0
121 11183 53 22 0 0 0 0 3 59 0 0 4 0 0 0 1 0 0 1 0 59 0 0 0 4 0 4 0 0 0 0 1 0 0 0 0 0 0 0 7 32 2 29 0 373 0 2 0 0 0 0 0 1 0 0 0 0 0 62 38 17 79 0 0 0 1 0 0 0 0 2 0 0 0 0 0 0 0 0 0 0 0 0 0 0 0 0 0 0 0 0 0 0 0 0 0 0 0 2 4 0 0 0 0 0 0 3 0 0 0 0 0 0 0 0 1 0 0 0 0 0 1 0 3 0 1 1 1 0 16 212 838 1 54 9 0 4 0 0 0 0 0 0 5 0 9 0 0 0 0 4 0 0 4 11 0 0 8 3 0 0 0 0 9 0 0 4 1 0 1 9 151 23 0 0 2 0 0 0 0 0 0 0 0 0 0 0 0 0 0 0 6 0 0 0 0 1 48 1 0 1 0 3 3 0 0 0 0 0 0 0 0 0 0 2 4 0 0 3 0 0 0 0 0 0 17 0 0 0 0 2 0 0 0 0 18 0 0 0 1 0 0 0 0 0 0 0 0 0 12
122 13690 49 20 0 4 0 0 3 47 0 7 0 0 0 0 4 0 0 0 0 40 0 1 0 1 0 12 0 0 0 3 0 0 0 0 0 0 0 0 3 17 0 19 0 260 0 1 0 0 0 0 0 5 0 0 0 0 1 55 80 39 87 0 0 0 0 0 0 0 0 6 0 0 0 0 0 0 0 0 6 0 0 0 0 0 0 1 0 0 0 0 2 0 2 0 0 0 0 0 0 0 0 0 0 0 0 0 0 0 0 1 0 0 0 0 0 0 0 0 0 0 0 0 0 0 0 0 0 0 18 57 359 1 39 10 1 3 5 0 0 0 1 0 14 0 23 0 0 16 0 6 0 0 0 1 0 0 10 0 1 0 0 0 6 0 0 12 1 0 3 8 315 12 0 0 10 0 0 0 0 0 0 0 0 0 0 0 0 0 0 0 0 0 0 0 0 5 26 0 0 0 0 0 1 0 0 0 0 0 0 0 0 0 5 1 0 0 0 4 0 0 0 0 0 0 6 0 0 0 0 0 0 1 0 0 8 0 0 0 0 0 0 0 0 0 7 1 0 0 7
123 13841 42 1 0 0 0 0 12 14 1 0 0 0 0 0 5 0 0 0 0 20 0 2 1 1 0 16 0 0 0 0 2 0 0 0 0 0 0 0 5 7 0 29 0 28 0 6 0 0 0 0 0 2 0 0 0 0 0 18 45 14 45 0 0 0 0 0 0 0 0 1 0 0 1 0 0 0 0 0 1 0 0 0 0 0 0 0 0 0 0 0 0 0 0 0 0 0 0 0 0 0 0 0 0 0 0 0 2 0 0 0 0 0 0 0 0 0 0 0 3 0 0 0 0 1 0 3 1 1 13 57 100 1 49 0 2 2 0 0 0 0 0 0 5 0 1 0 0 7 0 0 0 1 1 0 0 0 0 0 1 0 0 0 3 0 0 3 0 0 4 4 64 12 0 0 2 0 1 0 0 0 0 0 0 0 0 0 0 0 0 0 0 0 0 0 0 2 13 0 0 0 0 0 0 0 1 0 0 0 0 0 0 0 0 1 0 0 0 3 0 0 0 0 0 0 5 0 0 0 0 0 0 1 0 1 0 1 0 0 0 0 0 0 0 0 0 2 0 0 1
