0 6549 29 0 0 0 1 0 0 6 0 0 0 0 0 0 1 0 0 0 0 9 0 1 0 0 0 2 0 0 0 3 0 0 0 0 0 0 0 0 1 10 0 6 0 9 0 0 0 0 0 0 0 1 0 0 0 0 0 9 23 12 18 0 0 0 0 0 0 0 0 0 0 0 0 0 0 0 0 0 2 0 0 0 0 0 0 0 0 0 0 0 0 0 0 0 0 0 0 2 0 0 0 0 0 0 0 0 0 0 0 0 0 0 0 0 0 0 0 0 0 0 1 0 0 0 0 0 0 0 13 17 7 2 12 0 0 0 0 0 0 0 0 0 0 0 0 0 1 0 0 0 0 0 0 10 0 0 0 0 1 0 0 0 12 0 0 3 0 0 0 6 0 4 0 0 0 0 0 0 0 0 0 0 0 0 0 0 0 0 0 0 0 0 0 0 0 0 0 0 0 0 0 0 0 0 0 0 0 0 0 0 0 0 0 0 0 0 0 1 0 0 0 0 0 0 4 0 0 0 0 0 0 0 0 0 0 0 0 0 1 0 0 0 0 0 0 0 0 0 0
1 3570 18 0 0 0 0 0 3 0 0 0 0 0 0 0 1 0 0 0 0 2 0 0 0 0 0 0 0 0 0 0 0 0 0 0 0 0 0 0 2 0 0 2 0 4 0 1 0 0 0 0 0 0 0 0 0 0 0 7 14 2 9 0 0 0 1 0 0 0 0 0 0 0 0 0 0 0 0 0 0 0 0 0 0 0 0 0 0 0 0 0 0 0 0 0 0 0 0 0 0 0 0 0 0 0 0 0 0 0 0 0 0 0 0 0 0 0 0 0 0 0 0 0 0 0 0 0 0 0 7 1 1 0 8 0 0 0 1 0 0 0 1 0 2 0 0 0 0 0 0 0 0 0 0 0 0 0 0 0 0 0 0 0 0 0 0 4 0 0 0 1 1 2 0 0 0 0 0 0 0 0 0 0 0 0 0 0 0 0 0 0 0 0 0 0 0 0 5 0 0 0 0 0 0 0 0 0 0 0 0 0 0 0 0 0 0 1 0 0 0 0 0 0 0 0 0 0 0 0 0 0 0 0 0 0 1 0 0 0 1 0 0 0 0 0 0 0 0 0 0
2 6616 34 6 0 1 0 0 2 3 0 0 0 0 0 0 0 0 0 0 0 5 0 4 6 0 0 1 0 0 0 0 0 0 0 0 0 0 0 0 7 0 0 4 0 8 0 0 0 0 0 0 0 1 0 0 0 0 0 3 18 6 31 0 1 0 0 0 0 0 0 0 0 0 0 0 0 0 1 0 2 0 0 0 0 0 0 0 0 0 0 0 0 0 0 0 0 0 0 0 0 0 1 0 0 0 0 0 0 0 0 0 0 0 0 0 0 0 0 0 0 0 0 1 0 1 0 0 0 0 6 74 2 5 32 2 0 0 0 0 0 0 0 0 0 0 2 0 0 0 0 0 0 0 0 0 0 0 0 0 0 0 0 0 0 0 0 3 0 0 0 4 4 8 0 0 1 0 0 0 0 0 0 0 0 0 0 0 0 0 0 0 0 0 0 0 0 0 0 0 0 0 0 0 0 0 0 0 0 0 0 0 0 0 0 0 1 0 0 0 0 0 0 0 0 0 0 0 0 0 0 0 0 0 0 0 0 0 0 0 1 0 0 0 0 0 0 0 0 0 1
3 6036 19 0 0 0 0 0 0 11 0 0 0 0 0 0 5 0 0 0 0 3 0 0 0 0 0 4 0 0 0 0 0 0 0 0 0 0 0 0 4 1 0 2 0 6 0 0 0 0 0 0 0 0 0 0 0 0 0 8 14 12 9 0 0 0 0 0 0 0 0 2 0 0 0 0 0 0 0 0 0 0 0 0 0 0 0 0 0 0 0 0 0 0 0 0 0 0 0 0 0 0 0 0 0 0 0 0 0 0 0 0 0 0 0 0 0 0 0 0 0 0 0 0 0 0 0 0 0 0 2 6 0 4 2 0 0 0 0 0 0 0 0 0 0 0 0 0 0 0 0 0 0 0 0 0 0 0 0 0 0 0 0 0 0 0 0 0 0 0 0 0 4 6 0 0 0 0 0 0 0 0 0 0 0 0 0 0 0 0 0 0 0 0 0 0 0 0 2 0 0 0 0 0 0 0 0 0 0 0 0 0 0 0 0 0 0 0 0 0 0 0 0 0 0 0 1 0 0 0 0 0 0 0 0 0 0 0 0 0 1 0 0 0 0 0 0 0 0 0 0
4 4299 15 4 0 0 0 0 1 0 0 0 0 0 0 0 3 0 0 0 0 14 0 0 2 0 0 5 0 0 0 0 0 0 0 0 0 0 0 0 2 2 0 19 0 1 0 0 0 0 0 0 0 0 0 0 0 0 0 7 19 5 15 0 0 0 0 0 0 0 0 1 0 0 0 0 0 1 0 0 0 0 0 0 0 0 0 0 0 0 0 0 0 0 0 0 0 0 0 0 0 0 0 0 0 0 0 0 0 0 0 0 0 0 0 0 0 0 0 0 0 0 0 0 0 0 0 0 0 0 7 33 6 6 19 0 0 0 0 0 0 0 0 0 1 0 0 0 1 0 0 0 0 0 0 0 0 0 0 0 2 0 0 0 0 0 0 2 0 0 0 1 3 2 0 0 0 0 0 0 0 0 0 0 0 0 0 0 0 0 0 0 0 0 0 0 0 0 0 0 0 0 0 0 0 0 0 0 0 0 0 0 0 0 0 0 1 0 0 0 0 0 0 0 0 0 0 0 0 0 0 0 0 0 0 0 0 0 0 0 0 0 0 0 0 0 0 0 0 1 1
5 7114 35 1 0 0 0 0 1 3 0 0 0 0 0 0 4 0 0 0 0 7 0 2 0 0 0 4 0 0 0 0 0 0 0 0 0 0 0 0 5 11 0 2 0 12 0 0 0 0 0 0 0 1 0 0 0 0 0 7 24 12 18 0 0 0 0 0 0 0 0 0 2 0 1 0 0 0 0 0 1 0 0 0 0 0 0 0 2 0 0 0 0 0 0 0 0 0 0 0 0 0 0 0 0 0 0 0 0 0 0 0 0 0 0 0 0 0 0 0 0 0 0 0 0 0 0 0 0 0 7 0 1 0 15 0 0 0 0 0 0 0 0 0 3 0 0 0 0 0 0 0 0 0 0 0 0 0 0 0 0 0 0 0 8 0 0 0 0 0 0 0 3 11 0 0 0 0 0 0 0 0 0 0 0 0 0 0 0 0 0 0 0 0 0 0 0 0 4 0 0 0 0 0 0 0 0 0 0 0 0 0 0 0 0 0 0 1 0 0 0 0 0 0 0 0 0 1 0 0 0 1 0 0 0 0 0 0 0 0 0 0 0 0 0 0 0 2 0 0 0
6 7055 42 3 0 2 0 0 0 0 0 0 0 0 0 0 1 0 0 0 0 2 0 4 4 0 0 3 0 0 0 0 3 0 0 0 0 0 0 0 4 0 0 8 0 11 0 0 0 0 0 0 0 0 0 0 0 0 0 8 31 9 20 0 0 0 0 0 0 0 0 0 0 0 0 0 0 0 0 0 0 0 0 0 0 0 0 1 0 0 0 0 0 0 0 0 0 0 0 0 1 0 0 0 0 0 0 0 0 0 0 0 0 0 0 0 0 0 0 0 0 0 0 0 0 0 0 0 0 0 8 18 4 0 16 0 4 0 0 0 0 0 0 0 1 0 3 0 0 0 0 0 0 0 0 4 0 0 0 0 0 0 0 0 2 0 0 6 0 0 0 0 0 15 0 0 0 0 0 0 0 0 0 0 0 0 0 0 0 0 0 0 0 0 0 0 0 0 7 0 0 0 0 1 0 0 0 0 0 0 0 0 0 0 0 0 0 2 0 0 0 0 0 0 0 0 4 0 0 0 0 0 0 0 0 0 0 0 0 0 0 0 0 0 0 0 0 1 0 0 0
7 6681 50 1 0 0 0 0 0 0 0 0 0 0 0 0 5 0 0 0 0 8 0 0 0 0 0 1 0 0 0 0 1 0 0 0 0 0 0 0 2 0 0 10 0 15 0 0 0 0 0 0 0 0 0 0 0 1 0 12 21 17 11 0 0 0 0 0 0 0 0 0 0 0 0 0 0 0 0 0 6 0 0 0 0 0 0 1 0 0 0 0 0 0 0 0 0 0 0 0 0 1 0 0 0 0 0 0 0 0 0 0 0 0 3 0 0 0 0 0 0 0 0 0 0 0 0 0 0 0 12 3 1 14 26 0 0 0 0 0 0 1 0 0 4 0 0 0 0 0 0 0 0 0 0 1 0 0 0 0 0 0 0 0 1 0 0 3 0 0 1 0 1 6 0 0 1 0 0 0 0 0 0 0 0 0 0 0 0 0 0 0 0 0 0 0 0 0 1 0 0 0 0 0 0 0 0 0 0 0 0 0 0 0 0 0 0 0 0 0 0 0 0 0 0 0 0 0 0 0 0 0 0 0 0 0 0 0 0 0 0 0 0 0 0 0 0 0 0 0 0
8 1779 21 0 0 0 0 0 0 0 0 0 0 0 0 0 0 0 0 0 0 0 0 0 0 0 0 1 0 0 0 0 0 0 0 0 0 0 0 0 0 1 0 0 0 0 0 0 0 0 0 0 0 0 0 0 0 0 0 3 5 7 3 0 0 0 0 0 0 0 0 0 0 0 0 0 0 0 1 0 4 0 0 0 0 0 0 0 0 0 0 0 0 0 0 0 0 0 0 0 0 0 0 0 0 0 0 0 0 0 0 0 0 0 2 0 0 0 0 0 0 0 0 0 0 0 0 0 0 0 1 0 0 0 5 1 0 0 0 0 0 0 0 0 0 0 0 0 0 0 0 0 0 0 0 0 0 0 0 0 0 0 0 0 0 0 0 0 0 0 0 0 4 0 0 0 2 0 0 0 0 0 0 0 0 0 0 0 0 0 0 0 0 0 0 0 0 1 0 0 0 0 0 0 0 0 0 0 0 0 0 0 0 0 0 0 0 0 0 0 0 0 0 0 0 0 0 0 0 0 0 0 0 0 0 0 0 0 0 0 0 0 0 0 0 0 0 0 0 0 0
9 6437 25 0 0 0 0 0 1 3 0 0 0 0 0 0 0 0 0 0 0 5 0 0 0 0 0 1 0 0 0 2 0 0 0 0 0 0 0 0 2 3 0 4 0 27 0 0 0 0 0 0 0 0 0 0 0 2 0 7 10 12 9 0 0 0 0 0 0 0 0 0 0 0 0 0 0 0 0 0 0 0 0 0 0 0 0 0 0 0 0 0 0 0 0 0 0 0 0 0 0 0 0 0 0 0 0 0 0 0 0 0 0 0 2 0 0 0 0 0 0 0 0 0 0 0 0 0 0 0 6 2 0 1 12 0 0 0 0 0 0 0 0 0 3 0 1 0 0 0 0 1 0 1 0 0 0 0 0 0 0 0 0 0 0 0 0 1 0 0 1 1 3 11 0 0 0 0 0 0 0 0 0 0 0 0 0 0 0 0 0 0 0 0 0 0 0 1 0 0 0 0 0 0 0 0 0 0 0 0 0 0 0 0 0 5 0 0 0 0 0 0 0 0 0 0 2 0 0 0 0 0 0 1 0 0 0 0 0 0 0 0 0 0 0 0 0 0 0 0 0
10 5885 41 1 0 0 0 0 3 0 0 0 0 0 2 0 1 0 0 0 0 7 0 1 1 0 0 1 0 0 0 0 0 0 0 0 0 0 0 0 3 0 0 4 0 34 0 0 0 0 0 0 0 0 0 0 0 0 0 10 33 14 17 0 0 0 0 0 0 0 0 1 1 0 0 0 0 0 0 0 4 0 0 0 0 0 0 0 0 0 0 0 0 0 0 0 0 0 0 0 0 0 0 0 0 0 0 0 2 0 0 0 0 0 0 0 0 0 0 0 0 0 0 1 1 1 0 0 0 0 10 13 2 0 13 0 0 0 0 0 0 0 0 0 5 0 1 0 0 0 0 1 0 3 0 0 0 0 0 0 0 0 0 0 3 0 0 2 0 0 0 2 3 2 0 0 0 0 0 0 0 0 0 0 0 0 0 0 0 0 0 0 0 0 0 0 0 3 1 0 0 0 0 0 0 0 0 0 0 0 0 0 0 0 0 0 0 0 0 0 0 0 0 0 0 0 0 2 0 0 0 0 0 0 0 0 0 0 0 0 0 0 0 0 0 0 0 2 0 0 1
11 6358 46 2 0 0 0 0 4 1 0 0 0 1 0 0 1 0 0 0 0 8 2 0 0 0 0 0 0 0 0 0 0 0 0 0 0 0 0 0 0 1 0 10 0 28 0 1 0 0 0 0 0 0 0 0 0 0 0 19 35 31 17 0 0 0 0 0 0 0 0 1 1 0 0 0 0 0 0 0 1 0 0 0 0 0 0 0 0 0 0 0 0 0 0 0 0 0 0 0 1 0 0 0 0 0 1 0 0 0 0 0 0 0 0 0 0 0 0 0 0 0 0 0 0 0 0 0 0 0 11 8 4 4 17 0 1 1 0 0 0 0 0 0 13 0 0 0 0 0 0 0 0 2 0 0 0 0 0 0 0 0 0 0 1 0 0 0 0 0 0 1 13 13 0 0 4 0 0 0 0 0 0 0 0 0 0 0 0 0 0 1 0 0 0 0 0 2 3 0 0 0 0 0 0 0 0 0 0 0 0 0 0 0 0 0 0 0 0 0 0 0 0 0 0 0 0 0 0 0 0 0 0 0 0 0 0 0 0 1 0 0 0 0 0 0 0 0 0 0 0
12 6513 29 4 0 0 0 0 0 9 0 0 0 0 0 0 1 0 0 0 0 4 0 1 0 0 0 0 0 0 0 1 0 0 0 0 0 0 0 0 3 4 0 7 0 25 0 0 0 0 1 0 0 0 0 0 0 0 0 3 17 11 18 0 0 0 0 0 0 0 1 0 0 0 0 0 0 0 0 0 0 0 0 0 0 0 0 0 0 0 0 0 0 0 0 0 0 0 0 0 0 0 0 0 0 0 0 0 0 0 0 1 0 0 0 0 0 1 0 0 0 0 0 0 0 2 2 0 0 0 7 10 0 6 11 0 0 0 0 0 0 0 0 0 1 0 2 0 1 0 0 0 0 0 0 0 0 0 0 0 0 0 0 0 4 0 0 13 0 0 0 1 10 13 0 0 0 0 0 0 0 0 0 0 0 0 0 0 0 0 0 0 0 0 0 0 0 0 0 0 0 0 0 5 0 0 0 0 0 0 0 0 0 0 0 0 2 0 0 0 0 0 0 0 0 0 0 0 0 0 0 0 0 0 0 0 1 0 0 0 0 0 0 0 0 0 0 0 0 0 0
13 5695 32 0 0 3 0 0 2 0 0 0 0 0 0 0 1 0 0 0 0 2 0 0 0 0 0 0 0 0 0 0 0 0 0 0 0 0 0 0 3 1 0 11 0 11 0 0 0 0 0 0 0 0 0 0 0 0 0 7 13 8 15 0 0 0 0 0 0 0 0 0 0 0 0 0 0 0 0 0 1 0 0 0 0 0 0 0 0 0 0 0 0 0 0 0 0 0 0 0 0 0 0 0 0 0 0 0 0 0 1 0 0 0 0 0 0 0 0 0 0 0 0 0 0 1 1 0 0 0 3 15 1 0 19 0 0 0 0 0 0 0 0 0 1 0 0 0 2 0 0 0 0 0 0 1 0 0 0 0 0 0 0 0 0 0 0 4 0 0 0 0 0 3 0 0 0 0 0 0 1 0 0 0 0 0 0 0 0 0 0 0 0 0 0 0 0 0 2 0 0 0 0 0 0 0 0 0 0 0 0 0 0 0 0 0 0 0 0 0 0 0 0 0 0 0 1 0 0 0 0 0 0 0 0 0 0 0 0 0 0 0 0 0 0 0 0 0 0 0 0
14 6624 31 0 0 0 0 0 1 0 0 0 0 0 0 0 1 0 0 0 0 5 0 1 0 0 0 2 0 0 0 0 1 0 0 0 0 0 0 0 6 0 0 6 0 9 0 0 0 0 0 0 0 1 0 0 0 0 0 10 18 24 14 0 0 0 0 0 0 0 0 2 0 0 0 0 0 0 0 0 1 0 0 0 0 0 0 0 0 0 0 0 0 0 0 0 0 0 0 0 0 0 0 0 0 0 0 0 0 0 0 0 0 0 0 2 0 0 0 0 0 0 0 0 0 0 0 0 0 0 20 20 2 5 22 0 0 0 0 0 0 0 0 0 0 0 0 0 1 0 0 0 0 0 0 0 0 0 0 0 0 0 0 0 0 0 0 0 0 0 0 1 12 4 0 0 0 0 0 0 0 0 0 0 0 0 0 0 0 0 0 0 0 0 0 0 0 0 7 0 0 0 0 0 0 0 0 0 0 0 0 0 0 0 0 0 0 0 0 0 0 2 0 0 0 0 0 0 0 0 0 0 0 0 0 0 0 0 0 0 1 0 0 0 0 0 0 2 0 0 3
15 6378 34 13 0 0 0 0 1 1 0 0 0 0 0 0 0 0 0 0 0 1 0 0 0 0 0 1 0 0 0 0 0 0 0 0 0 0 0 0 2 3 1 3 0 4 0 0 0 0 0 0 0 0 0 0 0 0 0 12 27 8 12 0 0 0 0 0 1 0 0 0 0 0 0 0 0 0 2 0 5 0 0 0 0 0 0 0 0 0 0 0 0 0 0 0 0 0 0 0 0 1 0 0 0 0 0 0 0 0 0 0 0 0 3 0 0 0 0 0 1 0 0 0 0 0 0 1 0 0 8 7 7 0 16 0 0 0 0 0 0 0 0 0 3 0 2 0 0 0 0 0 0 0 0 3 0 0 0 0 0 3 0 0 1 0 0 5 0 0 0 1 3 11 0 0 0 0 0 0 0 0 0 0 0 0 0 0 0 0 0 0 0 0 0 0 0 0 1 0 0 0 0 0 0 0 0 0 0 0 0 0 0 0 0 0 0 1 0 0 0 0 0 0 0 0 7 1 0 0 0 0 0 0 0 0 0 0 0 1 2 0 0 0 0 0 0 1 0 0 1
16 7063 47 0 0 0 0 0 3 3 0 0 0 0 0 0 1 0 0 0 0 11 0 0 0 0 0 1 0 0 0 0 1 0 0 0 0 0 0 0 4 4 0 14 0 58 0 0 0 0 0 0 0 5 0 0 0 0 0 8 36 14 18 0 0 0 1 0 0 0 0 1 0 0 0 0 0 0 0 0 3 0 0 0 0 0 0 0 0 0 0 0 0 0 0 0 0 0 0 0 0 0 0 0 0 0 2 0 0 0 0 3 0 0 0 0 0 0 0 0 0 0 0 0 0 3 1 0 0 0 6 12 0 5 23 0 0 0 0 0 0 1 0 0 1 0 0 0 0 0 0 0 0 2 0 0 0 0 0 0 0 0 0 0 6 0 0 6 0 0 0 1 5 16 0 0 6 0 1 0 0 0 0 0 0 0 0 0 0 0 0 0 0 0 0 0 0 1 7 0 0 0 0 0 0 0 0 0 0 0 0 0 1 0 0 0 0 0 0 0 0 0 0 0 0 0 0 0 0 0 0 0 0 0 0 0 0 0 0 0 1 0 0 0 0 0 0 0 0 0 0
17 6457 31 1 0 0 0 0 0 0 0 0 0 0 0 0 0 0 0 0 0 8 0 1 0 0 0 1 0 0 0 0 0 0 0 0 0 0 0 0 9 5 0 9 0 20 0 0 0 0 0 0 0 0 0 0 0 0 0 6 32 17 33 0 0 0 0 0 0 0 0 1 0 0 0 0 0 0 0 0 0 0 0 0 0 0 0 0 0 0 0 0 0 0 0 0 0 0 0 0 0 0 0 0 0 0 0 0 0 0 0 0 0 0 0 4 0 0 0 0 0 0 0 0 0 0 0 0 0 0 7 28 2 1 9 0 0 0 0 0 0 0 0 0 0 1 0 0 1 0 0 0 0 2 0 0 0 0 0 0 1 0 0 0 0 0 0 1 0 0 0 6 14 3 0 0 1 0 0 0 0 0 0 0 0 0 0 0 0 0 0 0 0 0 0 0 0 3 4 0 0 0 0 0 0 0 0 0 0 0 0 0 0 0 0 0 0 0 0 0 0 0 0 0 0 0 0 0 0 0 0 0 0 0 0 0 0 0 0 1 0 0 0 0 0 0 0 0 0 0 0
18 6511 21 0 0 0 0 0 2 5 0 0 0 0 0 0 1 0 0 0 0 1 0 0 0 0 0 0 0 0 0 0 0 0 0 0 0 0 0 0 5 6 0 9 0 27 0 0 0 0 0 0 0 0 0 0 0 0 0 8 48 16 22 0 0 0 0 0 0 0 0 4 0 0 0 1 0 0 0 0 1 0 0 0 0 0 0 0 0 0 0 0 0 0 0 0 0 0 0 0 1 1 0 0 0 0 0 0 0 0 0 0 0 0 1 0 0 0 0 0 0 0 0 0 0 0 0 0 0 0 25 8 0 0 14 0 0 0 0 0 0 0 0 0 7 2 1 0 0 0 0 0 0 1 0 0 0 0 0 0 0 0 0 0 1 0 0 0 0 0 0 0 4 3 0 0 0 0 0 0 0 0 0 0 0 0 0 0 0 0 0 0 0 0 0 0 0 2 10 0 0 0 0 0 0 0 0 0 0 0 0 0 0 0 0 0 0 0 0 0 0 0 0 0 0 0 0 0 0 0 0 0 0 0 0 0 0 0 0 0 1 0 0 0 0 0 0 2 0 0 0
19 5249 45 5 0 0 0 0 0 14 0 0 0 0 0 0 1 0 0 0 0 6 0 1 0 0 0 2 0 0 0 0 0 0 0 0 0 0 0 0 0 17 0 1 0 48 0 0 0 0 0 0 0 0 0 0 0 0 0 10 21 13 18 0 0 0 0 0 0 0 0 5 0 0 0 0 0 0 0 0 1 0 0 0 0 0 0 0 0 0 0 0 0 0 0 0 0 0 0 0 0 0 0 0 0 0 0 0 0 0 0 0 0 0 2 0 2 0 0 0 0 0 0 0 0 0 0 0 0 0 3 4 4 7 13 0 0 0 0 0 0 0 0 0 4 0 0 0 0 0 0 0 0 0 0 0 0 0 1 0 0 0 0 0 1 0 0 1 0 0 0 0 8 1 0 0 0 0 0 0 0 0 0 0 0 0 0 0 0 0 0 0 0 0 0 0 0 0 0 0 0 0 0 0 0 0 0 0 0 0 0 0 0 0 0 0 0 0 0 0 0 0 0 0 0 0 2 0 0 0 0 0 0 0 0 0 0 0 0 0 0 0 0 0 0 0 0 8 0 0 1
20 2341 9 0 0 0 0 0 2 0 0 0 0 0 0 0 2 0 0 0 0 1 0 3 0 0 0 2 0 0 0 0 0 0 0 0 0 0 0 0 1 0 0 3 0 11 0 0 0 0 0 0 0 0 0 0 0 0 0 8 6 3 3 0 0 0 0 0 0 0 0 0 0 0 1 0 0 0 0 0 0 0 0 0 0 0 0 0 0 0 0 0 0 0 0 0 0 0 0 0 0 0 0 0 0 0 0 0 1 0 0 0 0 0 0 0 0 0 0 0 2 0 0 0 0 0 0 0 0 0 6 3 0 0 4 0 0 0 0 0 0 0 0 0 2 0 0 0 0 0 0 0 0 1 0 0 0 0 0 0 0 0 0 0 0 0 0 0 0 0 0 0 0 0 0 0 0 0 0 0 0 0 0 0 0 0 0 0 0 0 0 0 0 0 0 0 0 0 0 0 0 0 0 0 0 0 0 0 0 0 0 0 0 0 0 0 0 0 0 0 0 0 0 0 0 0 0 0 0 0 0 0 0 0 0 0 0 0 0 0 0 0 0 0 0 0 0 0 0 0 0
21 7260 45 0 0 0 0 0 0 2 0 0 0 0 0 0 0 1 0 1 0 14 0 0 1 0 0 2 0 0 0 0 1 0 0 0 0 0 0 0 1 0 0 4 0 25 0 0 0 0 0 0 0 0 0 0 0 0 0 12 28 30 22 0 0 0 0 0 0 0 0 0 0 0 0 0 0 0 0 0 0 0 0 0 0 0 0 1 0 0 0 0 0 0 0 0 0 0 0 0 1 0 0 0 0 0 0 0 0 0 0 0 1 0 0 0 0 0 0 0 0 0 0 0 0 0 0 0 0 0 8 22 2 0 27 0 0 1 0 0 0 0 0 0 5 0 0 0 0 0 0 0 0 0 0 0 0 0 0 0 0 0 0 0 1 0 0 1 0 0 0 1 22 1 0 0 2 0 0 0 0 0 0 0 0 0 0 0 0 0 0 0 0 0 0 0 0 0 9 0 0 0 0 0 0 0 0 0 0 0 0 0 0 0 0 0 0 0 0 0 0 0 0 0 0 0 0 0 0 0 0 0 0 1 0 0 0 0 0 0 0 0 0 0 0 0 0 0 0 0 1
22 6288 31 0 0 0 0 0 0 3 0 0 0 0 0 0 1 0 0 0 0 8 0 0 0 0 0 5 0 0 0 2 0 0 0 0 0 0 0 0 1 4 0 11 0 1 0 0 0 0 0 0 0 5 0 0 0 0 0 10 18 30 22 0 0 0 0 0 0 0 0 0 0 0 0 0 0 0 0 0 2 0 0 0 0 0 0 0 0 0 1 0 0 0 0 0 0 0 0 0 0 0 0 0 0 0 0 0 0 0 0 0 0 0 0 0 0 0 0 0 0 0 0 0 0 0 0 0 0 0 7 52 9 0 70 0 0 7 1 0 0 0 0 0 6 1 0 0 0 0 0 0 0 1 0 0 0 0 0 0 0 0 2 0 3 0 0 2 0 0 1 4 14 12 0 0 4 0 0 0 0 0 0 0 0 0 0 0 0 0 0 0 0 0 0 0 0 0 7 0 0 0 0 0 0 0 1 0 0 0 0 0 0 0 0 0 0 0 0 0 0 0 0 0 0 0 1 0 1 0 0 0 0 1 0 0 0 0 0 0 0 0 0 0 0 0 0 3 0 0 0
23 6421 40 0 0 0 0 0 1 7 0 0 0 0 0 0 1 0 0 1 0 7 0 2 1 1 0 8 0 0 0 0 0 0 0 0 0 0 0 0 4 4 0 5 0 22 0 0 0 0 0 0 0 3 0 0 0 0 0 16 64 51 17 0 0 0 0 0 0 0 1 2 0 0 0 0 0 0 0 0 2 0 0 0 0 0 0 0 0 0 0 0 0 0 0 0 0 0 0 0 0 0 0 0 0 0 0 0 0 0 0 1 0 0 0 0 0 0 0 0 0 0 0 0 0 0 0 0 2 0 15 21 2 0 32 2 0 0 0 0 0 0 0 0 6 0 0 0 0 0 0 0 0 0 2 0 0 0 0 0 0 0 0 0 5 0 0 3 1 0 0 0 15 16 0 0 4 0 0 0 0 0 0 0 0 0 0 0 0 0 0 0 0 0 0 0 0 0 13 0 0 0 0 0 0 0 0 0 0 0 0 0 0 0 0 0 0 0 0 0 0 0 0 0 0 0 0 1 0 0 0 3 0 0 0 0 0 0 0 0 0 0 0 0 0 0 0 12 0 0 0
24 6212 42 0 0 0 0 0 1 0 0 0 0 0 0 0 2 0 0 0 0 8 0 0 1 3 0 6 0 0 0 0 1 0 0 0 0 0 0 0 3 0 0 8 0 26 0 0 0 0 0 0 0 0 0 0 0 0 0 11 39 57 24 0 0 0 0 0 0 0 0 4 2 0 0 0 0 0 0 0 5 0 0 0 0 0 0 0 0 0 0 0 0 0 0 0 0 0 0 0 0 0 0 0 0 0 0 0 0 0 0 0 0 0 0 0 0 0 1 0 0 0 0 0 0 0 0 0 0 2 5 24 2 0 66 0 0 0 0 0 0 0 0 0 2 0 0 0 0 0 0 0 0 0 0 0 0 0 0 0 0 0 0 0 0 0 0 0 0 0 0 3 29 15 0 0 2 0 0 0 0 0 0 0 0 0 1 0 0 0 0 1 0 0 0 0 0 4 9 0 0 0 0 0 0 0 0 0 0 0 0 0 0 0 0 0 0 0 0 1 0 0 0 0 0 0 0 0 0 0 0 0 0 1 0 0 0 0 0 0 0 0 0 0 0 0 0 3 0 0 0
25 6437 23 0 0 0 0 0 2 0 0 0 0 0 0 0 0 0 0 0 0 5 0 1 0 0 0 0 0 0 0 0 1 0 0 0 0 0 0 0 3 0 0 1 0 11 0 0 0 0 0 0 0 1 0 0 0 0 0 10 30 29 8 0 0 0 0 0 0 0 0 0 0 0 0 0 0 0 0 0 0 0 0 0 0 0 0 0 0 0 0 0 0 0 0 0 0 0 0 0 0 0 0 0 0 0 0 1 0 0 0 0 0 0 0 0 0 0 0 0 0 0 0 0 0 2 0 0 0 0 8 1 0 0 2 0 0 0 0 0 0 0 0 0 0 0 0 0 0 0 0 0 0 0 0 0 0 0 0 0 0 0 0 0 0 0 2 0 0 0 0 0 2 5 0 0 0 0 0 0 0 0 0 0 0 0 0 0 0 0 0 0 0 0 0 0 0 0 0 0 0 0 0 0 0 0 0 0 0 0 0 0 0 0 0 0 0 0 0 0 0 0 0 0 0 0 0 0 0 0 0 0 0 0 0 0 0 0 0 0 0 0 0 0 0 0 0 2 0 0 0
26 8302 38 1 0 1 0 0 0 2 0 0 0 0 0 0 0 0 0 0 0 8 0 0 0 3 0 2 0 0 0 0 2 0 0 0 0 0 0 0 1 6 0 5 0 24 0 0 0 0 0 0 0 1 0 0 0 0 0 18 51 38 22 0 0 0 0 0 0 0 0 1 0 0 0 0 0 0 0 0 4 0 0 0 0 0 0 0 0 0 0 0 0 0 0 0 0 0 0 0 0 0 0 0 0 0 0 0 0 0 0 0 0 0 0 0 0 0 0 0 0 0 0 0 0 1 0 0 0 0 23 38 17 4 21 0 0 0 0 0 0 0 0 0 8 0 2 0 0 0 0 0 0 0 2 0 0 0 0 0 0 0 0 0 8 0 0 1 6 0 0 5 38 6 0 0 5 0 2 0 0 0 0 0 0 0 0 1 0 0 0 0 0 0 0 0 0 2 3 0 0 0 0 0 0 0 0 0 0 0 0 0 0 0 0 0 0 0 0 1 0 0 0 0 0 0 0 0 0 0 0 0 0 0 0 0 0 0 0 0 0 0 0 0 0 0 0 2 0 0 0
27 6962 34 2 0 5 0 0 0 1 0 0 0 0 0 0 1 0 0 0 0 1 0 1 0 0 0 1 0 0 0 0 0 0 0 0 0 0 0 0 2 4 0 11 0 47 0 0 0 0 0 0 0 0 0 0 0 0 0 18 45 23 21 0 0 0 0 0 0 0 0 1 0 0 0 0 0 0 0 0 0 0 0 0 0 0 0 0 0 0 0 0 0 0 0 0 0 0 0 0 0 0 0 0 0 0 0 1 1 0 0 0 0 0 0 0 0 0 0 0 0 0 0 0 0 1 0 0 0 0 13 15 0 0 9 0 0 5 0 0 0 0 0 0 0 5 0 0 0 0 0 0 0 0 0 0 0 0 0 0 0 0 0 0 0 0 0 0 1 0 0 12 11 3 0 0 0 0 0 0 0 0 0 0 0 0 0 0 0 0 0 0 0 0 0 0 0 0 1 0 0 0 0 0 0 0 0 0 0 0 0 0 0 0 0 0 0 0 0 0 0 0 0 0 0 0 0 0 0 0 0 0 0 1 1 0 0 0 0 0 0 0 0 0 0 0 0 1 0 0 0
28 6867 40 0 0 0 0 0 1 2 0 0 0 0 0 0 0 0 0 0 0 5 0 0 0 0 0 0 0 0 0 0 0 0 0 0 0 0 0 0 2 0 0 4 0 10 0 0 0 0 0 0 0 3 0 0 0 0 0 13 29 13 15 0 0 0 0 0 0 0 0 0 0 0 0 0 0 0 0 0 4 0 0 0 0 0 0 2 0 0 0 0 0 0 0 0 0 0 0 0 0 0 1 0 0 0 0 0 0 0 0 0 0 0 0 0 0 0 0 0 0 0 0 0 0 0 0 0 0 0 11 11 0 1 17 0 0 0 0 0 0 0 0 0 0 0 0 0 0 0 0 0 0 0 0 0 0 0 0 0 0 0 0 0 3 0 0 0 1 0 0 3 9 0 0 0 2 0 0 0 0 0 0 0 0 0 1 0 0 0 0 0 0 0 0 0 0 0 4 0 0 0 0 0 0 0 0 0 0 0 0 0 0 0 0 0 0 0 0 0 0 0 0 0 0 0 1 0 0 0 0 0 0 0 0 0 0 0 0 0 0 0 0 0 0 0 0 1 0 0 0
29 6503 33 1 0 0 0 1 0 0 0 0 0 0 0 0 0 0 0 0 0 1 0 1 0 1 0 1 0 0 0 0 0 0 0 0 0 0 0 2 3 3 0 4 0 5 0 0 0 0 0 0 0 2 0 0 0 0 0 6 33 13 15 0 0 0 0 0 0 0 0 1 0 0 0 0 0 0 0 0 0 0 0 0 0 0 0 0 0 0 0 0 0 0 0 0 0 0 0 0 0 0 0 0 0 0 0 0 0 0 0 0 0 0 0 0 0 0 0 0 0 0 0 0 0 0 0 0 0 0 9 5 0 0 7 0 0 0 1 0 0 0 0 0 1 0 0 0 0 0 0 0 0 0 0 0 0 0 0 0 0 0 0 0 0 0 0 0 0 0 1 0 11 3 0 0 2 0 0 0 0 0 0 0 0 0 0 0 0 0 0 0 0 0 0 0 0 2 0 0 0 0 0 0 0 0 0 0 0 0 0 0 0 0 0 0 0 0 0 0 0 0 0 0 0 0 0 0 0 0 0 0 0 1 0 0 0 0 0 0 0 0 0 0 0 0 0 0 0 0 1
30 7208 44 0 0 0 0 0 1 0 0 0 0 0 0 0 3 0 0 2 0 5 0 1 0 0 0 1 0 0 0 0 0 0 0 0 0 0 0 0 1 7 0 4 0 10 0 0 0 0 0 0 0 2 0 0 0 0 0 11 42 16 20 0 0 0 0 0 0 0 0 1 5 0 0 0 0 0 0 0 0 0 0 0 0 0 0 1 0 0 0 0 0 0 1 0 0 0 0 0 0 0 0 0 0 0 0 0 0 0 0 0 0 0 0 0 0 0 0 0 0 0 0 0 0 5 0 0 0 0 18 42 3 0 35 0 0 1 0 0 0 0 0 0 49 0 0 0 1 0 0 0 0 0 2 0 0 0 0 0 0 0 0 0 10 0 7 1 1 0 0 8 23 0 0 0 0 0 0 0 0 0 0 0 0 0 0 0 0 0 0 0 0 0 0 0 0 2 3 0 0 0 0 0 0 0 0 0 0 0 0 0 0 0 0 4 0 1 0 0 0 0 0 0 0 0 0 1 0 0 0 0 0 0 0 0 0 0 0 0 0 0 0 0 0 0 0 0 0 0 1
31 6289 44 0 0 0 0 0 0 0 0 0 0 0 0 0 4 0 0 2 0 9 0 1 6 0 0 2 0 0 0 0 1 0 0 0 0 0 0 0 1 4 0 9 0 6 0 0 0 0 0 0 0 0 0 0 0 0 0 10 24 15 10 0 0 0 0 0 0 0 0 0 2 0 0 0 0 0 0 0 0 0 0 0 0 0 0 0 0 0 0 0 0 0 0 0 0 0 0 0 0 0 0 0 0 0 0 0 2 0 0 1 0 0 0 0 0 0 0 0 0 0 0 0 0 0 0 0 0 0 4 20 3 0 21 0 0 2 0 0 0 0 0 0 10 0 0 0 1 0 0 0 0 0 0 0 0 0 0 0 0 0 0 0 0 0 0 4 0 0 0 0 7 8 0 0 1 0 0 0 0 0 0 0 0 0 0 0 0 0 0 0 0 0 0 0 0 1 2 0 0 0 0 0 0 0 0 0 0 0 0 0 0 0 1 0 0 4 0 1 0 0 0 0 0 0 0 2 0 0 0 0 0 0 0 0 0 0 0 0 0 0 0 0 0 0 0 1 0 0 0
32 7069 34 0 0 0 0 0 0 1 0 0 0 0 0 0 0 0 0 0 0 12 0 0 1 0 0 1 0 0 0 0 1 0 0 0 0 0 0 0 3 0 0 13 0 4 0 0 0 0 0 0 0 0 0 0 0 0 0 9 18 10 10 0 0 0 0 0 0 0 0 0 0 0 0 0 0 0 0 0 0 0 0 0 0 0 0 1 0 0 0 0 1 0 0 0 0 0 0 0 4 0 0 0 0 0 0 0 0 0 0 0 0 0 0 0 0 0 0 0 0 0 0 0 0 0 0 0 0 0 6 10 2 0 11 0 0 0 0 0 0 0 0 0 0 0 3 0 0 0 0 0 0 0 0 0 0 0 0 0 0 0 0 0 0 0 0 0 1 0 1 2 9 6 0 0 1 0 0 0 0 0 0 0 0 0 0 0 0 0 0 0 0 0 0 0 0 0 1 0 0 0 0 0 0 0 0 0 0 0 0 0 0 0 0 0 4 1 0 0 0 1 0 0 0 0 0 0 0 0 0 0 0 1 0 0 0 0 1 0 0 0 0 0 0 0 0 1 0 0 0
33 6862 37 0 0 0 0 0 1 0 0 0 0 0 0 0 1 0 0 2 0 10 0 0 2 1 0 1 0 0 0 0 0 0 0 0 0 0 0 0 1 1 0 6 0 8 0 0 0 0 0 0 0 2 0 0 0 0 0 12 32 24 30 0 0 0 0 0 0 0 0 1 0 0 0 0 0 0 0 0 2 0 0 0 0 0 0 0 0 0 0 0 0 0 0 0 0 0 0 0 0 0 0 0 0 0 0 0 0 0 0 0 0 0 0 0 0 0 0 0 0 0 0 0 0 0 0 0 0 0 20 11 0 0 11 0 0 1 0 0 0 0 0 0 1 0 0 0 0 0 0 0 0 0 0 0 0 0 0 0 0 0 0 0 1 0 0 0 1 0 0 0 18 6 0 0 3 0 0 0 0 0 0 0 0 0 0 0 0 0 0 0 0 0 0 0 0 0 0 0 0 0 0 0 0 0 0 0 0 0 0 0 0 0 0 0 0 0 0 0 0 0 0 0 0 0 0 0 0 0 0 0 0 4 0 0 0 0 0 0 0 0 0 0 0 0 0 0 1 0 0
34 6895 45 0 0 1 0 0 1 6 0 0 0 0 0 0 3 0 0 1 0 1 0 0 0 1 0 1 0 0 0 0 0 0 0 0 0 0 0 0 3 1 0 6 0 0 0 0 0 0 0 0 0 1 0 0 0 0 0 6 40 23 17 0 0 0 0 0 0 0 0 1 1 0 1 0 0 0 0 0 2 0 0 0 0 0 0 0 0 0 0 0 3 0 0 0 0 0 0 0 0 0 0 0 0 0 0 0 0 0 0 0 0 0 0 0 0 0 0 0 0 0 0 0 0 0 0 0 0 0 13 13 0 0 12 0 0 0 0 0 0 0 0 0 1 0 0 0 0 0 0 0 0 1 0 0 0 0 0 0 0 0 0 0 1 0 0 3 0 0 0 1 7 3 0 0 5 0 1 0 0 0 0 0 0 0 0 0 0 0 0 0 0 0 0 0 0 3 12 0 0 0 0 0 0 0 0 0 0 0 0 0 0 0 0 0 0 0 0 0 0 0 0 0 0 0 4 0 0 0 0 0 0 1 0 0 1 0 0 0 0 0 0 0 0 0 0 0 0 0 1
35 6376 32 1 0 0 0 0 0 5 0 0 0 0 0 0 2 0 0 0 0 0 0 1 2 0 0 1 0 0 0 0 0 0 0 0 0 0 0 0 2 0 0 7 0 1 0 0 0 0 0 0 0 0 0 0 0 0 0 4 12 11 14 0 0 0 0 0 0 0 0 1 0 0 0 0 0 0 0 0 1 0 0 0 0 0 0 0 0 1 0 0 2 0 0 0 0 0 0 0 0 0 1 0 0 0 0 0 0 0 1 1 0 0 0 0 0 0 0 0 0 0 0 0 0 0 0 0 0 0 4 13 6 0 19 0 0 0 0 0 0 0 0 0 4 0 0 0 0 0 0 0 0 0 0 0 0 0 0 0 0 0 0 0 3 0 0 0 0 0 0 4 10 11 0 0 4 0 0 0 0 0 0 0 0 0 0 0 0 0 0 0 0 0 0 0 0 0 1 0 0 0 0 0 0 0 0 0 0 0 0 0 0 0 0 0 0 2 0 2 0 0 0 0 0 0 1 0 0 0 0 0 0 0 0 0 0 1 0 0 0 0 0 0 0 0 0 0 0 0 1
36 6716 32 0 0 0 0 0 1 0 0 0 0 0 0 0 0 0 0 0 0 7 0 0 0 0 0 0 0 0 0 0 0 0 0 0 0 0 0 0 2 0 0 2 0 5 0 0 0 0 0 0 0 0 0 0 0 0 0 3 26 28 15 0 0 0 0 0 0 0 0 1 0 0 0 0 0 0 0 0 1 0 0 0 1 0 0 0 0 0 0 0 0 0 0 0 0 0 0 0 0 0 0 0 0 0 0 0 0 0 0 1 0 0 0 0 0 0 0 0 1 0 0 0 0 0 0 0 0 0 8 15 13 0 17 0 0 0 0 0 0 0 0 0 1 0 1 0 0 0 0 0 0 0 0 0 0 0 0 0 0 0 0 0 1 0 0 2 2 0 0 3 4 3 0 0 0 0 0 0 0 0 0 0 0 0 0 0 0 0 0 0 0 0 0 0 0 0 3 0 0 0 0 0 0 0 0 0 0 0 0 0 0 0 0 0 0 0 0 5 0 0 0 0 0 0 0 0 0 0 0 0 0 0 0 0 0 0 0 0 0 0 0 0 0 0 0 0 0 0 0
37 5785 29 0 0 0 0 0 0 2 0 0 0 0 0 0 0 0 0 0 0 0 0 1 0 0 0 1 0 0 0 0 0 0 0 0 0 0 1 0 1 3 0 7 0 4 0 0 0 0 0 0 0 1 0 0 0 0 0 8 23 22 24 0 0 0 0 0 0 0 0 2 2 0 0 0 0 0 0 0 2 0 0 0 0 0 0 1 0 0 0 0 0 0 0 0 0 0 0 0 0 0 0 0 0 0 0 0 0 0 0 0 0 0 0 0 0 0 0 0 0 0 0 0 0 0 0 0 0 0 14 5 0 0 15 0 0 0 0 0 0 0 0 0 10 0 0 0 0 0 0 0 0 0 0 0 0 0 0 0 0 0 0 0 0 0 0 1 0 0 0 2 25 3 0 0 4 0 0 0 0 0 0 0 0 0 0 0 0 0 0 0 0 0 0 0 0 4 11 0 0 0 0 0 0 0 0 0 0 0 0 0 0 0 0 0 0 0 0 0 0 0 0 0 0 0 0 0 0 0 0 0 0 4 0 0 0 0 0 0 0 0 0 0 0 0 0 0 0 0 1
38 6278 47 0 0 0 0 0 1 0 0 0 0 0 0 0 0 0 0 0 0 2 0 1 0 0 0 1 0 0 0 0 0 0 0 0 0 0 0 0 0 0 0 4 0 4 0 0 0 0 0 0 0 1 0 0 0 0 0 8 44 32 13 0 0 0 0 0 0 0 0 0 0 0 0 0 0 0 0 0 0 0 0 0 0 0 0 0 0 0 0 0 0 0 0 0 0 0 0 0 1 0 0 0 0 0 0 0 0 0 0 0 0 0 0 0 0 0 0 0 0 0 0 0 0 1 0 0 0 0 3 31 2 5 8 0 0 0 0 0 0 0 0 0 0 1 0 0 0 0 0 0 0 0 0 0 0 0 0 0 0 0 0 0 3 0 0 0 1 0 0 1 6 10 0 0 0 0 0 0 0 0 0 0 0 0 0 0 0 0 0 0 0 0 0 0 0 0 9 0 0 0 0 0 0 0 0 0 0 0 0 0 0 0 0 0 0 0 0 0 0 0 0 0 0 0 0 0 0 0 0 0 0 0 0 0 0 0 0 0 0 0 0 0 0 0 0 0 0 0 1
39 6545 30 0 0 0 0 0 0 0 0 0 0 0 0 0 0 0 0 0 0 2 1 0 0 0 0 1 0 0 0 0 0 0 0 0 0 0 0 0 5 7 0 8 0 1 0 0 0 0 0 0 0 1 0 0 0 1 0 2 15 11 18 0 0 0 0 0 0 1 0 4 2 0 0 0 0 0 0 0 1 0 0 0 0 0 0 0 0 0 0 0 2 0 0 0 0 0 0 0 0 0 0 0 0 0 0 0 0 0 0 0 0 0 0 0 0 0 1 0 0 0 0 0 0 3 0 0 0 0 2 91 18 0 16 0 0 1 0 0 0 0 0 0 53 0 1 0 0 0 0 0 0 0 2 0 0 0 0 0 0 0 0 0 9 0 2 0 0 0 0 10 15 4 0 0 1 0 0 0 0 0 0 0 0 0 0 0 0 1 0 1 0 0 0 0 0 2 5 0 0 0 0 0 0 0 0 0 0 0 0 0 0 0 0 3 1 0 0 0 0 0 0 0 0 0 0 0 0 0 0 0 0 0 0 0 1 0 0 0 0 0 0 0 0 0 0 1 1 0 5
40 7074 26 1 0 0 0 0 0 0 0 0 1 0 0 0 0 0 0 0 0 9 0 3 0 0 0 3 0 0 0 0 1 0 2 0 0 0 0 0 0 1 0 11 0 3 0 0 0 0 0 0 0 0 0 0 0 0 0 9 44 23 26 0 0 0 0 0 0 0 0 4 1 0 0 0 0 0 0 0 3 0 0 0 0 0 0 1 0 0 0 0 0 0 0 0 0 0 0 0 0 0 0 0 0 0 0 0 0 0 0 1 0 0 0 0 0 0 2 0 1 0 0 0 0 0 0 0 0 0 7 21 1 0 19 0 0 0 0 0 0 0 0 0 25 0 0 0 0 0 0 0 0 0 0 0 0 0 0 0 0 0 0 0 1 0 1 2 0 0 0 3 9 5 0 0 5 0 1 0 0 0 0 0 0 0 0 0 0 0 0 0 0 0 0 0 0 0 3 0 0 0 0 0 0 0 0 0 0 0 0 0 0 0 0 0 0 0 0 0 0 0 0 0 0 0 0 0 0 0 0 0 0 1 0 0 0 0 0 0 0 0 0 0 0 0 0 0 0 0 1
41 5786 21 0 0 1 0 0 3 0 0 0 0 0 0 0 1 0 0 0 0 7 0 1 0 0 0 1 0 0 0 0 0 0 0 0 0 0 0 0 3 1 0 2 0 10 0 0 0 0 0 0 0 0 0 0 0 0 0 6 26 18 12 0 0 0 0 0 0 0 0 0 0 0 0 0 0 0 0 0 0 0 0 0 0 0 0 0 0 0 0 0 0 0 0 0 0 0 0 0 0 0 0 0 0 0 0 0 0 0 0 0 0 0 0 0 0 0 0 0 0 0 0 0 0 0 0 0 0 0 7 6 1 0 11 0 0 0 0 0 0 0 0 0 0 0 0 0 0 0 0 0 0 0 1 0 0 0 0 0 0 0 0 0 1 0 0 1 0 0 0 3 13 7 0 0 3 0 0 0 0 0 0 0 0 0 0 0 0 0 0 0 0 0 0 0 0 3 2 0 0 0 0 0 0 0 0 0 0 0 0 0 0 0 1 0 0 0 0 0 0 0 0 0 0 0 0 0 0 1 0 1 0 1 0 0 0 0 0 0 0 0 0 0 0 0 0 1 0 0 0
42 13586 167 5 0 0 0 1 4 31 0 2 0 0 0 0 9 0 0 1 0 27 0 6 3 0 0 9 0 0 0 0 0 0 0 0 0 0 0 0 12 41 0 33 0 81 0 0 0 0 0 0 0 1 0 0 1 0 0 38 64 52 71 0 0 0 0 0 0 0 1 6 0 0 0 1 0 0 0 0 3 0 0 0 0 0 0 1 0 1 2 0 0 0 0 0 0 0 0 0 2 0 3 0 0 0 0 1 0 0 0 7 0 0 0 0 0 1 0 0 0 0 0 0 1 5 0 0 0 0 33 149 74 7 138 1 1 0 0 0 0 0 0 0 2 0 9 0 0 0 0 0 0 2 0 1 0 0 0 0 0 0 0 0 7 0 0 1 4 0 0 4 63 14 0 0 9 0 0 0 0 0 0 0 0 0 0 0 1 0 0 0 0 0 0 0 0 2 17 0 0 0 0 3 0 0 0 0 0 0 0 0 0 0 0 0 1 1 0 1 0 0 0 0 0 0 9 4 0 0 0 1 0 2 0 0 4 0 0 0 0 0 0 0 0 0 0 2 0 0 6
43 13400 115 2 0 0 0 0 4 8 0 3 0 0 0 0 3 0 0 0 0 28 0 3 0 0 0 7 0 0 0 0 0 0 0 0 0 0 0 0 5 29 1 16 0 92 0 0 0 0 0 0 0 0 1 0 0 0 0 23 76 26 29 0 0 0 0 0 0 0 0 7 2 0 0 0 0 0 0 0 1 0 0 0 0 0 0 6 1 1 0 0 1 0 0 0 0 0 0 0 2 0 0 0 0 0 0 0 0 0 0 2 0 0 0 0 0 0 0 0 0 0 0 0 0 3 1 0 1 0 39 26 16 5 116 0 0 8 0 0 0 0 0 0 28 0 2 0 1 0 0 0 0 0 0 0 0 0 1 0 0 0 0 0 23 0 7 1 0 0 0 8 169 20 0 0 25 0 0 0 0 0 0 0 0 0 0 0 0 0 0 0 0 0 0 0 0 3 83 0 0 0 0 0 0 0 0 0 0 0 0 0 0 0 0 0 0 0 0 2 0 0 0 0 0 0 12 0 0 0 0 0 0 4 0 0 6 0 0 0 0 0 2 0 0 0 0 2 0 1 1
44 14023 123 1 0 0 0 0 6 1 0 0 0 0 1 0 1 0 0 0 0 9 0 2 0 0 0 7 0 0 0 0 2 0 0 0 0 0 0 0 12 9 0 15 0 21 0 0 0 0 0 0 0 5 0 0 0 0 0 22 100 74 52 0 0 0 0 0 0 0 4 3 8 0 1 0 0 0 0 0 8 0 0 0 1 0 0 0 0 0 0 0 0 0 0 0 0 0 0 0 1 1 0 0 3 0 0 0 0 0 0 0 0 0 0 0 0 0 0 0 1 0 0 0 1 5 0 0 0 0 30 62 23 2 154 2 0 3 0 0 0 0 0 0 3 0 7 0 0 0 0 0 0 0 0 0 0 0 0 0 0 0 4 0 5 0 0 5 1 0 0 2 72 40 0 0 20 0 1 0 0 0 0 0 0 0 0 0 0 0 0 0 0 4 0 0 0 4 26 0 0 0 0 0 1 0 0 0 0 0 0 0 0 0 0 0 0 0 0 1 0 0 0 0 0 0 5 2 0 0 1 0 0 0 0 0 0 0 0 0 0 0 0 0 0 0 0 0 0 0 1
45 12072 741 16 0 2 0 0 18 60 0 4 0 0 5 1 33 3 0 37 0 155 3 126 22 4 4 84 0 0 2 8 10 0 1 0 0 0 0 3 37 82 0 293 0 148 0 3 0 0 0 0 0 17 1 0 0 3 0 138 151 114 138 0 0 0 0 0 0 1 0 5 2 0 5 0 1 0 0 0 4 0 6 0 0 0 0 3 0 0 0 0 1 0 2 0 0 0 0 0 7 1 0 0 0 0 0 3 1 0 0 5 0 0 2 0 0 0 0 1 2 0 0 0 0 9 0 4 2 0 61 698 322 58 2419 6 0 3 8 0 0 4 1 0 56 18 24 0 17 4 20 6 0 175 7 3 0 0 24 0 0 0 1 0 64 9 3 33 2 0 22 44 550 109 0 0 21 0 0 0 0 0 0 0 0 0 0 0 1 4 1 0 0 0 6 0 0 25 710 0 0 0 0 0 0 0 0 0 0 0 0 0 1 0 3 0 1 0 3 38 0 0 0 0 1 0 32 13 3 33 0 2 0 16 0 0 7 0 0 0 0 0 0 5 0 0 0 4 4 2 27
46 12829 209 1 0 0 0 0 6 1 0 1 0 0 0 0 2 1 0 1 0 28 0 10 0 0 1 9 0 0 0 0 0 0 0 0 0 0 0 0 10 3 2 26 0 6 0 0 0 0 0 0 0 1 0 0 1 0 0 27 63 39 67 0 0 0 0 0 0 0 0 4 3 0 0 1 0 0 0 0 3 0 0 0 0 0 0 2 0 0 0 0 1 0 0 0 0 0 0 0 0 0 0 0 0 0 0 0 1 0 0 1 0 0 0 0 0 0 0 0 0 0 0 0 0 2 0 0 0 0 30 79 58 14 137 0 2 0 3 0 0 0 0 0 5 0 3 0 0 0 4 0 0 5 0 5 0 0 0 0 0 0 0 0 9 0 1 6 0 0 0 3 62 21 0 0 21 0 0 0 0 0 0 0 0 0 0 0 0 0 0 0 0 0 0 0 0 4 38 0 0 0 0 0 0 0 1 0 0 0 0 0 0 0 3 0 1 4 0 2 0 0 0 0 0 0 2 0 0 0 0 0 0 6 0 0 1 0 0 0 0 0 0 0 0 0 0 5 0 0 11
47 12259 303 1 0 0 0 0 17 5 1 0 3 0 0 0 4 0 0 3 0 38 0 15 9 2 1 15 0 0 0 0 1 0 0 0 0 0 0 0 22 5 0 81 1 16 0 0 0 0 0 0 1 6 0 0 0 0 1 48 102 74 96 0 0 0 0 0 0 2 0 11 3 0 0 0 0 0 1 0 20 0 1 0 3 0 0 0 0 1 0 0 0 0 0 0 0 0 0 0 1 2 0 0 1 0 0 0 0 0 0 0 0 1 0 0 0 0 0 0 2 0 0 0 0 2 1 0 2 0 41 114 119 47 148 1 0 4 1 0 0 0 0 0 5 2 8 0 1 0 2 0 0 0 4 1 0 0 0 0 0 0 0 0 1 0 1 2 0 0 1 10 80 32 0 0 20 0 5 0 3 0 0 0 0 0 0 0 0 2 0 2 0 0 1 2 0 13 66 0 0 0 0 0 0 0 0 0 0 0 0 0 0 0 0 2 0 0 0 5 0 0 0 0 0 0 1 0 1 3 0 0 0 5 0 0 2 2 0 0 0 0 0 6 0 0 1 6 0 0 17
48 14679 76 1 0 0 0 0 0 9 0 6 0 0 0 0 1 0 0 0 0 11 0 4 0 0 0 3 0 0 0 0 0 0 0 0 1 0 0 0 2 5 0 8 0 45 0 0 0 0 0 0 0 3 0 0 0 0 0 33 51 32 23 0 0 0 0 0 0 1 0 1 1 0 0 0 1 0 0 0 4 0 0 0 0 0 0 0 0 0 0 0 0 0 0 0 0 0 0 0 0 0 0 0 3 0 0 0 1 0 0 0 0 0 0 0 0 0 0 0 0 0 0 0 0 0 0 0 0 0 18 18 1 0 38 0 0 4 1 0 0 0 0 0 6 0 8 0 0 0 0 0 0 0 0 0 0 0 1 0 0 0 0 0 4 0 0 3 0 0 4 5 87 9 0 0 5 0 0 0 0 0 0 0 0 0 0 0 0 0 1 0 0 0 0 0 0 4 27 0 0 0 0 0 0 0 0 0 0 0 0 0 0 0 0 0 0 0 0 1 0 0 0 0 0 0 1 0 0 0 0 0 0 4 0 0 8 0 0 1 0 0 1 0 0 0 0 0 0 0 7
49 13307 101 2 0 0 0 0 4 8 0 0 0 0 0 0 7 0 0 0 0 24 0 3 0 0 0 1 0 0 5 0 0 0 0 0 1 0 0 0 4 9 0 19 0 63 0 0 0 0 0 0 0 2 0 0 1 0 0 26 46 19 18 0 0 0 0 0 0 0 0 0 2 0 0 0 0 0 0 0 0 0 0 0 0 0 0 1 0 0 0 0 0 0 0 0 0 0 0 0 1 0 0 0 0 0 0 0 1 0 0 2 0 3 0 0 0 0 0 0 0 0 0 0 0 1 0 0 1 0 27 14 27 3 96 5 0 0 0 0 0 0 0 0 1 0 5 0 0 0 0 0 0 0 0 0 0 0 0 0 0 0 0 0 13 0 0 0 0 0 3 7 82 13 0 0 13 0 0 0 0 0 0 0 0 0 0 0 0 0 0 1 0 0 0 0 0 0 31 0 0 0 0 0 0 0 0 0 0 0 0 0 0 0 0 0 0 0 0 5 0 0 0 0 0 1 5 0 0 0 1 0 0 3 0 0 6 0 0 0 0 0 0 0 0 0 0 0 0 0 1
50 12961 208 0 0 0 2 1 7 4 0 0 0 0 0 0 16 0 0 1 0 53 0 12 7 0 0 16 0 0 0 0 0 0 0 0 0 0 0 2 13 22 0 60 0 69 0 8 0 0 0 0 0 6 0 1 0 0 0 41 102 75 80 0 0 0 0 0 0 0 0 8 9 0 0 0 0 0 0 0 3 0 0 0 0 0 0 1 0 1 3 0 0 0 0 0 0 0 0 0 4 0 1 0 0 0 6 1 0 0 1 2 0 0 0 0 0 0 0 0 0 1 0 0 0 2 1 0 0 1 35 77 51 42 163 0 1 4 3 0 0 1 0 0 7 0 5 0 1 0 0 0 0 2 0 2 0 0 2 0 0 4 0 0 24 0 4 4 0 0 2 4 106 31 0 0 19 0 1 0 0 0 0 0 0 0 0 0 0 0 0 0 0 0 2 0 0 8 43 0 0 0 0 0 0 0 0 0 0 0 0 0 0 0 0 0 4 9 0 1 0 0 1 0 0 0 7 3 1 0 0 0 0 0 0 0 4 1 0 0 0 0 0 0 0 0 0 3 1 0 8
51 13332 73 2 0 0 0 0 5 7 0 0 0 0 0 0 4 0 0 0 0 46 0 7 0 0 0 5 0 0 0 0 0 0 0 0 0 0 0 3 5 12 2 29 0 105 0 1 0 0 0 0 0 7 0 0 0 6 0 29 49 30 50 0 0 0 0 0 0 0 0 10 3 0 0 0 0 0 0 0 16 0 0 0 0 2 0 1 0 1 0 0 0 0 0 0 0 0 0 0 0 0 0 0 0 0 0 0 0 0 0 1 0 0 0 0 0 0 0 0 0 0 0 0 0 3 0 0 0 0 19 148 12 14 218 0 1 0 0 0 0 0 0 0 41 1 2 0 0 0 0 0 0 0 4 0 0 0 0 0 0 0 0 0 4 0 0 6 0 0 5 4 135 17 0 0 14 6 0 0 0 0 0 0 0 0 0 0 0 0 0 0 0 0 1 1 0 4 45 0 0 0 0 0 0 0 0 0 0 0 0 0 0 0 0 0 0 5 0 1 0 0 0 0 0 0 0 0 0 0 0 1 0 0 0 0 0 0 0 0 0 0 1 0 0 0 2 3 0 0 0
52 12944 148 2 0 0 0 0 4 13 0 3 0 0 0 0 5 0 0 0 0 73 0 11 0 2 0 4 0 0 0 0 0 3 0 0 1 0 0 4 5 46 0 38 0 142 0 1 2 5 0 0 0 6 0 0 1 2 0 52 112 85 43 0 0 0 0 2 1 0 0 1 2 1 1 0 0 0 0 0 3 0 0 0 0 0 0 1 1 0 0 0 1 0 0 0 0 0 0 0 3 0 0 0 0 0 0 0 0 0 0 2 0 0 0 0 0 0 0 0 0 0 0 0 0 1 0 0 0 0 52 130 19 18 139 0 0 4 0 0 1 0 0 0 32 0 2 0 2 0 0 1 0 2 1 0 0 0 5 0 0 0 0 0 22 1 5 2 0 0 3 16 260 32 0 0 29 0 0 0 0 0 0 0 0 0 0 0 0 0 0 0 0 0 1 0 0 7 153 0 0 0 0 0 0 0 0 0 0 0 0 0 0 0 0 4 0 0 0 5 0 0 0 0 0 0 13 15 0 0 1 0 0 0 0 0 1 1 0 0 0 0 0 0 0 0 1 19 0 0 6
53 15651 115 9 0 0 0 0 1 4 0 0 0 0 0 0 2 0 0 0 0 18 0 1 3 1 0 5 0 0 0 1 2 0 0 0 0 0 0 1 7 9 0 15 0 54 0 1 0 0 0 0 0 2 0 0 1 1 0 19 37 26 42 0 0 0 0 0 0 0 1 5 0 0 0 0 0 0 0 0 6 0 0 0 2 0 0 1 0 0 0 0 0 0 0 0 0 0 0 0 2 0 0 0 0 0 0 2 0 0 0 0 0 0 0 0 0 0 0 0 0 0 0 0 0 3 1 2 0 1 28 307 36 6 97 0 0 0 3 0 0 0 0 0 78 0 0 0 0 0 0 0 0 1 2 0 0 0 0 0 0 0 0 0 8 0 0 4 0 0 0 5 43 25 0 0 9 0 1 0 0 0 0 0 0 0 0 0 0 0 0 0 0 0 1 0 0 1 46 0 0 0 0 0 0 0 0 0 0 0 0 0 0 0 0 0 1 1 0 3 0 0 0 0 0 0 9 0 0 0 0 1 0 4 0 0 0 0 0 1 0 0 0 0 0 0 0 2 0 0 9
54 12255 524 12 0 5 0 2 13 26 0 3 0 0 1 0 11 1 0 0 0 76 0 20 4 4 0 19 0 0 5 1 7 0 0 0 0 0 0 1 28 26 4 152 1 102 0 0 0 0 0 0 0 2 0 0 0 0 0 95 173 169 182 1 1 0 0 0 0 1 3 19 6 0 1 1 1 0 0 0 17 0 1 0 1 0 0 1 0 1 0 0 1 0 5 0 0 0 0 1 3 2 4 0 1 0 0 2 1 1 0 2 0 0 0 0 2 0 0 1 2 0 0 0 0 13 3 0 3 0 110 266 181 133 200 17 1 4 1 0 1 0 0 0 32 0 4 0 5 0 6 3 0 11 0 5 0 0 13 0 0 3 0 1 28 0 6 4 0 0 2 22 389 107 0 1 61 6 0 0 0 0 0 0 0 0 0 0 1 3 0 0 1 0 20 5 0 36 259 3 0 1 0 0 0 0 0 0 0 0 0 0 0 0 0 0 0 0 0 17 3 0 0 0 0 0 49 7 0 0 0 0 0 15 0 0 33 1 0 0 1 0 10 0 0 0 0 2 0 0 16
55 10475 235 6 0 7 0 0 8 73 0 0 0 0 1 3 19 0 0 1 0 98 0 9 4 10 0 24 0 0 5 2 3 2 0 0 0 0 0 8 13 164 3 60 0 347 0 3 0 1 0 0 0 23 0 0 1 0 0 142 143 182 90 0 1 0 0 0 0 1 1 11 7 0 1 2 0 0 0 0 8 0 0 0 0 0 0 2 1 3 0 0 1 0 1 0 0 0 0 0 6 3 0 0 0 0 0 0 1 0 0 4 0 4 0 0 1 0 0 0 3 0 0 0 0 0 0 1 0 0 69 270 101 37 346 17 0 3 1 0 0 0 0 0 68 0 21 0 0 0 0 13 0 11 4 12 0 0 1 3 0 0 0 0 53 0 5 3 2 0 6 13 1368 125 0 0 94 3 1 0 0 0 0 0 0 0 0 0 0 8 0 0 0 0 21 1 0 21 258 0 0 0 0 0 0 0 0 0 0 0 0 0 0 0 1 0 0 0 0 19 0 0 0 0 0 0 49 6 0 0 2 0 0 5 0 41 11 0 0 0 0 0 18 0 1 0 0 14 0 0 23
56 14276 237 39 0 0 0 0 3 26 0 1 0 0 0 0 6 0 0 0 0 80 0 2 1 0 0 11 0 0 0 1 0 0 0 0 0 0 0 0 18 23 0 58 0 159 0 1 0 0 0 0 0 2 0 2 1 1 0 37 91 41 58 0 0 0 3 0 0 2 0 11 5 0 0 0 0 0 1 0 2 0 0 0 0 0 0 1 0 2 0 0 0 0 1 0 0 0 0 0 2 0 0 0 0 0 0 0 0 0 0 2 0 0 0 0 0 0 0 0 0 0 0 0 0 0 0 0 2 0 19 156 50 15 131 1 2 1 0 1 0 1 0 0 19 0 12 0 4 0 4 1 0 4 3 0 0 0 3 1 0 0 0 0 39 0 4 0 0 0 0 6 218 31 0 0 14 0 1 0 0 0 0 0 0 0 0 0 0 0 0 0 0 0 0 0 0 8 86 0 0 0 0 0 0 0 0 0 1 0 0 0 0 0 1 0 0 0 0 4 0 0 0 0 0 0 8 0 0 0 0 0 0 0 0 0 3 0 0 0 0 0 0 0 0 0 0 41 1 0 12
57 12447 143 2 0 1 0 0 0 7 0 0 0 0 0 0 3 0 0 1 0 29 0 6 0 0 0 8 0 0 0 1 2 0 0 0 0 0 0 0 3 11 0 15 0 25 0 0 0 0 0 0 0 1 0 0 0 0 0 15 62 54 32 0 0 0 0 0 0 0 0 7 1 0 0 0 0 0 0 0 0 1 0 0 0 0 0 1 0 1 0 0 0 0 0 0 0 0 0 0 0 0 0 0 0 0 0 0 0 0 0 1 0 0 0 0 0 0 0 0 0 0 0 0 0 0 0 0 0 0 21 131 7 1 50 0 1 3 0 0 0 0 0 0 18 0 1 0 1 0 0 1 0 1 4 5 0 0 0 0 0 0 0 0 0 0 0 3 1 0 5 1 84 9 0 0 33 0 0 0 0 0 0 0 0 0 0 0 1 0 0 0 1 0 0 0 0 1 34 0 5 0 0 0 0 0 0 0 0 0 0 0 0 0 0 0 0 0 0 1 0 0 0 0 0 0 0 0 0 0 0 0 0 0 0 0 4 0 0 0 0 0 0 0 0 0 0 1 0 0 3
58 12345 267 1 0 0 0 0 11 3 0 0 0 0 1 0 6 0 0 0 0 37 0 16 5 1 0 17 0 0 1 0 4 0 0 0 1 0 0 0 19 15 2 60 0 26 0 1 0 0 0 0 0 1 0 1 0 0 0 48 65 75 105 0 0 0 0 0 0 0 0 5 1 0 0 1 0 0 0 0 6 0 0 0 0 0 0 4 0 0 0 0 0 0 0 0 0 0 0 0 0 0 1 0 1 0 1 1 0 0 0 0 0 0 1 1 0 0 0 0 0 0 0 0 0 3 0 0 1 0 21 115 45 24 141 5 2 0 9 0 1 0 0 0 6 0 5 0 7 1 5 2 0 3 2 0 0 0 0 0 0 1 0 0 8 1 0 3 0 0 5 8 88 23 0 0 13 0 0 0 0 0 0 0 0 0 0 0 0 1 0 0 0 0 0 0 0 5 72 0 0 0 0 0 0 0 0 0 0 1 0 0 0 0 0 0 0 2 0 1 0 0 0 0 0 0 12 3 0 0 0 1 0 2 0 0 0 1 0 0 0 0 0 0 0 0 0 2 0 0 8
59 13955 63 2 0 4 1 0 3 6 0 0 0 0 0 0 7 0 0 1 0 39 0 4 0 1 0 2 2 0 0 0 1 0 0 0 0 0 0 0 2 26 0 9 0 167 0 0 0 0 0 0 0 1 0 0 0 3 0 46 40 58 41 0 0 0 0 0 0 0 0 4 0 0 0 0 0 0 0 0 1 0 0 0 0 0 0 0 0 0 0 0 0 0 0 0 0 0 0 0 3 1 0 0 0 0 0 0 0 0 0 1 0 0 0 0 0 1 0 0 0 0 0 0 0 2 0 0 1 0 23 123 3 20 57 1 0 0 0 0 0 0 0 0 11 0 4 0 1 0 0 0 0 2 0 0 0 0 0 0 0 0 0 0 9 0 0 0 0 0 1 4 211 10 0 0 11 0 0 0 0 0 0 0 0 0 0 0 0 0 3 0 0 0 0 0 0 6 26 0 0 0 0 2 0 0 0 0 0 0 0 0 0 0 2 0 0 0 0 2 0 0 0 0 0 0 6 2 0 0 0 1 0 0 0 0 1 1 0 0 0 0 0 0 0 0 0 3 0 0 3
60 14833 153 3 0 0 0 0 6 6 0 0 0 0 0 0 6 0 0 0 0 42 0 3 2 0 0 3 0 0 1 12 1 0 0 0 0 0 0 0 4 5 0 25 0 69 0 6 0 0 0 0 0 12 0 0 0 0 0 27 119 106 56 0 1 0 0 0 0 0 0 10 0 0 0 0 0 0 0 0 18 0 0 0 0 0 0 1 0 0 0 0 0 0 0 0 0 0 0 0 1 0 1 0 0 0 0 0 0 0 0 0 0 0 0 0 0 0 0 0 1 0 0 0 0 0 0 0 0 0 53 221 14 18 182 6 2 1 0 0 0 0 0 0 13 1 3 0 1 0 1 0 0 0 0 0 0 0 1 0 0 0 4 0 29 0 1 8 0 0 0 16 141 17 0 0 21 0 0 0 0 0 0 0 0 0 0 0 0 0 0 0 0 0 0 0 0 13 114 0 0 0 0 0 0 0 0 0 0 0 0 0 0 0 0 0 1 0 0 5 0 0 0 0 0 0 17 0 0 0 0 0 0 5 0 0 0 1 0 2 0 0 0 0 0 0 1 1 0 0 14
61 9736 485 24 0 12 0 0 8 55 0 0 2 0 1 0 8 0 0 2 0 123 0 11 3 4 0 15 0 0 5 24 3 0 0 0 0 0 0 8 10 185 10 85 0 255 0 0 1 0 0 1 0 10 0 0 0 0 0 132 316 361 151 0 0 0 0 0 0 4 0 29 32 0 0 0 0 0 0 0 11 0 1 0 1 0 0 4 0 0 0 1 3 0 2 0 0 0 0 3 4 2 2 0 2 0 0 0 0 19 1 4 0 0 0 1 0 1 0 0 1 0 0 1 3 20 0 1 0 0 124 347 234 309 562 34 0 9 6 0 0 2 1 0 19 1 38 0 1 3 2 13 0 16 1 21 0 0 41 0 0 2 0 3 66 4 1 11 1 0 12 25 1037 191 0 2 165 2 0 0 0 0 0 0 0 1 0 0 1 7 0 0 3 1 75 5 0 54 1003 11 4 0 0 0 0 0 0 0 0 0 0 2 0 0 1 0 0 0 1 50 0 0 0 0 0 0 114 3 6 0 0 1 0 14 0 1 33 11 1 0 1 0 43 0 0 0 0 2 0 0 55
62 8077 259 10 0 0 0 1 9 44 0 7 1 0 0 0 8 0 0 2 0 99 0 15 1 4 0 28 0 0 6 10 7 0 0 0 0 0 0 8 34 53 11 146 0 58 0 1 8 2 0 0 0 12 0 0 0 0 0 150 515 629 198 0 0 0 0 0 1 3 4 36 45 0 0 1 0 0 0 0 7 0 1 1 0 0 0 5 0 1 0 0 0 0 3 0 0 0 0 2 13 1 0 1 3 0 1 1 2 0 5 2 0 1 0 3 0 0 0 0 2 0 2 0 1 12 0 1 2 1 196 189 217 174 644 28 0 18 6 0 0 1 0 0 15 3 56 0 4 0 7 24 0 43 3 4 0 0 31 0 0 3 0 3 46 2 0 7 2 0 26 52 1647 258 0 0 312 0 4 0 0 0 0 0 0 0 2 0 0 2 6 0 0 0 330 86 0 104 1335 3 6 0 0 1 0 0 0 0 0 0 0 1 0 0 2 0 0 0 0 30 0 0 0 0 0 0 232 22 1 1 2 1 0 5 0 1 60 12 0 4 10 0 163 11 0 0 0 11 0 0 58
63 14256 398 1 0 1 0 2 16 16 0 8 0 0 2 3 19 2 0 6 0 153 0 36 2 14 1 51 0 0 0 7 15 0 0 0 0 0 0 0 56 58 0 180 0 130 0 4 0 0 0 0 0 15 0 0 0 1 0 116 209 184 135 0 1 0 0 4 0 1 1 16 14 0 0 0 0 0 0 0 15 0 0 0 1 0 0 4 0 0 0 0 0 0 1 0 0 0 0 2 9 1 0 0 1 0 0 3 3 0 0 12 0 1 0 0 0 0 0 0 2 0 0 0 1 6 2 0 1 1 87 255 69 17 473 7 0 2 0 0 0 0 2 0 17 0 12 0 15 0 4 6 0 23 3 4 0 0 5 0 0 2 0 0 16 2 0 23 1 0 9 18 333 94 0 0 74 0 0 0 1 0 0 0 0 0 0 1 0 0 0 1 0 0 9 6 0 16 468 1 6 0 0 0 0 0 0 0 0 0 0 1 3 1 0 0 0 0 0 12 0 0 0 0 0 0 41 9 1 5 0 2 0 5 0 0 12 4 0 4 0 0 3 2 1 0 0 5 0 0 29
64 18447 151 2 0 2 0 0 0 61 0 2 0 0 0 0 0 0 0 2 0 59 0 1 1 0 0 3 0 0 0 0 2 0 0 0 0 0 0 0 6 82 1 43 0 259 0 0 0 0 0 0 0 2 0 0 1 0 0 76 167 117 79 0 0 0 0 0 0 0 0 14 3 0 0 0 0 0 0 0 5 0 0 0 0 0 0 3 0 0 0 0 0 0 0 1 0 0 0 0 2 0 0 0 1 0 0 0 0 0 1 1 0 0 0 0 0 0 0 0 0 0 0 0 0 1 1 0 0 0 48 39 23 20 124 0 0 0 1 0 0 0 0 0 4 5 6 0 1 0 0 0 0 12 0 3 0 0 0 0 0 0 0 0 16 0 0 4 0 0 0 8 205 43 0 0 24 0 2 0 0 0 0 2 0 0 0 0 0 0 0 0 5 0 5 0 0 19 56 0 0 0 0 0 3 0 0 0 0 0 0 0 0 0 0 0 0 1 0 2 0 0 0 0 0 0 3 3 0 0 0 0 0 1 0 0 0 1 0 1 0 0 0 0 0 0 0 2 0 0 9
65 10572 402 8 0 0 0 0 13 27 1 1 0 0 3 0 11 0 0 0 0 71 0 24 1 0 1 23 0 0 0 0 4 0 0 0 0 0 0 0 25 17 1 138 0 73 0 3 0 0 0 0 0 2 0 0 0 0 0 58 162 154 117 1 0 0 0 0 0 0 0 9 5 0 0 1 0 0 1 0 7 0 0 0 0 0 0 1 0 3 0 0 3 0 0 0 0 0 0 0 3 0 0 0 5 0 0 2 0 0 0 7 0 0 0 0 0 0 0 0 1 0 0 0 0 7 1 1 3 0 68 92 77 12 169 9 0 2 0 0 0 1 1 0 6 0 7 0 5 1 0 0 0 3 1 0 0 0 2 0 0 0 0 0 16 0 2 1 0 0 1 10 171 68 0 0 51 0 0 0 0 0 0 0 0 0 0 0 0 0 1 0 0 0 12 0 0 21 145 0 0 0 0 0 0 0 0 0 0 0 0 0 0 0 0 0 1 2 0 2 0 0 0 0 0 0 14 3 0 0 0 0 0 8 0 0 2 0 0 0 0 0 2 0 0 0 0 3 0 0 26
66 14454 210 6 0 1 0 0 8 20 0 3 0 0 0 0 12 0 0 5 0 54 0 9 1 4 0 11 0 0 0 6 1 0 0 0 0 0 0 2 9 26 0 39 0 199 0 0 0 0 0 0 0 9 1 0 0 1 0 51 91 93 51 0 0 0 0 0 0 0 0 5 3 3 0 0 0 0 0 0 10 0 0 0 0 0 0 0 0 1 0 0 0 0 0 0 0 0 0 4 6 0 2 0 0 0 0 0 1 0 2 0 0 0 0 0 1 0 0 0 2 0 0 0 1 1 0 0 0 1 40 94 32 18 158 2 2 1 0 0 2 0 0 0 32 1 11 0 3 0 6 0 0 4 0 0 0 0 0 2 0 0 0 1 19 0 7 2 0 0 2 11 276 33 0 0 31 0 0 0 0 0 0 0 0 0 0 0 0 0 0 0 1 0 4 1 0 12 190 0 0 0 0 0 0 0 0 0 0 0 0 0 0 0 0 0 0 0 0 6 0 0 0 0 0 0 26 0 2 0 0 0 0 15 0 1 6 0 0 1 0 0 0 0 0 0 0 0 0 0 14
67 15348 145 10 0 1 0 0 3 13 0 2 0 0 0 0 1 0 0 0 0 33 0 4 0 0 0 11 0 0 0 0 4 0 0 0 0 0 0 0 2 11 0 23 0 110 0 0 0 0 0 0 0 4 0 0 1 0 0 18 67 43 29 0 0 0 1 0 0 0 0 1 1 0 0 0 0 0 0 0 1 0 0 0 1 0 0 0 0 0 0 0 0 0 0 0 0 0 0 0 2 0 0 0 0 0 0 0 0 0 0 0 0 0 0 0 0 0 0 0 1 0 0 0 0 0 0 0 0 0 22 118 11 9 67 1 0 0 0 0 0 0 0 0 15 0 0 0 0 0 1 0 0 0 0 0 0 0 2 0 0 0 0 0 4 0 0 1 3 0 4 6 138 26 0 0 13 0 0 0 0 0 0 0 0 0 0 0 0 0 0 0 0 0 10 0 0 8 55 0 0 0 0 0 0 0 0 0 0 0 0 0 0 0 0 0 1 0 0 5 0 1 0 0 0 0 24 10 0 0 15 0 0 12 0 0 1 1 0 0 0 0 0 0 0 0 0 3 0 0 3
68 12617 318 9 0 7 0 0 3 9 1 0 0 0 0 0 12 0 0 0 0 70 0 7 2 1 0 19 0 0 5 0 1 0 1 0 0 0 0 0 15 20 1 81 0 52 0 0 0 0 0 0 0 1 0 0 0 1 0 35 140 141 116 0 0 0 0 0 0 1 0 20 6 0 1 0 0 0 0 0 12 0 0 0 0 0 0 6 0 1 0 0 2 0 0 0 0 0 0 0 0 0 1 0 0 0 1 0 0 0 0 1 0 0 0 0 0 0 0 0 2 0 0 0 1 3 2 0 0 0 69 124 68 23 235 2 0 3 0 0 0 0 1 0 3 0 10 0 1 0 2 4 0 2 0 15 0 0 1 0 0 0 0 0 19 0 0 10 0 0 13 16 154 37 0 0 44 0 0 0 0 0 0 0 0 0 1 0 0 0 1 1 0 0 1 0 0 6 96 0 0 0 0 0 0 0 0 0 0 0 0 0 0 0 0 0 2 0 0 10 0 0 0 0 0 0 23 3 1 0 0 0 0 9 0 0 6 1 0 0 0 0 0 0 0 0 0 2 0 0 8
69 13603 104 3 0 0 0 0 1 2 0 1 0 0 0 0 5 0 0 4 0 7 0 0 0 0 1 9 0 0 0 0 0 0 0 0 0 0 0 0 3 3 0 18 0 48 0 0 0 0 0 0 0 1 0 0 0 0 0 27 38 20 18 0 0 0 0 0 0 3 3 5 3 0 3 0 0 0 0 0 2 0 0 0 0 0 0 2 0 0 0 0 0 0 0 0 0 0 0 0 0 0 0 0 0 0 0 0 0 0 0 0 0 2 0 0 0 0 0 0 0 0 0 0 2 0 0 0 2 0 12 48 25 4 150 0 0 0 0 0 0 0 0 0 5 0 2 0 3 0 0 0 0 0 4 11 0 0 0 0 0 0 0 0 8 0 0 4 0 0 0 4 62 14 0 0 8 0 0 0 0 0 0 0 0 0 0 0 0 0 0 0 0 0 1 0 0 6 43 0 0 0 0 0 0 0 0 0 0 0 0 0 0 0 0 0 8 0 0 3 0 0 0 0 0 0 4 1 0 0 0 0 0 1 0 0 3 0 0 0 0 0 1 0 0 0 0 1 0 0 3
70 11665 145 1 0 4 0 0 8 3 0 7 0 0 0 0 4 0 0 3 0 33 0 2 6 3 0 12 0 0 0 0 3 0 0 0 0 0 0 0 19 6 0 49 0 16 0 2 0 0 0 0 0 0 0 0 0 0 0 30 30 43 73 0 1 0 0 0 0 0 0 7 0 0 0 1 0 0 0 0 9 0 0 0 0 0 0 0 0 0 0 0 0 0 0 0 0 0 0 1 0 0 0 0 0 0 0 0 0 0 2 1 0 0 0 0 0 1 0 0 0 0 0 0 1 5 0 0 1 0 31 230 55 10 156 3 3 0 9 0 0 0 0 0 2 0 7 0 2 0 0 0 0 0 0 0 0 0 1 0 0 0 0 0 20 1 0 1 0 0 0 5 37 10 0 0 4 0 0 0 1 0 0 0 0 0 0 0 0 0 0 0 0 0 0 0 0 4 78 1 0 0 0 0 0 0 0 0 0 0 0 0 0 0 0 0 0 1 0 8 0 0 0 0 0 0 3 3 0 0 0 8 0 3 0 0 0 0 0 0 5 0 0 0 0 0 0 2 0 0 20
71 15081 111 4 0 0 0 0 4 5 0 0 0 0 0 0 10 0 0 0 0 43 0 4 1 1 0 2 0 0 0 2 0 0 0 0 0 0 0 0 5 12 0 31 0 101 0 0 0 0 0 0 0 3 0 0 0 1 0 36 92 48 43 0 0 0 0 0 0 0 0 3 0 0 1 0 0 0 0 0 2 0 0 0 0 0 0 0 1 1 0 0 0 0 0 0 0 0 0 0 1 0 0 1 0 0 0 0 1 0 0 2 0 0 0 0 0 0 0 0 3 0 0 0 0 0 1 0 0 1 34 275 29 15 270 0 0 12 0 0 0 0 0 0 83 0 0 0 0 0 0 0 0 1 4 0 0 0 5 3 0 0 0 0 6 0 0 3 1 0 0 15 222 8 0 0 27 0 0 0 0 0 0 0 0 0 0 0 2 0 1 0 0 0 2 0 0 5 26 0 0 0 0 0 0 0 0 3 0 0 0 0 0 0 0 0 0 0 0 6 0 0 0 0 0 0 5 1 0 0 0 0 0 8 0 0 2 0 0 0 0 0 1 0 0 0 0 3 0 0 10
72 11604 115 0 0 0 0 0 3 7 0 0 0 0 0 0 4 0 0 0 0 21 0 6 3 0 0 5 0 0 0 0 0 0 0 0 0 0 0 1 12 2 0 36 0 19 0 0 0 0 0 0 0 5 0 0 0 1 0 21 19 24 25 0 0 0 0 0 0 0 0 3 0 0 0 0 0 0 0 0 3 0 0 0 0 0 0 0 0 0 0 0 0 0 0 0 0 0 0 0 0 1 1 0 1 0 0 1 0 0 0 0 0 0 0 0 0 0 0 1 1 0 0 0 0 1 0 0 0 0 20 19 4 14 51 0 0 2 2 0 0 0 0 0 3 0 0 0 1 0 0 0 0 1 1 0 0 0 1 0 0 0 0 0 0 0 2 5 0 0 0 3 6 6 0 0 3 0 0 0 0 0 0 0 0 0 0 0 0 0 0 0 0 0 0 0 0 2 5 0 0 0 0 0 0 0 0 0 0 0 0 0 0 0 0 0 0 0 0 0 0 0 0 0 0 0 0 0 0 1 0 0 0 2 0 0 0 0 1 0 0 0 0 0 0 0 0 0 0 0 1
73 12514 106 1 0 0 0 0 6 24 0 0 0 0 0 0 1 0 0 0 0 11 0 4 2 1 0 17 0 0 0 0 1 0 0 0 0 0 0 0 17 10 0 36 0 39 0 0 0 0 0 0 0 6 0 0 0 0 1 25 37 25 39 0 0 0 0 0 0 0 0 2 0 0 0 0 0 0 0 0 7 0 0 0 0 0 0 3 0 0 0 0 0 0 0 0 0 0 0 0 0 0 0 0 2 0 0 0 1 0 0 0 0 0 1 0 0 0 0 0 1 0 0 0 0 1 1 0 0 0 19 18 4 5 48 0 0 0 0 0 0 0 0 0 5 0 5 0 0 0 0 0 0 1 0 0 0 0 0 0 0 0 0 0 6 0 0 9 0 0 1 3 25 16 0 0 2 0 0 0 0 0 0 0 0 0 0 0 0 0 0 0 0 0 0 0 0 1 21 0 0 0 0 0 0 0 0 0 0 0 0 0 0 0 4 3 0 0 0 1 0 0 1 0 0 0 0 5 0 0 0 2 0 1 1 0 3 0 0 0 1 0 0 0 0 0 0 0 0 0 8
74 10552 176 6 0 0 0 0 4 5 0 0 0 0 0 0 4 0 0 0 0 21 0 7 3 0 0 9 0 0 0 0 2 0 0 0 0 0 0 4 4 8 0 36 0 31 0 0 0 0 0 0 0 2 0 0 0 0 0 17 25 22 37 0 0 0 0 0 0 0 0 4 0 0 0 0 0 0 0 0 9 0 0 0 0 0 0 0 3 0 0 0 2 0 3 0 0 0 0 0 1 0 1 0 0 0 0 0 0 0 0 0 0 0 0 0 0 0 0 0 0 0 0 0 0 0 0 0 0 0 19 90 9 10 70 0 0 0 1 0 0 0 0 0 2 0 0 0 0 0 0 0 0 0 0 0 0 0 0 0 0 0 0 0 9 0 0 4 0 0 0 2 16 5 0 0 7 0 0 0 0 0 0 0 0 0 0 0 0 0 0 0 0 0 0 0 0 1 28 0 0 0 0 0 0 0 0 0 0 0 0 0 0 0 0 0 0 0 0 3 0 1 0 0 0 0 0 2 0 0 0 0 0 1 2 0 0 0 0 0 0 0 0 0 0 0 0 0 0 0 0
75 10767 135 3 0 0 0 0 2 59 0 1 0 0 0 0 12 1 0 0 1 50 2 2 1 0 0 11 0 0 0 0 2 0 3 0 0 0 0 0 3 21 0 84 0 245 0 0 0 0 0 0 0 5 0 0 0 0 0 55 54 33 48 0 0 0 0 0 1 0 0 1 0 0 0 0 0 0 0 0 1 0 0 0 0 0 0 1 0 0 0 0 0 0 0 0 0 0 0 2 0 0 0 0 0 0 0 0 0 1 0 1 0 0 0 0 0 0 0 0 1 0 0 0 0 3 0 0 1 0 23 57 7 22 22 0 0 2 0 0 0 0 0 0 16 0 2 0 3 0 0 0 0 2 0 0 0 0 0 0 0 0 0 0 6 0 0 8 3 0 0 3 26 16 0 0 6 0 1 0 0 0 0 0 0 0 0 0 1 0 0 0 0 0 0 0 0 0 21 0 0 0 0 0 0 0 0 0 0 0 0 0 0 0 0 0 0 0 0 1 1 0 0 0 0 0 5 0 0 0 0 0 0 2 0 0 0 0 0 0 0 0 0 0 0 0 0 2 0 0 6
76 11230 151 0 0 3 0 1 4 4 0 1 0 0 4 1 3 1 0 1 0 20 0 5 1 0 0 2 0 0 0 0 1 0 0 0 0 0 0 0 9 9 0 44 1 59 0 0 0 0 0 0 0 1 0 0 0 0 0 39 43 35 45 0 0 0 0 0 0 1 0 3 1 0 0 2 0 0 0 0 6 0 0 0 0 0 0 0 0 0 0 0 1 0 0 0 0 0 0 0 1 0 0 0 1 0 0 0 0 0 0 4 0 0 0 0 0 0 0 0 1 0 0 0 0 0 0 1 0 0 33 26 2 27 49 1 0 1 4 0 0 0 0 0 3 1 0 0 0 0 0 0 0 0 2 7 0 0 1 0 0 0 0 0 19 0 0 9 0 0 6 5 39 12 0 0 5 0 0 0 0 0 0 0 0 0 0 0 0 0 0 0 0 0 0 0 0 0 35 0 0 0 0 0 0 0 0 0 0 0 0 0 0 0 0 1 0 3 0 0 1 0 0 0 0 0 0 3 0 1 0 0 0 6 0 0 1 0 0 2 0 0 0 0 0 0 0 3 0 0 20
77 11849 99 8 0 0 0 0 2 5 0 3 0 0 0 0 0 0 1 0 0 6 1 0 0 0 1 2 0 0 0 1 2 0 0 0 0 0 0 0 2 6 0 9 0 34 0 0 0 0 0 0 0 1 0 0 0 0 0 14 47 21 17 0 0 0 1 0 1 0 0 0 2 0 0 0 0 0 0 0 0 0 0 0 0 0 0 0 0 0 0 0 0 0 0 0 0 0 0 0 0 0 0 0 1 0 0 0 0 0 0 0 0 1 0 0 0 0 0 0 0 0 0 0 1 3 0 0 0 0 11 24 7 12 61 0 1 0 0 0 0 0 0 0 5 0 1 0 0 0 0 0 0 2 0 0 0 0 2 0 0 0 0 0 16 0 0 1 2 0 0 10 27 5 0 0 8 0 0 0 0 0 0 0 0 0 0 0 1 0 0 0 0 0 0 0 0 1 11 0 0 0 0 0 0 0 0 0 0 0 0 1 0 0 0 0 0 0 0 1 1 0 0 0 0 0 0 0 0 0 0 1 0 0 2 0 0 0 0 1 0 0 0 0 0 0 0 0 0 0 4
78 11360 116 8 0 0 0 0 9 149 0 2 0 0 0 0 3 0 0 0 0 126 0 2 1 1 0 15 0 0 8 1 3 0 0 0 0 0 0 0 21 68 0 111 0 440 0 1 0 0 0 0 0 5 0 0 0 1 0 119 58 47 59 0 0 0 0 1 0 0 0 1 2 0 0 0 0 0 0 0 5 0 0 0 2 0 0 0 0 0 0 0 0 0 0 0 0 0 0 0 2 0 1 0 0 0 0 0 0 0 0 1 0 3 1 0 0 0 0 0 0 0 0 0 1 1 0 0 0 0 49 87 12 55 121 0 1 2 2 0 0 0 0 0 34 1 1 0 2 0 0 0 0 2 0 0 0 0 0 0 0 0 0 0 3 1 0 6 0 0 0 7 51 31 0 0 0 0 0 0 0 0 0 0 0 0 0 0 0 0 0 0 0 0 0 0 0 0 52 0 0 0 0 0 2 0 0 0 0 0 0 1 0 0 0 5 0 0 0 2 0 0 0 0 0 0 23 6 0 0 0 0 0 0 0 0 1 0 0 10 0 0 0 0 0 0 0 1 0 0 7
79 12309 73 6 0 0 0 0 2 7 0 0 0 0 0 0 2 0 0 1 0 13 0 1 0 0 0 0 0 0 0 0 0 0 0 0 0 0 0 0 1 0 0 4 0 17 0 0 0 0 1 0 0 0 0 0 0 0 0 13 56 36 32 0 0 0 0 0 0 0 0 0 0 0 0 1 0 0 0 0 1 0 1 0 0 0 0 0 0 0 0 0 0 0 0 0 0 0 0 0 0 0 0 0 0 0 0 0 0 0 0 0 0 0 2 0 0 0 0 0 1 0 0 0 0 2 0 0 0 0 8 12 0 2 29 0 0 0 0 0 0 0 0 0 3 0 0 0 0 0 0 0 0 0 0 0 0 0 5 0 0 0 0 0 22 0 0 0 4 0 1 2 14 5 0 0 10 0 0 0 0 0 0 0 0 0 0 0 0 0 0 0 0 0 0 0 0 2 13 0 0 0 0 0 0 0 0 0 0 0 0 0 0 0 0 0 0 0 0 0 0 0 0 0 0 0 0 1 0 0 0 0 0 0 0 0 0 0 0 0 0 0 0 0 0 0 0 6 0 0 10
80 11331 117 9 0 0 0 1 3 0 0 0 0 0 0 0 1 0 0 0 0 27 0 4 0 0 0 6 0 0 0 0 2 0 0 0 0 0 0 0 4 2 0 42 1 13 0 0 0 0 0 0 1 5 0 0 0 0 0 18 31 3 32 0 0 0 0 0 0 0 0 6 1 0 0 0 0 0 0 0 3 0 0 0 0 0 0 0 0 0 0 0 0 0 0 0 0 0 0 0 1 0 0 0 0 0 0 0 0 0 0 0 0 1 0 0 0 0 0 0 0 0 0 0 0 2 0 0 2 0 10 20 3 1 22 0 2 2 0 0 0 1 0 0 0 0 0 0 1 0 0 0 0 0 0 0 0 0 0 0 0 0 0 0 2 0 0 8 2 0 0 1 7 10 0 0 3 0 0 0 0 0 0 0 0 0 0 0 0 0 0 0 0 0 0 0 0 3 4 0 0 0 0 0 0 0 0 0 0 0 0 0 0 0 0 0 0 2 0 0 1 0 0 0 0 0 0 1 0 0 0 0 0 0 0 0 0 1 0 0 2 0 0 0 0 0 0 0 0 0 2
81 11305 99 6 0 7 0 0 7 77 0 0 0 0 1 0 7 0 0 2 0 64 0 0 0 0 0 12 0 0 1 0 6 0 0 0 0 0 0 0 6 32 0 54 0 163 0 0 0 0 0 0 0 2 0 1 0 0 0 73 46 39 68 0 2 0 0 0 0 1 0 0 0 0 1 0 0 0 0 0 5 0 0 0 0 0 0 2 0 0 0 0 0 0 2 0 0 0 0 0 1 0 0 0 3 0 0 3 1 0 0 1 0 0 0 0 0 0 0 0 2 0 0 0 0 0 1 0 2 0 31 81 9 58 105 0 0 4 0 0 0 0 2 0 29 0 1 0 0 0 0 0 0 6 4 0 0 0 0 0 0 0 0 0 21 0 1 9 0 0 0 1 46 32 0 0 0 0 0 0 0 0 0 0 0 0 0 0 0 0 0 0 0 0 0 0 0 3 39 0 0 0 0 0 0 0 0 0 0 0 0 0 0 0 0 1 0 0 0 1 0 0 1 0 0 0 25 1 0 1 0 1 0 2 0 0 2 0 0 0 0 0 0 0 0 0 0 7 0 0 2
82 11482 102 16 0 2 0 0 2 5 0 3 0 0 0 0 5 0 0 0 0 15 0 3 0 0 1 3 0 0 0 2 0 0 0 0 0 0 0 0 4 8 0 19 0 141 0 0 0 0 0 0 0 10 0 0 0 0 0 23 70 16 37 0 0 0 0 0 0 1 0 4 1 0 0 0 0 0 0 0 0 0 0 0 0 0 0 1 0 0 1 0 0 0 0 0 0 0 0 0 0 0 1 0 0 0 0 0 0 0 0 1 0 1 0 0 0 0 0 0 1 0 0 0 0 1 0 0 1 0 32 15 9 13 62 0 0 1 0 0 0 0 0 0 3 0 1 0 0 0 0 1 0 1 0 0 0 0 0 0 0 0 0 0 29 0 0 2 2 0 3 5 30 16 0 0 10 0 0 0 0 0 0 0 0 0 0 0 0 0 0 0 0 0 0 0 0 2 36 0 0 0 0 0 0 0 0 0 0 0 0 0 0 0 0 0 0 0 0 0 1 0 0 0 0 0 0 0 0 0 0 2 0 0 0 0 4 0 0 1 0 0 0 0 0 0 0 32 0 0 9
83 10873 63 0 0 0 0 0 1 18 0 1 0 0 0 0 0 0 0 0 0 16 0 2 0 1 0 2 0 0 0 0 4 0 0 0 0 0 0 2 3 6 0 11 0 13 0 0 0 0 0 0 0 0 0 0 0 1 0 14 30 18 27 0 0 0 0 0 0 0 0 5 0 0 0 0 0 0 0 0 1 0 1 0 0 0 0 0 0 0 0 0 0 0 0 0 0 0 0 0 0 0 0 0 0 0 0 0 0 1 0 0 0 0 0 0 0 0 0 0 0 0 0 0 0 0 0 0 0 0 18 9 3 1 23 0 0 0 0 0 0 0 0 0 2 0 4 0 0 0 0 0 0 0 0 0 0 0 1 0 0 0 0 0 8 0 0 2 1 0 0 0 13 8 0 0 1 0 0 0 0 0 0 0 0 0 0 0 0 0 0 0 0 0 0 0 0 2 19 0 0 0 0 0 0 0 0 0 0 0 0 0 0 0 0 0 0 0 0 0 0 0 0 0 0 0 0 0 0 0 0 0 0 0 0 0 0 0 0 0 0 0 0 0 0 0 0 2 0 0 0
84 12086 101 5 0 0 0 0 5 2 0 0 0 0 0 0 1 0 0 1 0 13 0 2 5 0 0 4 0 0 0 0 0 0 0 0 0 0 0 0 6 6 0 21 0 12 0 0 0 0 0 0 0 0 0 0 0 1 0 11 28 16 28 0 0 0 0 0 0 1 0 0 0 0 0 0 0 0 0 0 2 0 0 0 0 0 0 2 0 0 0 0 0 0 0 0 0 0 0 0 0 0 0 0 0 0 0 0 0 1 0 1 0 0 0 0 0 0 0 0 1 0 0 0 1 5 0 0 0 0 16 34 3 0 33 0 1 0 0 0 0 0 0 0 2 0 1 0 0 0 0 0 0 1 1 0 0 0 0 0 0 0 0 0 5 0 0 1 1 0 1 1 6 5 0 0 0 0 0 0 0 0 0 0 0 0 0 0 0 0 0 0 0 0 0 0 0 1 6 0 0 0 0 0 0 0 0 0 0 0 0 0 0 0 0 0 0 0 0 0 0 0 0 0 0 0 1 0 0 0 0 0 0 0 0 0 0 0 1 0 0 0 0 0 0 0 1 1 0 0 6
85 11980 102 2 0 0 0 0 2 4 0 0 1 0 0 0 0 1 0 0 0 17 0 3 0 0 0 4 0 0 0 0 2 0 0 0 0 0 0 0 6 13 0 13 0 31 0 0 0 0 0 0 0 0 0 0 0 0 0 22 27 22 31 0 0 0 0 0 0 1 0 1 1 0 0 0 0 0 0 0 6 0 3 0 0 0 0 0 0 0 0 0 0 0 1 0 0 0 0 0 1 0 0 0 0 0 0 0 0 0 1 0 0 0 0 0 0 0 0 0 0 0 0 0 0 0 0 0 3 0 14 21 5 1 18 0 1 0 0 0 0 0 0 0 4 0 1 0 1 0 0 0 0 0 0 0 0 0 0 0 0 0 0 0 4 0 0 2 1 0 5 3 15 4 0 0 1 0 0 0 0 0 0 0 0 0 0 0 0 0 0 0 0 0 0 0 0 1 5 0 0 0 0 0 0 0 0 0 0 0 0 0 0 0 1 0 0 0 0 1 0 0 0 0 0 0 0 3 0 0 0 0 0 3 0 0 0 0 1 0 0 0 0 0 0 0 0 0 0 0 8
86 12454 89 3 0 0 0 0 0 1 0 0 0 0 0 0 2 0 0 0 0 7 0 0 3 0 0 2 0 0 0 0 0 0 0 0 0 0 0 0 9 0 0 14 0 11 0 0 0 0 0 0 0 0 0 1 0 0 0 5 37 14 18 0 0 0 0 0 0 0 0 0 0 0 0 0 0 0 0 0 0 0 0 0 0 0 0 0 0 0 0 0 0 0 0 0 0 0 0 0 0 0 1 1 0 0 0 0 0 0 0 0 0 0 0 0 0 0 0 0 0 0 0 0 0 0 0 0 0 0 16 17 3 1 16 0 0 0 0 0 0 0 1 0 1 0 0 0 0 0 0 0 0 0 3 0 0 0 0 0 0 0 0 0 0 0 0 0 0 0 0 4 13 6 0 0 4 0 0 0 0 0 0 0 0 0 0 0 0 0 0 0 0 0 0 0 0 1 1 0 0 0 0 0 0 0 0 0 0 0 0 0 0 0 1 0 0 0 0 0 0 0 0 0 0 0 0 0 0 1 0 0 0 1 0 0 0 0 0 0 0 0 0 0 0 0 0 0 0 0 1
87 12308 54 1 0 1 0 0 1 1 0 0 0 0 0 0 1 1 0 2 0 9 0 1 6 0 0 5 0 0 0 2 0 0 0 0 0 0 0 1 0 0 0 14 0 23 0 0 0 0 0 0 0 0 0 0 0 0 0 11 26 22 24 0 0 0 0 0 0 0 0 4 0 0 0 0 0 0 0 0 0 0 0 0 0 0 0 0 0 0 0 0 0 0 0 0 0 0 0 0 0 0 0 0 0 0 0 1 0 0 1 0 0 0 0 0 0 0 0 0 1 0 0 0 0 0 0 0 0 0 14 11 18 8 31 0 1 0 0 0 0 0 0 0 0 1 0 0 0 0 0 0 0 0 0 0 0 0 0 0 0 0 0 0 3 0 0 2 0 0 0 1 23 4 0 0 1 0 0 0 0 0 0 0 0 0 0 0 0 0 0 0 0 0 0 0 0 1 7 0 0 0 0 0 0 0 0 0 0 0 0 0 0 0 0 0 4 0 0 0 0 0 0 0 0 0 0 0 0 0 0 0 0 1 0 0 0 0 0 0 0 0 0 0 0 0 0 1 0 0 0
88 13930 96 25 0 2 0 1 11 36 0 0 0 0 0 0 10 0 0 4 0 40 0 0 0 0 0 19 0 0 0 0 1 0 0 0 0 0 0 2 17 12 0 49 0 130 0 0 0 0 0 0 0 1 0 0 0 0 0 46 58 25 45 0 0 0 0 0 0 0 0 3 0 0 0 0 0 0 0 0 7 0 0 0 0 0 0 0 0 0 0 0 0 0 0 0 0 0 0 0 0 0 0 0 0 0 0 0 0 0 0 0 0 2 0 0 0 0 0 0 2 0 0 0 1 3 0 0 0 0 23 40 5 52 36 0 0 2 4 0 0 0 0 0 12 0 3 0 0 0 0 0 0 1 0 0 0 0 1 0 0 0 0 0 6 0 0 6 0 0 0 5 28 16 0 0 0 0 0 0 0 0 0 1 0 0 0 0 2 0 0 0 0 0 0 0 0 2 7 0 0 0 0 1 0 0 0 0 0 0 0 1 0 0 1 4 1 0 0 2 0 0 0 0 0 0 0 0 0 0 0 1 0 0 0 0 1 2 0 0 0 0 0 0 0 0 0 5 0 0 3
89 11604 56 1 0 0 0 0 0 8 0 1 0 0 0 0 1 0 0 0 0 6 0 0 0 0 0 6 0 0 0 0 1 0 0 0 0 0 0 0 2 4 0 19 0 4 0 0 0 0 0 0 0 0 0 0 0 1 0 8 12 10 33 0 0 0 0 0 0 0 0 0 0 0 0 0 0 0 0 0 1 0 0 0 0 0 0 0 0 0 0 0 0 0 0 0 0 0 0 0 0 0 1 0 0 0 0 0 0 0 0 0 0 0 0 0 0 0 0 0 0 0 0 0 0 1 0 1 0 0 12 29 3 3 29 0 0 1 0 0 0 0 0 0 0 0 0 0 0 0 0 0 0 0 0 0 0 0 0 0 0 0 0 0 3 0 0 1 0 0 0 3 13 5 0 0 0 0 0 0 0 0 0 0 0 0 0 0 0 0 0 0 0 0 0 0 0 2 3 0 0 0 0 0 0 0 0 0 0 0 0 0 0 0 1 0 1 0 0 1 0 0 0 0 0 0 0 0 0 0 0 2 0 1 0 0 0 0 0 0 0 0 0 0 0 0 0 0 0 0 0
90 11528 128 13 0 0 2 0 7 0 0 3 0 0 0 0 6 0 0 0 0 12 0 0 4 0 0 8 0 0 0 0 0 0 0 0 0 0 0 0 12 5 0 31 0 32 0 0 0 0 0 0 0 3 0 0 0 0 0 22 20 7 40 0 0 0 0 0 0 0 0 8 0 0 0 0 0 0 0 0 14 0 0 0 0 0 0 0 0 0 0 0 0 0 0 2 0 0 0 0 0 0 0 0 0 0 0 0 0 0 0 0 0 0 0 0 0 0 0 0 0 0 0 0 0 0 0 0 0 0 11 26 6 12 39 0 2 1 2 0 0 0 0 0 6 0 0 0 3 0 0 0 0 1 0 0 0 0 0 0 0 0 0 0 4 0 0 0 0 0 5 0 13 7 0 0 4 0 1 0 0 0 0 0 0 0 0 0 1 0 0 0 0 0 0 0 0 2 3 0 0 0 0 0 0 0 0 0 0 0 0 0 1 0 0 0 0 1 0 1 0 0 0 0 0 0 0 0 0 0 0 0 0 0 0 0 0 0 0 0 2 0 0 0 0 0 0 2 0 0 2
91 11591 60 3 0 0 0 0 5 1 0 0 0 0 0 0 0 0 0 0 0 7 0 0 0 0 0 0 0 0 0 0 2 0 0 0 0 0 0 0 0 2 0 8 0 9 0 0 0 0 0 0 0 1 0 0 0 0 0 8 37 19 14 0 0 0 0 1 0 0 0 1 0 0 0 0 0 0 0 0 0 0 0 0 0 0 0 0 0 0 0 0 0 0 0 0 0 0 0 0 1 0 0 0 1 0 0 0 0 0 0 0 0 0 0 0 0 0 0 0 0 0 0 0 0 0 0 0 0 0 13 0 3 2 19 0 0 1 0 0 0 0 2 0 0 0 0 0 0 0 0 0 0 0 0 0 0 0 0 0 0 0 0 0 2 0 0 1 0 0 0 0 19 4 0 0 0 0 0 0 0 0 0 0 0 0 0 0 0 0 0 0 0 0 0 0 0 2 1 0 0 0 0 0 0 0 0 0 0 0 0 0 0 0 0 0 0 0 0 0 0 0 0 0 0 0 0 2 0 0 0 1 0 0 0 0 0 0 0 0 0 0 0 0 0 0 0 6 0 0 0
92 12314 92 3 0 0 1 0 4 2 0 1 0 0 2 0 0 0 0 0 0 6 0 1 0 0 0 3 0 0 0 0 1 0 1 0 1 0 0 0 4 3 0 16 0 13 0 0 0 0 0 0 0 1 0 0 0 1 0 9 31 8 16 0 0 0 0 0 0 1 0 3 0 0 0 0 0 0 0 0 0 0 0 0 0 0 0 0 0 0 0 0 0 0 0 0 0 0 0 0 2 0 0 0 1 0 0 1 0 0 4 0 0 0 2 0 0 0 0 0 1 0 0 0 0 4 0 0 0 0 14 15 4 4 39 0 0 1 0 0 0 0 0 0 7 0 1 0 2 0 1 0 0 0 2 0 0 0 0 0 0 0 0 0 0 0 0 9 0 0 0 1 13 5 0 0 1 0 0 0 0 0 0 0 0 0 0 0 0 0 0 0 0 0 0 0 0 3 3 0 0 0 0 0 0 0 0 0 0 0 0 0 0 0 0 0 0 0 0 0 0 0 0 0 0 0 0 0 0 0 0 0 0 0 0 0 0 0 0 0 0 0 0 0 0 0 0 0 0 0 3
93 12658 182 1 0 0 0 1 5 2 1 1 0 0 0 0 2 0 0 0 0 21 0 2 4 0 0 5 0 0 0 0 1 0 0 0 0 0 0 0 5 11 0 22 0 20 0 1 0 0 0 0 1 5 0 0 0 0 0 23 38 26 45 0 0 1 0 0 0 0 0 1 0 0 0 0 0 0 1 0 6 0 0 0 0 0 0 0 0 0 0 0 0 0 1 0 0 0 0 0 0 0 0 0 2 0 0 0 1 0 0 0 0 0 0 0 0 0 0 0 1 0 0 0 0 2 0 0 0 0 16 15 8 5 42 1 0 0 0 0 0 0 0 0 1 0 4 0 2 0 0 0 0 0 2 0 0 0 0 0 1 0 0 0 4 0 3 1 0 0 0 3 21 5 0 0 2 0 0 0 0 0 0 0 0 0 0 0 0 0 0 0 0 0 0 0 0 1 7 0 0 0 0 2 0 0 2 0 0 0 0 0 0 0 1 0 0 1 0 0 0 0 0 0 0 0 1 1 0 0 0 0 0 0 0 0 0 0 0 0 0 0 0 0 0 0 0 1 0 0 0
94 10821 61 5 0 0 0 0 1 1 0 0 0 0 0 0 1 0 0 1 0 8 0 1 0 0 0 4 0 0 0 0 0 0 0 0 0 0 0 0 1 6 1 15 0 16 0 0 0 0 0 0 0 0 0 0 0 0 0 5 27 9 13 0 0 0 0 0 0 0 0 4 0 0 0 0 0 0 0 0 1 0 0 0 0 0 0 0 0 0 0 0 0 0 0 0 0 0 0 0 0 0 0 0 2 0 0 0 0 0 0 0 0 0 0 0 0 0 0 0 1 0 0 0 0 1 0 0 0 0 9 8 3 3 16 0 1 0 0 0 0 0 1 0 10 0 1 0 0 0 0 0 0 0 1 0 0 0 0 0 0 0 0 0 1 0 0 1 0 0 0 0 2 6 0 0 0 0 0 0 0 0 0 0 0 0 0 0 0 0 0 0 0 0 0 0 0 1 2 0 0 0 0 0 0 0 0 0 0 0 0 0 0 0 0 0 0 0 0 1 0 0 0 0 0 0 0 3 0 0 0 0 0 0 0 0 0 0 0 0 0 0 0 0 0 0 0 2 0 0 2
95 10388 37 0 0 0 0 0 0 2 0 0 0 0 0 0 2 0 0 0 0 5 0 0 0 0 0 3 0 0 0 0 0 0 0 0 0 0 0 0 0 9 0 11 0 4 0 0 0 0 0 0 0 3 0 0 0 0 0 10 24 3 13 0 0 0 0 0 0 0 0 0 0 0 2 0 0 0 0 0 0 0 0 0 0 0 0 0 0 0 0 0 0 0 0 0 0 0 0 0 0 0 0 0 0 0 0 0 0 0 0 0 0 0 0 0 0 0 0 0 1 0 0 0 0 0 0 0 0 0 6 33 1 0 11 0 0 0 0 0 0 0 0 0 23 0 1 0 0 0 0 0 0 0 0 0 0 0 0 0 0 0 0 0 6 0 0 4 0 0 0 11 1 2 0 0 0 0 0 0 0 0 0 0 0 0 0 0 0 0 0 0 0 0 0 0 0 1 13 0 0 0 0 0 0 0 0 0 0 0 0 0 0 0 0 0 0 0 0 0 0 0 0 0 0 0 0 0 0 0 0 0 0 0 0 0 0 1 0 0 0 0 0 0 0 0 0 3 0 0 5
96 9503 35 0 0 0 0 0 0 1 0 1 0 0 0 0 4 0 0 0 0 18 0 0 0 0 0 3 0 0 0 0 0 0 0 0 0 0 0 0 2 24 0 3 0 13 0 0 0 0 0 1 0 2 0 0 0 0 1 7 21 10 19 0 0 0 0 0 0 0 0 2 0 0 0 1 0 0 0 0 0 0 0 0 0 0 0 0 0 0 0 0 0 0 0 0 0 0 0 0 0 0 0 0 0 0 0 0 0 0 0 0 0 0 0 0 0 0 0 0 5 0 0 0 0 0 0 0 0 0 7 6 7 2 23 0 0 0 0 0 0 0 0 0 1 0 0 0 0 0 0 0 0 0 0 1 0 0 0 0 0 0 0 0 2 0 0 4 0 0 0 4 12 3 0 0 0 0 0 0 0 0 0 0 0 0 0 0 0 0 0 0 0 0 0 0 0 3 2 0 0 0 0 0 0 0 0 0 0 0 0 0 0 0 0 0 0 0 0 1 0 0 0 0 0 0 0 1 0 0 0 0 0 0 0 0 0 0 0 0 0 0 1 0 0 0 0 0 0 0 3
97 10327 74 21 0 1 0 0 4 0 0 1 0 0 1 0 1 0 0 0 0 14 0 2 0 0 0 4 0 0 0 0 0 0 1 0 0 0 0 0 10 26 0 13 0 16 0 0 0 0 0 0 0 3 0 0 0 0 0 17 51 11 19 0 0 0 0 0 0 0 0 1 0 0 0 0 0 0 0 0 0 0 0 0 0 0 0 0 3 0 0 0 0 0 1 0 0 0 0 0 0 0 0 0 1 0 0 0 2 0 0 0 0 0 0 0 0 0 0 0 0 0 0 0 0 0 0 0 0 0 14 14 4 41 57 0 0 2 0 0 0 0 0 0 10 0 0 0 0 0 0 0 0 0 2 0 0 0 0 0 0 0 1 0 9 0 2 3 0 0 0 6 12 5 0 0 1 0 0 0 0 0 0 0 0 0 0 0 0 0 1 0 0 0 0 0 0 0 5 0 0 0 0 0 0 0 0 0 0 0 0 0 0 0 0 0 0 0 0 0 0 0 0 0 0 0 7 0 0 0 0 1 0 0 0 0 4 0 0 0 0 0 0 0 0 0 0 0 0 0 4
98 11133 96 3 0 0 0 0 9 0 0 0 0 0 0 0 2 0 0 0 0 10 0 0 2 0 0 3 0 0 0 0 0 0 0 0 0 0 0 0 2 4 0 24 0 9 0 0 0 0 0 0 0 0 0 0 0 0 0 5 23 6 16 0 0 0 0 3 0 0 0 4 0 0 0 0 0 0 0 0 2 0 0 0 0 0 0 3 0 0 0 0 0 0 0 0 0 0 0 0 0 0 0 0 0 0 0 0 0 0 0 0 0 0 0 0 0 0 0 0 1 0 0 0 0 0 0 3 0 0 15 46 4 14 22 0 0 2 6 0 0 0 0 0 1 0 0 0 1 0 1 0 0 0 2 0 0 0 4 0 0 0 0 0 8 0 0 3 0 0 0 7 11 2 0 0 1 0 0 0 0 0 0 0 0 0 0 0 0 0 0 0 0 0 0 0 0 1 2 0 0 0 0 0 0 0 0 0 0 0 0 0 0 0 0 0 0 0 0 2 0 0 0 0 0 0 0 2 0 0 0 0 0 0 0 0 0 0 0 0 1 0 0 0 0 0 0 1 0 0 3
99 11119 46 1 0 0 0 0 0 7 0 0 0 0 0 0 1 0 0 0 0 19 0 0 0 0 0 0 0 0 0 0 0 0 0 0 0 0 0 0 2 32 0 11 0 14 0 0 0 0 0 0 0 1 0 0 0 0 0 17 11 2 6 0 0 0 0 0 0 0 0 1 0 0 0 0 0 0 0 0 1 0 0 0 0 0 0 0 0 0 0 0 0 0 0 0 0 0 0 0 0 0 0 0 0 0 0 0 1 0 0 0 0 0 0 0 0 0 0 0 0 0 0 0 0 2 0 0 0 0 2 32 1 0 22 0 0 0 0 0 0 0 0 0 10 0 0 0 0 0 0 0 0 0 0 0 0 0 0 0 0 0 0 0 7 0 1 1 0 0 0 8 15 6 0 0 0 0 0 0 0 0 0 0 0 0 0 0 0 0 1 0 0 0 0 0 0 1 2 0 0 0 0 0 0 0 0 0 0 0 0 0 0 0 0 0 0 0 0 0 0 0 0 0 0 0 6 1 0 0 0 0 0 1 0 0 1 0 0 0 0 0 0 0 0 0 0 2 0 0 2
100 10474 43 0 0 0 0 0 1 5 0 1 0 0 0 0 0 0 0 0 0 5 0 1 0 0 0 2 0 0 0 0 1 0 1 0 0 0 0 0 0 2 0 6 0 13 0 0 0 0 0 0 0 2 0 0 0 0 0 11 23 6 9 0 0 0 0 0 0 0 0 0 0 0 0 0 0 0 0 0 1 0 0 0 0 0 0 0 0 0 0 0 0 0 0 0 0 0 0 0 0 0 0 0 0 0 0 0 0 0 0 0 0 0 0 0 0 0 0 0 0 0 0 0 0 0 0 0 0 0 7 8 3 1 9 0 0 0 0 0 0 0 0 0 14 0 0 0 0 0 0 0 0 0 0 0 0 0 0 0 0 0 0 0 0 0 10 1 0 0 0 4 1 2 0 0 1 0 0 0 0 0 0 0 0 0 0 0 0 0 0 0 0 0 0 0 0 1 8 0 0 0 0 0 0 0 0 0 0 0 0 0 0 0 0 1 0 0 0 0 0 0 0 0 0 0 0 0 0 0 0 0 0 0 0 0 0 0 0 0 0 0 0 0 0 0 0 2 0 0 2
101 10727 68 12 0 0 0 1 6 5 0 0 0 0 0 0 5 0 0 2 0 17 0 2 1 0 0 5 0 0 0 0 0 0 0 0 0 0 0 0 7 12 0 14 0 16 0 0 0 0 0 0 0 1 0 0 0 0 0 11 44 12 32 0 0 0 0 0 0 0 0 6 3 1 0 2 0 0 0 0 1 0 0 0 0 0 0 1 0 0 0 0 0 0 0 0 0 0 0 0 3 0 0 0 1 0 0 0 4 0 0 1 0 0 0 0 0 0 0 0 0 0 0 0 0 0 0 0 3 0 14 44 6 13 42 0 0 0 0 0 0 0 5 0 2 1 2 0 0 0 0 0 0 0 0 0 0 0 0 0 0 0 0 0 1 0 0 4 0 0 2 2 14 8 0 0 1 0 1 1 0 0 0 0 0 0 0 0 0 0 0 0 0 0 0 0 0 0 4 0 0 0 0 1 0 0 0 0 0 0 0 0 1 0 0 0 0 0 0 0 0 0 0 0 0 0 1 2 0 0 0 1 0 0 0 2 1 0 0 0 0 0 0 0 0 0 0 1 0 0 0
102 11724 34 8 0 0 1 0 1 7 0 0 0 0 0 0 1 0 0 0 0 30 0 0 0 0 0 2 0 0 0 0 0 0 0 0 0 0 0 0 6 33 0 18 0 75 0 1 0 0 0 0 0 6 0 0 0 0 0 25 40 18 16 0 0 0 0 0 0 0 0 3 0 0 0 0 0 0 0 0 2 0 0 0 0 0 0 0 0 0 0 0 0 0 0 0 0 0 0 0 0 0 0 0 0 0 0 0 0 0 0 0 0 0 0 0 0 0 0 0 0 0 0 0 0 0 0 0 0 0 18 10 8 7 57 0 0 0 0 0 0 0 0 0 2 0 0 0 0 0 0 0 0 0 0 0 0 0 0 0 0 0 1 0 7 0 2 1 0 0 0 2 19 0 0 0 3 0 0 0 0 0 0 0 0 0 0 0 0 0 0 0 0 0 0 0 0 0 7 0 0 0 0 0 0 0 0 0 0 0 0 0 0 0 0 0 0 0 0 0 0 0 0 0 0 0 1 1 0 0 0 0 0 0 0 0 1 0 0 0 0 0 0 0 0 0 0 0 0 0 1
103 7577 38 6 0 0 0 0 1 4 0 0 0 0 0 0 0 0 0 0 0 7 0 2 0 0 0 9 0 0 0 0 0 0 0 0 0 0 0 0 3 3 0 19 0 7 0 0 0 0 0 0 0 1 0 0 0 0 0 5 10 4 8 0 0 0 0 0 0 0 0 2 0 0 0 0 0 0 0 0 1 0 0 0 0 0 0 0 0 0 0 0 0 0 0 0 0 0 0 0 0 0 0 0 2 0 0 0 0 0 0 0 0 0 0 0 0 0 0 0 1 0 0 0 0 1 0 0 0 0 5 3 0 1 23 0 0 0 1 0 0 0 0 0 7 1 0 0 0 0 0 0 0 0 1 0 0 0 0 0 0 0 0 0 4 0 0 1 0 0 0 1 5 3 0 0 0 0 0 0 0 0 0 0 0 0 0 0 0 0 0 0 0 0 0 0 0 0 8 0 0 0 0 0 0 0 0 0 0 0 0 0 0 0 1 0 0 0 0 0 0 0 0 0 0 0 0 0 1 0 0 0 0 0 0 0 0 0 0 0 0 0 0 0 0 0 0 0 0 0 2
104 10349 87 2 0 0 0 0 1 0 0 0 0 0 0 0 0 0 0 0 0 5 0 1 3 0 0 5 0 0 0 0 0 0 0 0 0 0 0 0 4 18 0 7 0 1 0 0 0 0 0 0 1 2 0 0 0 0 0 12 29 8 30 0 0 0 0 4 0 0 0 0 0 0 1 0 0 0 0 0 0 0 0 0 0 0 0 0 1 0 0 0 0 0 0 0 0 0 0 0 1 0 0 0 0 0 0 0 0 0 0 0 0 0 0 0 0 0 0 0 0 0 0 0 0 0 0 0 0 0 9 97 33 2 41 0 0 6 0 0 0 0 0 0 24 0 0 0 0 0 0 0 0 0 9 0 0 0 0 0 0 0 0 0 17 0 1 2 0 0 2 6 2 5 0 0 0 0 0 0 0 0 0 0 0 0 0 0 0 0 0 0 0 0 0 0 0 0 19 0 0 0 1 0 0 0 0 0 0 0 0 0 0 0 0 0 0 0 0 3 0 0 0 0 0 0 0 0 0 0 0 0 0 0 0 0 0 0 1 0 0 0 0 0 0 0 0 0 0 0 1
105 11667 61 1 0 3 1 0 0 0 0 0 0 0 0 1 0 0 0 0 0 14 0 3 3 0 0 4 0 0 0 0 0 0 0 0 0 0 0 0 9 8 0 12 0 39 0 0 0 0 0 0 0 1 0 0 0 0 0 10 37 16 17 0 0 0 0 0 0 0 0 1 0 0 0 0 0 0 0 0 1 0 0 0 0 0 0 1 0 0 0 0 0 0 0 0 0 0 0 0 0 0 0 0 0 0 0 0 0 0 0 0 0 0 0 0 0 0 0 0 0 0 0 0 0 1 0 0 0 0 13 20 2 6 19 0 0 0 0 0 0 0 2 0 2 0 0 0 0 0 2 0 0 0 0 0 0 0 0 0 0 0 0 0 6 0 0 2 0 0 0 2 7 1 0 0 0 0 0 0 0 0 0 0 0 0 0 0 0 0 0 0 1 0 0 0 0 2 3 0 0 0 0 0 0 0 0 0 0 0 0 0 0 0 0 0 0 0 0 0 0 0 0 0 0 0 0 0 0 0 0 0 0 0 0 0 0 0 0 0 0 0 0 0 0 0 0 0 0 0 2
106 11651 39 0 0 0 0 0 3 0 0 0 0 0 0 0 0 0 0 0 0 18 0 2 0 0 0 6 0 0 0 0 1 0 0 0 0 0 0 1 6 18 0 10 0 56 0 0 0 0 0 0 0 1 0 0 0 1 0 16 39 23 26 0 0 0 0 0 0 0 0 2 7 0 0 0 0 0 0 0 1 0 0 0 0 0 0 2 0 0 0 0 0 0 0 0 0 0 0 0 0 0 0 0 0 0 0 1 0 0 0 0 0 0 0 0 0 0 0 0 0 0 0 0 0 0 0 0 0 0 19 85 31 5 75 0 0 2 0 0 0 0 0 0 21 1 3 0 0 0 0 0 0 0 0 0 0 2 0 0 0 0 0 0 35 0 0 1 5 0 0 4 19 7 0 0 1 0 0 0 0 0 0 0 0 0 0 0 0 0 0 0 0 1 0 0 0 3 20 0 0 0 0 0 0 0 0 0 0 0 0 0 0 0 1 0 0 0 0 0 0 0 0 0 0 0 0 1 0 0 0 0 0 0 0 0 0 0 0 0 0 0 0 0 0 0 0 0 0 0 8
107 10440 59 9 0 0 0 0 3 12 0 0 0 0 0 0 3 0 0 0 0 9 0 1 0 0 0 6 0 0 0 0 0 0 0 0 0 0 0 0 4 49 0 9 0 68 0 0 0 0 1 0 1 1 0 0 0 0 0 9 26 14 20 0 0 0 0 0 0 0 0 0 0 0 0 0 0 0 0 0 1 0 0 0 0 0 0 0 0 0 0 0 0 0 0 0 0 0 0 0 0 0 0 0 0 0 0 1 0 0 0 1 0 0 0 0 0 0 0 0 0 0 0 0 0 0 0 1 0 0 5 70 15 5 58 0 0 0 0 0 0 0 1 0 23 0 0 0 0 0 0 0 0 0 0 0 0 0 0 0 0 0 0 0 6 0 5 4 2 0 2 0 12 5 0 0 1 0 0 0 0 0 0 0 0 0 0 0 0 0 0 0 0 0 0 0 0 0 12 0 0 0 0 0 0 0 0 0 0 0 0 0 1 0 0 0 0 0 0 2 0 0 1 0 0 0 0 0 0 0 0 0 0 0 0 0 0 0 0 0 0 0 0 0 0 0 0 0 0 0 0
108 11036 46 0 0 0 0 0 2 1 0 0 0 0 0 0 3 0 0 1 0 8 0 1 0 0 0 9 0 0 0 0 0 0 0 0 0 0 0 0 5 10 0 12 0 33 0 0 0 0 0 0 0 2 0 0 0 0 0 14 24 15 13 0 0 0 0 0 0 0 0 0 0 0 0 0 0 0 0 0 6 0 0 0 0 0 0 0 0 0 0 0 0 0 0 0 0 0 0 3 0 0 0 0 0 0 0 0 0 0 0 0 0 0 0 0 0 0 0 0 0 0 0 0 1 0 3 0 1 0 13 25 5 15 23 0 0 2 0 0 0 0 0 0 2 0 0 0 0 0 0 0 0 1 0 0 0 0 0 0 0 0 0 0 7 0 0 4 0 0 0 4 15 3 0 0 3 0 0 0 0 0 0 0 0 0 0 0 0 0 0 0 0 0 0 0 0 4 4 0 0 0 0 0 0 0 0 0 0 0 0 0 1 0 0 0 0 1 0 0 0 0 0 0 0 0 2 0 0 0 0 2 0 0 0 0 0 0 0 0 1 0 0 0 0 0 0 6 0 0 0
109 10410 63 1 0 0 0 0 1 0 0 0 0 0 0 1 3 0 0 0 0 16 0 0 0 0 0 6 0 0 0 0 0 0 0 0 0 0 0 0 7 4 0 25 0 11 0 0 0 0 0 0 0 1 0 0 0 0 0 15 16 10 14 0 0 0 0 0 0 0 0 1 0 0 0 0 0 0 0 0 0 0 0 0 0 0 0 0 0 0 0 0 0 0 0 0 0 0 0 0 1 0 0 0 0 0 0 0 0 0 0 0 0 0 1 0 0 0 0 0 0 0 0 0 0 0 0 0 0 0 7 3 10 7 14 0 1 0 0 0 0 0 0 0 5 0 5 0 1 0 0 0 0 0 0 0 0 0 0 0 0 0 0 0 6 0 0 6 0 0 0 0 5 2 0 0 0 0 0 0 0 0 0 0 0 0 0 0 0 0 0 0 0 0 0 0 0 1 6 0 0 0 0 0 0 0 0 0 0 0 0 0 0 0 0 0 0 0 0 0 0 0 0 0 0 0 0 0 0 0 0 0 0 0 0 1 0 0 0 0 0 0 0 0 0 0 0 0 0 0 3
110 15085 157 1 0 0 1 0 6 0 0 1 0 0 0 0 6 0 0 0 0 16 0 0 1 0 0 9 0 0 0 0 5 0 0 0 0 0 0 0 8 9 1 49 0 15 0 0 0 0 0 0 0 3 0 0 0 1 0 10 33 20 42 0 0 0 0 0 0 0 0 0 0 0 0 0 0 0 0 0 5 0 0 0 0 0 0 0 0 0 1 0 0 0 0 0 0 0 0 0 0 0 0 0 3 0 0 0 0 0 0 1 0 0 0 0 0 0 0 0 1 0 0 0 0 0 0 1 0 0 22 42 11 15 90 0 0 1 0 0 0 1 0 0 19 1 1 0 2 0 0 0 0 1 0 0 0 0 0 0 0 0 0 0 15 0 0 7 0 0 0 2 15 12 0 0 1 0 0 0 0 0 0 0 0 0 0 0 0 0 0 0 0 0 0 0 0 2 7 0 0 0 0 0 0 0 0 0 0 0 0 0 0 0 1 0 0 0 0 0 0 0 0 0 0 0 0 3 0 0 0 0 0 3 0 0 0 1 0 0 0 0 0 0 0 0 0 0 0 0 2
111 14380 89 6 0 0 0 0 6 5 0 0 0 0 0 0 1 2 0 5 0 24 0 1 0 1 0 3 0 0 0 0 1 0 0 0 0 0 0 0 11 11 0 24 0 66 0 0 0 0 0 0 0 1 0 0 0 0 0 22 70 43 55 0 0 0 0 0 0 2 0 0 0 0 0 0 0 0 0 0 6 0 0 0 0 0 0 0 0 0 0 0 1 0 1 0 0 0 0 0 3 0 0 0 1 0 0 0 1 0 0 3 0 13 0 0 0 0 0 0 0 0 0 1 0 2 0 0 0 0 36 95 26 19 83 0 1 0 1 0 0 0 0 0 13 0 0 0 2 0 0 0 0 2 1 0 0 0 0 0 0 0 0 0 10 0 0 4 1 0 2 10 21 15 0 0 1 0 0 0 0 0 0 0 0 0 0 0 0 0 0 0 0 0 0 0 0 0 3 0 0 0 0 0 0 0 0 0 0 0 0 0 0 0 0 0 0 0 0 0 0 0 0 0 0 0 0 0 0 0 0 0 0 1 0 0 0 0 0 0 2 0 0 0 0 0 0 2 0 0 4
112 14197 163 13 0 0 1 0 2 8 0 0 0 0 0 0 9 1 0 0 0 42 0 1 3 1 0 10 0 0 0 2 4 0 0 0 0 0 0 0 5 40 1 26 0 162 0 0 0 0 0 0 0 13 0 0 0 0 0 29 72 59 29 0 0 0 0 0 0 3 0 1 0 0 0 0 0 0 0 0 5 0 0 0 0 0 0 2 0 1 0 0 1 0 0 0 0 0 0 0 2 1 0 0 0 0 0 1 0 0 0 1 0 0 0 0 0 0 0 0 2 0 0 0 0 2 1 0 2 0 27 139 22 398 210 0 0 0 0 0 0 0 0 0 8 3 1 0 3 0 1 1 0 1 0 0 0 0 0 0 0 0 2 0 13 0 0 3 0 0 17 7 33 23 0 0 3 0 2 0 0 0 0 0 0 0 0 0 0 0 0 2 0 0 0 0 0 2 17 0 0 0 0 0 0 0 0 0 0 0 0 0 1 0 1 0 1 0 0 0 0 0 0 0 0 0 1 5 0 2 0 1 0 0 0 0 0 0 0 0 0 0 0 0 0 0 0 2 0 0 9
113 14191 110 8 0 0 0 0 5 6 0 1 0 0 0 0 6 0 0 1 0 36 0 6 1 0 0 5 0 0 0 0 0 0 0 0 0 0 0 2 14 28 0 42 0 46 0 0 0 0 0 0 0 0 0 0 0 0 0 16 31 22 39 0 0 0 0 0 0 0 0 1 2 0 0 2 0 0 0 0 2 0 0 0 0 0 0 1 0 0 0 0 0 0 0 0 0 0 0 0 3 0 0 0 0 0 0 1 0 0 0 0 0 0 0 0 0 0 0 0 2 0 0 0 1 2 0 1 0 0 20 34 1 12 53 0 0 0 0 0 0 0 0 0 17 0 0 0 3 0 0 3 0 0 0 0 0 0 0 0 0 0 0 0 14 0 0 7 0 0 0 4 17 6 0 0 3 0 0 1 0 0 0 0 0 0 0 0 0 0 0 0 0 0 0 0 0 1 4 0 0 0 0 0 0 0 0 0 0 0 0 0 0 0 4 0 0 0 0 2 0 0 0 0 0 0 0 2 0 4 0 0 0 0 0 0 0 0 0 0 0 0 0 0 0 0 0 0 1 0 3
114 13899 85 3 0 1 0 0 2 1 0 3 0 0 0 0 7 0 0 1 0 16 0 3 3 0 1 3 0 0 0 0 6 0 0 1 0 0 0 0 6 16 0 24 0 6 0 1 0 0 0 0 0 0 0 0 0 1 0 19 25 4 40 0 0 0 0 0 0 0 0 0 0 0 0 0 0 0 1 0 4 0 0 0 0 0 0 3 0 0 0 0 0 0 0 0 0 0 0 0 1 0 0 0 0 0 0 0 0 0 0 1 0 0 0 0 0 0 0 0 1 0 0 0 0 1 1 0 1 0 12 41 5 11 52 0 0 0 0 0 0 0 1 0 10 0 1 0 1 0 0 0 0 0 1 0 0 0 0 0 0 0 0 0 7 0 0 1 1 0 0 2 33 5 0 0 2 0 0 0 0 0 0 0 0 0 0 0 0 0 0 0 0 0 0 0 0 0 20 0 0 0 0 0 0 0 0 0 0 0 0 0 0 0 1 1 0 0 0 2 0 0 0 0 0 0 0 8 0 0 0 0 0 0 0 0 0 0 0 0 0 0 0 0 0 0 0 0 0 0 2
115 13874 135 3 0 1 0 0 1 0 0 0 0 0 0 0 5 1 0 1 0 24 0 2 1 0 0 6 0 0 0 0 0 0 0 0 0 0 0 1 4 5 0 45 0 20 0 0 0 0 0 0 0 2 0 0 0 0 0 16 44 33 48 0 0 0 0 0 0 0 0 0 1 0 0 1 0 0 0 0 1 0 0 0 0 0 0 3 0 2 0 0 0 0 0 0 0 0 0 0 1 0 1 0 0 0 0 2 0 1 0 4 0 0 1 0 1 0 0 0 0 0 0 0 0 0 1 0 0 0 18 128 6 28 137 1 1 0 0 0 0 0 0 0 13 3 5 0 3 0 4 0 0 0 0 0 0 0 1 0 0 0 0 0 3 0 0 5 0 0 3 3 8 5 0 0 8 0 0 0 0 0 0 0 0 0 0 0 0 0 0 0 0 0 0 0 0 0 6 0 5 0 0 0 0 0 0 0 0 0 0 0 0 0 0 0 0 0 0 0 0 0 0 0 0 0 0 1 0 0 1 0 0 2 0 0 0 0 0 0 0 0 0 0 0 0 3 1 0 0 11
116 13472 96 3 0 0 0 0 1 4 0 0 0 0 2 0 4 0 0 2 0 10 1 2 1 0 0 6 0 0 0 0 0 0 0 0 0 0 0 0 11 2 0 13 0 18 0 0 0 0 0 0 0 3 0 0 0 1 0 15 23 16 30 0 0 0 0 0 0 0 0 1 0 0 0 0 1 0 0 0 0 0 0 0 0 0 0 0 0 0 0 0 0 0 0 0 0 0 0 0 0 0 0 0 0 0 0 0 1 0 0 0 0 0 0 0 0 0 0 0 0 0 0 0 0 1 0 0 1 0 16 30 0 0 41 0 0 0 0 0 0 0 0 0 5 0 0 0 0 0 0 0 0 0 0 0 0 0 0 0 0 0 0 0 11 0 0 6 0 0 0 3 9 4 0 0 6 0 0 0 0 0 0 0 0 0 0 0 0 0 0 0 0 0 0 0 0 1 6 0 0 0 0 0 0 0 0 0 0 0 0 0 0 0 0 0 0 0 0 1 0 0 0 0 0 0 0 1 0 0 0 0 0 0 0 0 0 0 0 0 0 0 0 0 0 0 0 1 0 0 0
117 13504 93 5 0 0 0 0 7 1 0 0 0 0 0 0 1 0 0 2 0 8 0 7 0 1 1 4 0 0 0 0 0 0 0 0 0 0 0 0 9 2 0 23 0 3 0 0 0 0 0 0 0 1 0 0 0 0 0 13 28 4 55 0 0 0 0 0 0 0 0 1 1 0 0 0 0 0 0 0 2 0 0 0 0 0 0 0 0 0 0 0 2 0 0 0 0 0 0 0 1 0 0 0 0 0 0 0 0 0 0 1 0 0 0 0 0 0 0 0 0 0 0 0 0 0 0 0 1 0 16 44 2 3 55 0 0 0 0 0 0 0 0 0 9 0 2 0 0 0 0 0 0 0 1 1 0 0 0 0 0 0 2 0 16 0 0 10 0 0 0 1 8 5 0 0 2 0 0 0 0 0 0 0 0 0 0 0 0 0 0 0 0 0 0 0 0 6 9 0 0 0 0 0 0 0 0 0 0 0 0 0 0 0 0 0 1 1 0 0 1 0 0 0 0 0 0 3 0 0 0 1 0 0 0 0 0 0 0 0 0 0 0 0 1 0 0 0 0 5 5
118 12748 110 0 0 0 0 0 11 0 0 0 0 0 0 0 3 0 0 0 0 26 0 2 8 1 1 9 0 0 0 0 1 0 1 0 0 0 0 0 20 5 0 58 0 12 0 0 0 0 0 0 0 1 0 0 0 0 0 31 16 18 48 0 0 0 0 0 0 0 0 0 0 0 0 1 0 0 0 0 1 0 0 0 0 0 0 5 0 0 0 0 2 0 0 0 0 0 0 0 0 0 0 0 0 0 0 0 0 0 0 0 0 1 0 0 0 0 0 0 0 0 0 0 1 1 1 0 0 0 16 84 35 3 35 0 0 1 5 0 1 0 0 0 2 0 0 0 0 0 1 0 0 2 0 0 0 0 0 1 0 0 0 0 8 0 0 5 0 0 2 5 16 6 0 0 1 0 0 1 0 0 0 0 0 0 0 0 0 0 0 0 0 0 0 0 0 2 10 0 5 0 0 0 0 0 0 0 0 0 0 0 0 0 0 0 0 0 0 0 0 0 0 0 0 0 0 5 0 0 0 0 0 5 0 0 0 0 0 0 1 0 0 0 0 0 0 0 0 0 0
119 12625 154 3 0 0 0 0 10 0 0 0 0 0 0 0 12 0 0 0 0 21 0 10 2 0 0 8 0 0 0 0 1 0 0 0 0 0 0 0 24 8 0 70 0 24 0 0 0 0 0 0 0 5 1 0 0 1 0 40 33 22 41 0 0 0 0 0 0 0 0 0 0 0 0 4 0 0 0 0 1 0 0 0 0 0 0 1 0 0 0 0 0 0 1 0 0 0 0 0 1 0 0 0 0 0 0 0 0 0 0 0 0 0 1 0 0 0 0 0 4 0 0 0 5 1 0 0 1 0 23 44 4 16 43 0 0 0 0 0 0 1 0 0 18 2 0 0 2 0 1 0 0 0 1 0 0 1 0 0 0 0 0 0 0 2 0 4 0 0 0 0 8 7 0 0 2 0 0 0 0 0 0 0 0 0 0 0 0 0 0 1 0 1 0 0 0 0 10 0 0 0 0 0 0 0 0 0 0 0 0 0 0 0 0 1 0 0 0 10 0 0 0 0 0 0 3 0 0 0 0 0 0 7 0 0 0 0 0 0 1 0 0 0 0 0 0 0 0 0 0
120 13992 108 1 0 0 0 0 4 2 0 0 0 0 0 0 0 0 0 0 0 15 0 2 2 0 0 2 0 0 0 0 0 0 0 0 0 0 0 0 8 11 0 32 0 33 0 0 0 0 0 0 0 0 0 0 0 0 0 19 47 22 46 0 0 0 0 0 0 1 0 4 0 0 0 0 0 0 0 0 2 0 0 0 0 0 0 0 0 0 0 0 0 0 0 1 0 0 0 0 4 0 0 0 1 0 0 1 0 0 0 0 0 0 0 0 0 0 0 0 0 0 0 0 0 2 0 0 0 0 19 59 1 20 89 0 1 0 2 0 0 0 0 0 16 0 7 0 0 0 0 0 0 0 0 0 0 0 0 0 0 0 0 0 0 0 0 12 0 0 7 2 17 7 0 0 2 0 0 0 0 0 0 0 0 0 0 0 0 0 0 0 0 0 0 0 0 4 8 0 0 0 0 0 0 0 0 0 0 0 0 0 0 0 0 0 0 0 0 0 0 0 0 0 0 0 0 1 0 0 0 0 0 0 0 0 0 0 0 0 1 0 0 0 0 0 0 1 1 0 1
121 14806 125 3 0 0 0 0 9 2 0 1 0 0 0 0 2 0 0 0 0 22 0 2 0 0 0 5 0 0 0 0 0 0 0 0 0 0 0 0 15 19 0 16 0 62 0 0 0 0 0 0 0 4 0 0 0 1 0 23 73 28 34 0 0 0 0 1 0 0 0 4 0 0 0 0 0 0 0 0 1 0 0 0 0 0 0 3 0 0 0 0 0 0 0 0 0 0 0 0 0 0 0 0 0 0 0 1 0 0 0 5 0 2 0 0 0 0 0 0 2 0 0 0 0 0 0 1 0 0 10 46 3 22 86 0 2 6 2 0 0 0 6 0 13 0 5 0 1 0 0 1 0 0 0 0 0 0 0 0 0 0 0 0 14 0 0 4 1 0 0 13 22 15 0 0 12 0 0 0 0 0 0 0 0 0 0 0 2 0 0 0 0 0 0 0 0 2 8 0 0 0 0 0 0 0 0 0 0 0 0 0 1 0 0 0 0 0 0 1 0 0 0 0 0 0 0 0 0 0 0 0 0 0 0 0 0 1 0 0 1 0 0 0 0 0 0 2 0 0 0
122 13512 111 2 0 0 1 1 2 0 0 0 0 0 0 0 1 0 0 0 0 18 0 1 2 0 0 3 0 0 0 1 1 0 0 0 0 0 0 0 8 4 0 25 0 14 1 0 0 0 0 0 0 0 0 0 0 1 0 13 26 16 24 0 0 0 0 0 0 0 0 0 0 0 0 0 0 0 0 0 1 0 0 0 0 0 0 1 0 0 0 0 1 0 0 0 0 0 0 0 0 0 0 0 0 0 0 0 0 0 0 0 0 0 0 0 0 0 0 0 0 0 0 0 0 0 0 0 0 0 18 10 0 19 80 0 0 0 0 0 0 0 1 0 1 0 0 0 1 0 0 0 0 0 0 0 0 0 0 0 0 0 0 0 9 0 0 6 0 0 4 3 20 2 0 0 0 0 0 0 0 0 0 0 0 0 0 0 0 0 2 0 0 0 0 0 0 1 6 0 4 0 0 0 0 0 0 0 0 0 0 0 0 0 0 0 1 0 0 0 0 0 0 0 0 0 0 3 0 0 0 0 0 1 0 0 0 0 0 0 3 0 0 0 0 0 0 0 0 0 2
123 13937 168 3 0 2 0 0 8 2 0 1 0 0 0 0 3 0 0 0 0 57 0 1 10 0 0 10 0 0 1 0 1 0 0 0 0 0 0 0 14 22 0 61 0 59 0 1 0 0 0 0 0 1 0 0 0 0 0 22 62 56 57 0 0 0 0 0 0 0 0 0 0 0 0 0 0 0 0 0 6 0 0 0 0 0 0 2 0 0 0 0 2 0 0 0 0 0 0 0 2 0 0 0 0 0 0 0 0 0 0 3 0 0 0 0 0 0 0 0 2 0 0 0 0 0 0 1 1 0 36 25 6 42 57 1 0 0 0 0 0 0 0 0 2 1 4 0 3 0 0 0 0 2 1 0 0 0 1 0 0 0 0 0 17 0 3 3 0 0 2 7 26 13 0 0 0 0 0 0 0 0 0 0 0 0 0 0 0 0 0 0 0 0 0 0 0 2 5 0 0 0 0 1 0 0 0 0 1 0 0 0 0 0 1 0 1 3 0 6 0 0 0 0 0 0 0 3 0 0 0 0 0 0 0 0 0 1 0 0 0 0 0 0 0 0 0 2 0 0 3
124 13397 147 2 0 0 0 0 7 1 0 1 0 0 0 0 6 1 0 0 0 24 0 4 0 0 0 5 0 0 0 0 0 0 0 0 2 0 0 0 16 22 0 40 0 40 0 0 0 0 0 0 0 3 1 0 0 0 0 30 28 38 62 0 0 0 0 0 0 1 0 0 0 0 0 0 0 0 0 0 5 0 0 0 0 0 0 2 0 1 2 0 1 0 1 0 0 0 0 0 3 0 0 0 0 0 0 0 0 1 0 1 0 0 0 0 0 0 0 0 1 0 0 0 0 0 0 0 2 0 17 104 19 25 92 0 1 0 0 0 0 1 0 0 9 0 2 0 1 0 0 0 0 2 4 0 0 0 0 0 0 0 0 0 14 0 0 1 0 0 0 3 15 7 0 0 0 0 0 0 0 0 0 0 0 0 0 0 0 0 0 0 0 0 0 0 0 0 2 0 1 0 0 0 0 0 0 0 0 0 0 0 0 0 0 2 0 1 0 2 0 0 1 0 0 0 1 3 0 0 0 0 0 0 0 0 0 0 0 0 0 0 0 0 0 0 0 1 0 0 3
125 12547 92 2 0 0 0 0 12 0 0 0 0 0 1 0 3 0 0 0 0 16 0 1 0 2 0 2 0 0 0 0 6 0 0 0 0 0 0 0 6 1 0 23 0 12 0 0 0 0 0 0 0 2 0 0 0 0 0 16 20 11 47 0 0 0 1 0 0 0 0 3 0 0 0 0 0 0 0 0 4 0 0 0 0 0 0 1 0 0 0 0 0 0 0 0 0 0 0 0 2 0 0 0 0 0 0 0 0 0 0 0 0 0 0 0 0 0 0 0 2 0 0 0 0 1 2 0 0 0 15 28 26 1 50 0 0 0 0 0 0 0 1 0 1 1 5 0 1 0 0 0 0 0 0 4 0 0 0 0 0 0 0 0 1 0 0 7 0 0 0 6 3 1 0 0 9 0 0 0 0 0 0 0 0 0 0 0 0 0 0 0 0 0 0 0 0 0 2 0 0 0 0 0 0 0 0 2 0 0 0 0 0 0 0 0 0 0 0 0 0 0 0 0 0 0 0 2 1 0 0 0 0 0 0 0 0 0 0 0 0 0 0 0 0 0 0 0 0 0 2
126 13753 122 2 0 0 0 0 7 1 0 0 0 0 0 0 2 0 0 1 0 18 0 6 1 0 0 3 0 0 1 0 0 0 0 0 0 0 0 0 2 20 0 12 0 35 0 0 0 0 0 0 0 0 0 0 0 0 0 24 36 33 54 0 0 0 0 0 0 0 0 0 0 0 0 0 0 0 0 0 2 0 0 0 0 0 0 0 0 0 0 0 0 0 0 0 0 0 0 0 0 0 0 0 0 0 0 0 0 0 0 0 0 1 0 0 0 0 0 0 0 0 0 0 1 0 0 1 2 0 9 87 4 70 74 0 0 0 0 0 0 0 0 2 18 0 1 0 0 0 0 0 0 3 1 0 0 0 0 0 0 0 0 0 10 0 0 2 0 0 0 10 15 9 0 0 1 0 0 0 0 0 0 0 0 0 0 0 0 0 0 0 0 0 0 0 0 1 11 0 0 0 0 0 0 0 0 0 0 0 0 0 0 0 0 0 1 0 0 0 0 0 0 0 0 0 1 5 0 0 0 8 0 1 0 0 0 0 0 0 0 0 0 0 0 0 0 1 0 0 3
127 13478 149 9 0 0 0 0 4 4 0 0 0 0 1 0 4 0 0 0 0 19 5 9 1 0 1 6 0 0 0 0 1 0 0 0 0 0 0 0 6 14 1 19 0 55 0 0 0 0 0 0 0 2 0 0 0 0 0 22 64 25 33 0 0 0 0 0 0 1 0 8 1 0 0 0 0 0 0 0 2 0 0 0 0 0 0 0 0 0 0 0 4 0 1 0 0 0 0 0 3 0 0 0 0 0 0 0 0 0 0 0 0 0 0 0 0 0 0 0 0 0 0 1 1 2 0 0 0 0 15 36 6 51 104 0 0 0 0 0 0 0 0 0 23 0 0 0 3 0 0 0 0 0 0 0 0 0 1 0 0 0 0 0 21 0 0 2 1 0 10 11 34 6 0 0 2 0 0 0 0 0 0 0 0 0 0 0 0 0 0 0 0 0 0 0 0 0 6 0 0 0 0 0 0 0 0 0 0 0 0 0 0 0 0 3 0 0 0 1 0 0 0 0 0 0 0 2 0 0 0 0 0 0 0 0 2 0 0 0 0 0 0 0 0 0 0 0 0 0 2
128 14541 102 4 0 0 0 0 3 0 0 0 0 0 0 0 3 0 0 0 0 21 0 5 1 2 0 2 0 0 0 0 0 0 0 0 0 0 0 0 10 14 0 21 0 73 0 0 0 0 0 0 0 4 0 0 0 0 0 28 101 36 43 0 0 0 0 0 0 0 0 2 0 0 0 0 0 0 0 0 5 0 0 0 0 0 0 0 0 0 0 0 2 0 0 0 0 0 0 0 2 0 0 0 0 0 0 0 0 0 0 0 0 0 0 0 0 0 0 0 0 0 0 0 0 0 0 0 0 0 32 28 11 74 69 1 0 3 0 0 0 0 0 0 17 0 2 0 0 0 0 1 0 0 0 0 0 0 0 0 0 0 0 0 7 0 12 2 1 0 7 2 25 20 0 0 8 0 0 0 0 0 0 0 0 0 0 0 0 0 0 0 0 0 0 0 0 1 18 0 0 0 0 0 0 0 0 0 0 0 0 0 7 0 0 0 0 1 0 0 0 0 0 0 0 0 6 1 0 0 0 1 0 0 0 0 0 0 0 0 0 0 0 0 0 0 0 1 0 1 3
129 15366 103 2 0 1 0 0 2 0 0 0 0 0 0 0 4 0 0 1 0 12 0 6 0 0 1 4 0 0 0 0 2 0 0 0 0 0 0 0 10 7 0 27 0 16 0 0 0 0 0 0 0 0 0 0 0 0 0 23 46 3 35 0 0 0 0 0 0 0 0 0 0 0 0 0 0 0 0 0 0 0 0 0 0 0 0 0 0 0 0 0 1 0 0 0 0 0 0 0 3 0 0 0 0 0 0 1 0 1 0 0 0 0 0 0 0 0 0 0 0 0 0 0 0 0 0 0 0 0 33 124 35 7 62 0 1 0 0 0 0 0 1 0 99 0 1 0 0 0 0 0 0 2 0 1 0 0 0 0 0 0 0 0 2 0 0 6 0 0 6 5 29 3 0 0 1 0 0 0 0 0 0 0 0 0 0 0 0 0 0 0 0 0 0 0 0 3 4 0 0 0 0 0 0 0 0 0 0 0 0 0 1 0 0 6 0 1 0 0 0 0 0 0 0 0 0 4 0 1 0 1 0 7 0 0 0 1 0 0 0 0 0 0 0 0 0 5 0 0 1
130 14409 123 0 0 1 0 0 2 3 0 0 0 0 0 0 2 1 0 0 0 18 0 4 2 1 1 2 0 0 0 0 1 0 0 0 0 0 0 0 11 7 0 27 0 29 0 0 0 0 0 0 0 1 0 0 0 1 0 22 44 26 31 0 0 0 0 0 0 0 0 3 0 0 0 0 0 0 0 0 8 0 0 0 0 0 0 4 0 0 0 0 0 0 0 1 0 0 0 0 0 0 0 0 1 0 0 0 0 0 0 1 0 0 0 0 0 0 0 0 3 0 0 0 0 0 1 0 0 0 21 31 0 15 46 0 0 0 0 0 0 0 0 0 11 0 0 0 3 0 0 0 0 6 0 0 0 0 0 0 0 0 0 0 20 0 2 2 0 0 3 3 13 11 0 0 2 0 0 0 0 0 0 0 0 0 0 0 1 0 2 0 0 0 0 0 0 1 6 0 0 0 0 0 0 0 0 0 0 0 0 0 0 0 2 0 0 0 0 1 0 0 0 0 0 0 0 1 0 0 0 0 0 1 0 0 0 0 0 0 0 0 0 0 0 0 0 0 0 0 1
131 11969 125 2 0 0 0 0 11 4 0 0 0 0 0 0 6 4 0 2 0 29 0 7 3 0 0 11 0 0 0 0 1 0 0 0 0 0 0 0 21 16 0 71 0 12 0 0 0 0 0 0 1 0 0 0 0 0 0 31 42 23 56 0 0 0 0 0 0 0 0 5 0 0 0 0 0 0 1 0 11 0 0 0 0 0 0 0 0 0 0 0 1 0 0 0 0 0 0 0 1 0 0 0 0 0 0 0 0 0 0 0 0 0 0 0 0 0 0 0 0 0 0 0 0 5 0 2 0 0 23 85 3 0 45 0 0 0 0 0 0 0 1 0 9 1 0 0 3 0 1 0 0 0 1 0 0 0 0 0 0 0 0 0 1 0 1 4 0 0 5 8 2 7 0 0 4 0 0 0 0 0 0 0 0 0 0 0 0 0 0 0 0 0 0 0 0 3 40 0 0 0 0 0 0 0 0 0 0 0 0 0 0 0 0 0 4 1 0 4 0 0 0 0 0 0 1 0 0 0 0 0 0 0 0 0 0 0 0 0 0 0 0 0 0 0 0 0 0 0 3
